#Correlation Values: Nind=150.208, Tcorr=6.657
#Simlength:1000ns, MaxBlockSize:100.0ns
0.03 0.03187304488098312
0.05 0.04490352152118685
0.08 0.05485048875144067
0.1 0.06318825984405005
0.12 0.07049393420939828
0.15 0.077058311004904
0.18 0.08305047824676944
0.2 0.08863725526837564
0.23 0.09379605975107227
0.25 0.09870763198173438
0.28 0.1033138252163539
0.3 0.1076915001843384
0.33 0.11187275866186255
0.35 0.11591382992982746
0.38 0.11970842954316668
0.4 0.12335707994113372
0.43 0.12696325977646236
0.45 0.1304493620519833
0.48 0.13371258592347784
0.5 0.1369972441268864
0.53 0.1402107293778265
0.55 0.14315642820705848
0.58 0.14600232890145495
0.6 0.14912430613518082
0.62 0.151952058466682
0.65 0.15438973857364927
0.68 0.15691271731147394
0.7 0.15982271980141333
0.73 0.1625742093679437
0.75 0.16493556600842918
0.78 0.167286016363333
0.8 0.1697927342935799
0.83 0.1721148748996635
0.85 0.17428906069540445
0.88 0.17650613897625003
0.9 0.17853983615222796
0.93 0.18133444973672028
0.95 0.1834546565392719
0.98 0.18532369470109616
1.0 0.18681469054066902
1.03 0.1889484224995598
1.05 0.19176721121989931
1.07 0.1933605905436816
1.1 0.19509735960364982
1.12 0.19714868742320082
1.15 0.1988406249613614
1.18 0.20062131958966817
1.2 0.20265534697914822
1.23 0.20477090898301709
1.25 0.20649133661262212
1.28 0.20806703685262531
1.3 0.20958662125769656
1.33 0.211480717667621
1.35 0.2122393161912592
1.38 0.21548733791580724
1.4 0.21648986752329702
1.43 0.21683045186947592
1.45 0.21919448650785128
1.48 0.2213925837640208
1.5 0.22237889131783425
1.53 0.2232410409913975
1.55 0.22560147450468848
1.58 0.22692037626142963
1.6 0.22858575313853685
1.62 0.22961877671276357
1.65 0.23090766404653038
1.68 0.23258495119673947
1.7 0.23347606909622523
1.73 0.23539265954450544
1.75 0.23817073044573203
1.78 0.23894116460769624
1.8 0.23865245097797855
1.83 0.23918216826907635
1.85 0.24215431447466607
1.88 0.24338813375967283
1.9 0.24544132973641364
1.93 0.2460771748954607
1.95 0.24674136985303996
1.98 0.24863499885074233
2.0 0.24863543491546114
2.02 0.2502937785403263
2.05 0.25144648323331376
2.08 0.25195488770488667
2.1 0.2544728388891754
2.12 0.2555668445425061
2.15 0.25513521923618415
2.18 0.25779769187543333
2.2 0.2596629364266383
2.23 0.2598818567509983
2.25 0.25993397096612486
2.27 0.2615351793572874
2.3 0.26208192782839546
2.33 0.26520219851995713
2.35 0.26456168401098573
2.38 0.26582155228624843
2.4 0.2687354528075985
2.43 0.269644856689339
2.45 0.27008438253595163
2.48 0.27027089993290165
2.5 0.27212521949544616
2.53 0.27182765898337297
2.55 0.2741666183081275
2.58 0.2724958944173243
2.6 0.2752711967707203
2.62 0.274860152100138
2.65 0.27676377383326906
2.68 0.2808052241974706
2.7 0.27912054767752853
2.73 0.27984232541491083
2.75 0.2807737041124077
2.78 0.2817959725516413
2.8 0.2845126633787572
2.83 0.2843491916805148
2.85 0.28446094676284517
2.88 0.2868191711057085
2.9 0.2856505698279751
2.93 0.2882829012589489
2.95 0.2861936457724656
2.98 0.2883380274755409
3.0 0.2898947405722921
3.03 0.2892721533064183
3.05 0.2908627368943567
3.08 0.292811604630164
3.1 0.29507821432735953
3.12 0.29071751573655463
3.15 0.2920775663981433
3.18 0.2964591251605663
3.2 0.2972206768256442
3.23 0.296771540086364
3.25 0.29847217930063663
3.28 0.2981618488765651
3.3 0.29848544608649014
3.33 0.2984670138535229
3.35 0.2986350882065714
3.38 0.2993510358832587
3.4 0.3029826688682672
3.43 0.3017367790614119
3.45 0.3009263607163947
3.48 0.30457119308858294
3.5 0.30709244599693786
3.53 0.30774378343552383
3.55 0.31051163799179676
3.58 0.30987167403571075
3.6 0.3125622143248723
3.62 0.30904805956769404
3.65 0.3076321852582336
3.68 0.31261331756710514
3.7 0.31211828072076625
3.73 0.3159933176139472
3.75 0.31361146121483796
3.78 0.31613403281140157
3.8 0.31218837990435616
3.83 0.31338671990130446
3.85 0.31636024837398585
3.88 0.311287041158761
3.9 0.31467039658643176
3.93 0.31531431220109274
3.95 0.3186517808302098
3.98 0.31652289033215564
4.0 0.31710994835373013
4.03 0.31903385025939585
4.05 0.3174437855191712
4.08 0.32098840633647013
4.1 0.32456030582765716
4.12 0.3277555250161746
4.15 0.3160735954250692
4.17 0.32333008895980037
4.2 0.3241154818664173
4.23 0.3247709478556108
4.25 0.31975181577543116
4.28 0.32364356617183654
4.3 0.3267170996184442
4.33 0.32742346171365644
4.35 0.3247486152321222
4.38 0.32743145799182677
4.4 0.3327355296323826
4.42 0.32697593931078833
4.45 0.3296229317265857
4.48 0.3316887914966702
4.5 0.33266915604620223
4.53 0.3297719658824751
4.55 0.33384775971680847
4.58 0.3290801762782363
4.6 0.3336905608415895
4.62 0.3344680731125639
4.65 0.333698272982202
4.67 0.33798153421985067
4.7 0.3317874860319628
4.73 0.3343167366033327
4.75 0.3391039444856546
4.78 0.3373045072990702
4.8 0.34108688320248437
4.83 0.33758933624430126
4.85 0.3436443089239343
4.88 0.3362165542709179
4.9 0.347756408796337
4.93 0.337003363796355
4.95 0.3401663617363343
4.98 0.343024216152161
5.0 0.3389572083048567
5.03 0.340656107294629
5.05 0.3410659353673246
5.08 0.34549940035712406
5.1 0.34627655349630515
5.12 0.35355550284277765
5.15 0.34191935039690213
5.18 0.34622257764973857
5.2 0.34022682672594134
5.23 0.34808290973505923
5.25 0.3478847198123373
5.28 0.3497468567510094
5.3 0.3470298270309511
5.33 0.35148750369270837
5.35 0.34827538823750126
5.38 0.3509897914487352
5.4 0.34774985720160934
5.43 0.3517461239859337
5.45 0.3534600394636172
5.48 0.3431772364553467
5.5 0.34916111591620264
5.53 0.34702642720085053
5.55 0.3501749210035726
5.58 0.35160608526551884
5.6 0.35433867302777466
5.62 0.3538664211733079
5.65 0.35214708240076686
5.68 0.3572602471730252
5.7 0.34841100317149243
5.73 0.3623835215609125
5.75 0.3541298008534465
5.78 0.3571636878552337
5.8 0.3548052815829851
5.83 0.34883428975970276
5.85 0.35690828799262503
5.88 0.3528833684846714
5.9 0.358294525972425
5.93 0.362337466517169
5.95 0.3582736411502522
5.98 0.3541295831055105
6.0 0.3675262193346964
6.03 0.3580808087561726
6.05 0.3596979108074373
6.08 0.3580053134731364
6.1 0.35807007932582624
6.12 0.3592472635230118
6.15 0.36165105695918454
6.18 0.35472110907368476
6.2 0.3615743688690952
6.23 0.35757228803201
6.25 0.3559961864371612
6.28 0.3683935040985821
6.3 0.354899966619572
6.33 0.3609510688447384
6.35 0.36501834654657833
6.38 0.3712820309394515
6.4 0.3745951856843042
6.43 0.36765449689681434
6.45 0.37326855916747254
6.48 0.3594300534392401
6.5 0.3702632763263715
6.53 0.3668409706949488
6.55 0.3735734813583727
6.58 0.3644499461553962
6.6 0.3725489462070776
6.62 0.3607808701644686
6.65 0.37425620275406335
6.68 0.3657753457362379
6.7 0.3640650565804375
6.73 0.3624064632355672
6.75 0.3759731711462956
6.78 0.3625252988963601
6.8 0.3752885661511206
6.83 0.3780037132329842
6.85 0.367935358738246
6.88 0.37324935313158425
6.9 0.36378287258079234
6.93 0.3650691321012234
6.95 0.37692167595309495
6.98 0.374910855927476
7.0 0.3731623221952883
7.03 0.3787001157310862
7.05 0.3759044555155135
7.08 0.37324968172637385
7.1 0.37226457756586495
7.12 0.36754454994231106
7.15 0.37191994026745634
7.18 0.37414069554664686
7.2 0.3845846510476155
7.23 0.3731642281786628
7.25 0.3747086389207551
7.28 0.379978286633983
7.3 0.38082888068887566
7.33 0.3843475937162578
7.35 0.37316035155735894
7.38 0.38401018598770403
7.4 0.3727687359850506
7.43 0.37790272782858925
7.45 0.39130125077673267
7.48 0.38418569851078305
7.5 0.38872981475997653
7.53 0.3765036326297
7.55 0.39042473260038785
7.58 0.38587981015056005
7.6 0.37177904189830296
7.62 0.37432138818625676
7.65 0.38107621736703523
7.68 0.3802215939782591
7.7 0.3849671484500181
7.73 0.3797413541732101
7.75 0.3762477536909299
7.78 0.3870644743824424
7.8 0.3810107625796386
7.83 0.3897827389126846
7.85 0.38550015513797387
7.88 0.3654532019790719
7.9 0.37585410200067126
7.93 0.38769623591180896
7.95 0.39155751909979036
7.98 0.39708885593463855
8.0 0.38119653552244115
8.03 0.38398768386612303
8.05 0.39716183802168464
8.08 0.38900814475328666
8.1 0.3806377600639882
8.12 0.38081822494700623
8.15 0.37529561947995627
8.18 0.38213224610547536
8.2 0.3857035577078188
8.22 0.3745597527603435
8.25 0.39383699956333956
8.28 0.3969407870672021
8.3 0.37921918189355874
8.33 0.38459138881567384
8.35 0.3897407875572029
8.38 0.3807847439319499
8.4 0.3951126967177339
8.43 0.4015181801540913
8.45 0.38154784266470165
8.47 0.3710341121833456
8.5 0.387081834469018
8.53 0.3865855238449051
8.55 0.37690845114723104
8.58 0.3964101146909141
8.6 0.40467149608833364
8.62 0.3924998169596495
8.65 0.3914897157852573
8.68 0.3994935565049371
8.7 0.4012187071731295
8.72 0.40948523488652366
8.75 0.4078053961001055
8.78 0.3938536768617746
8.8 0.38272624083322826
8.83 0.39388043547208923
8.85 0.39255170818513235
8.88 0.4001489903670322
8.9 0.40204021543818025
8.93 0.3976552661464753
8.95 0.3960212786643556
8.97 0.396611230979162
9.0 0.4084179917645528
9.03 0.4047376650293362
9.05 0.39453718432465557
9.08 0.3990076151086831
9.1 0.40929332957138853
9.12 0.4024314228279534
9.15 0.3936551685212416
9.18 0.39155125444122063
9.2 0.39303299795227825
9.22 0.3905420079436166
9.25 0.3941101872946816
9.28 0.4035042735974946
9.3 0.4057928133393051
9.33 0.39530205214464004
9.35 0.3900790116295619
9.38 0.4001450473164614
9.4 0.4036266373406635
9.43 0.4031225048820567
9.45 0.39831879440858403
9.47 0.4078944136576301
9.5 0.4106813547029359
9.53 0.4027016063651766
9.55 0.39762268307261633
9.58 0.3933460784928325
9.6 0.3963958712041033
9.62 0.3892344095897016
9.65 0.3873428117293238
9.68 0.39722456886627366
9.7 0.41415474292230636
9.73 0.41188174036130415
9.75 0.3968600667280998
9.78 0.3923049997351252
9.8 0.414553832514544
9.83 0.42093555745022554
9.85 0.4151704385357545
9.88 0.4149429962374761
9.9 0.41191374167574013
9.93 0.4064874147821868
9.95 0.3991460514283972
9.98 0.3967233975796147
10.0 0.4095016086200218
10.03 0.41337517994602
10.05 0.39810467051816645
10.08 0.3886676914595887
10.1 0.3960056488609566
10.12 0.4134868496864065
10.15 0.41907382049950465
10.18 0.40681234489143214
10.2 0.40809668954531003
10.23 0.4168379552667145
10.25 0.42803651410143356
10.28 0.4187365228825264
10.3 0.40947267483004574
10.33 0.4101480716441381
10.35 0.41346792393518295
10.38 0.41850243367800505
10.4 0.4111874827347271
10.43 0.4117583165869506
10.45 0.40869731963451605
10.48 0.412306923896491
10.5 0.42372727229283147
10.53 0.4168435521521284
10.55 0.41783216214055935
10.58 0.41478352380421163
10.6 0.423748173830257
10.62 0.43853621280103744
10.65 0.43319500843330405
10.68 0.4144590405666529
10.7 0.41433384140971913
10.73 0.4175849849574059
10.75 0.41980468447015834
10.78 0.41738017745057104
10.8 0.40813731477844495
10.83 0.4117882286280707
10.85 0.4279450423863841
10.88 0.4427354214104995
10.9 0.4434718614407284
10.93 0.4264820945959043
10.95 0.40208679992745705
10.98 0.3968867757106862
11.0 0.4068850026952589
11.03 0.4117795915831038
11.05 0.4105799643362186
11.08 0.40417008466302407
11.1 0.4124432330580382
11.12 0.4257685315628224
11.15 0.42937537666653325
11.18 0.4238041075107366
11.2 0.4096304040164607
11.23 0.40088810274147274
11.25 0.40267609478682326
11.28 0.410975015624654
11.3 0.4216742020462113
11.33 0.42002405635211626
11.35 0.4137843520585711
11.38 0.40872688352465225
11.4 0.4146032406339417
11.43 0.42276591282586296
11.45 0.4249726035908178
11.48 0.4238368116552664
11.5 0.4139080461482002
11.53 0.4110594707238227
11.55 0.4146337983146206
11.58 0.41279265812767985
11.6 0.4061325087307673
11.62 0.4020565053070247
11.65 0.40526416411661476
11.68 0.4038773324606671
11.7 0.4145670982390115
11.73 0.41747230994319384
11.75 0.4185078729744576
11.78 0.4206991519122694
11.8 0.41073985526028567
11.83 0.40664659540953063
11.85 0.41478630700861213
11.88 0.42596653079779917
11.9 0.42997102734508225
11.93 0.4347341444792049
11.95 0.4252349184973492
11.98 0.4205944691504218
12.0 0.42025430327953445
12.03 0.4229495996875101
12.05 0.4239785240427227
12.08 0.4355280003395535
12.1 0.43114914481811356
12.12 0.4210462930810794
12.15 0.4167650356838908
12.18 0.41936789082876647
12.2 0.42122217672116036
12.23 0.41538831049726554
12.25 0.4062282451777497
12.28 0.39633303688086113
12.3 0.3969801204495024
12.33 0.3979776728902744
12.35 0.4124509085031176
12.38 0.43602768091156807
12.4 0.4383183802557232
12.43 0.4301205311361195
12.45 0.41740828572540134
12.48 0.41321884319617214
12.5 0.40651048528834927
12.53 0.4186762558982203
12.55 0.42019006131039394
12.58 0.41937614791531125
12.6 0.42340188772686205
12.62 0.42172242645020497
12.65 0.41999928093594036
12.68 0.42163281094479604
12.7 0.4300850762226817
12.73 0.4378202311815389
12.75 0.4430493089974731
12.78 0.44185512893898093
12.8 0.4308084609745273
12.83 0.42160377605028804
12.85 0.42086593783788173
12.88 0.4187742315656099
12.9 0.4224119978172067
12.93 0.42551220832908576
12.95 0.4284612266829148
12.98 0.4345112487997326
13.0 0.435965192561916
13.03 0.43113414074569695
13.05 0.4245374611184672
13.08 0.42880567261359664
13.1 0.43222071723511973
13.12 0.4307956692344553
13.15 0.4318833706103713
13.18 0.4385342802921248
13.2 0.43632461251285964
13.23 0.43672443204685146
13.25 0.43532243905656137
13.28 0.4355859842428862
13.3 0.4365459257984862
13.33 0.4379500727151628
13.35 0.44539578410106917
13.38 0.4525659064653039
13.4 0.44580066448357025
13.43 0.44095169364722897
13.45 0.44102945129403465
13.48 0.4434973833185346
13.5 0.4522108758750334
13.53 0.4554745873350109
13.55 0.44616644573995057
13.58 0.44513177456366504
13.6 0.4450547202490406
13.62 0.44441884996109193
13.65 0.43618111980020513
13.68 0.4282393693787591
13.7 0.4241809011891396
13.73 0.4370279804257814
13.75 0.43977994107759927
13.78 0.44107296241913896
13.8 0.43778758066126305
13.83 0.4385941236041289
13.85 0.43402100070059335
13.88 0.4303357092643742
13.9 0.4376293183172206
13.93 0.4372667292040571
13.95 0.4343499978888015
13.98 0.42972020938847955
14.0 0.43224674889277376
14.03 0.4330720771975759
14.05 0.43809352265788015
14.08 0.4312632654768443
14.1 0.4318731900815087
14.12 0.4340239065649878
14.15 0.437974865837424
14.18 0.43136211289200077
14.2 0.42470186643797525
14.23 0.4174276278777667
14.25 0.412939840498895
14.28 0.4200821718413042
14.3 0.43047461012586186
14.33 0.4317453686366296
14.35 0.43918158132464413
14.38 0.44700920269892913
14.4 0.4472790920495633
14.43 0.44403861169680575
14.45 0.43762129599428135
14.48 0.43384053482640034
14.5 0.4284927264060297
14.53 0.42516240714429515
14.55 0.42401979336854473
14.58 0.42438141546447855
14.6 0.4310083490348552
14.62 0.43550416689564386
14.65 0.4290675338065048
14.68 0.4248701181299856
14.7 0.4254456028407508
14.73 0.4318337785869513
14.75 0.4284914467727012
14.78 0.4234593999533321
14.8 0.4235536557614027
14.83 0.42886286814902846
14.85 0.4322022745313268
14.88 0.43965330343957587
14.9 0.44308684341465376
14.93 0.43447355166653406
14.95 0.43816419593615846
14.98 0.43720834218754057
15.0 0.42845135315390287
15.03 0.4163183138582918
15.05 0.41448261822494975
15.08 0.4185574202486621
15.1 0.426590973626177
15.12 0.42785346856326517
15.15 0.4302418015539084
15.18 0.4362554928533439
15.2 0.4369411808210478
15.23 0.43411957434789694
15.25 0.4329766430545414
15.28 0.4354433638099863
15.3 0.4398188992384067
15.33 0.44327102125072027
15.35 0.44687431605078426
15.38 0.45474737333574566
15.4 0.46112950878060516
15.43 0.4555895859113387
15.45 0.4486850994135623
15.48 0.4447575697718543
15.5 0.43651512756589866
15.53 0.4348697145065906
15.55 0.4307773141943582
15.58 0.4324332649553874
15.6 0.431078506723046
15.62 0.43604811519267916
15.65 0.45014497942404913
15.68 0.4447028879563015
15.7 0.43488525810131434
15.73 0.4267980758787128
15.75 0.42161987281912955
15.78 0.4194541993686586
15.8 0.4250461995404263
15.83 0.4306450235447904
15.85 0.43687807334111883
15.88 0.44406376031232203
15.9 0.45189370073940094
15.93 0.46176235958514705
15.95 0.4634225970694908
15.98 0.4597017346955581
16.0 0.45128574611571254
16.03 0.44416974027044226
16.05 0.4441496032821832
16.07 0.44056557498047255
16.1 0.44167340418193257
16.12 0.4431820764269163
16.15 0.441947998495365
16.18 0.43569089501117647
16.2 0.4366195985038981
16.23 0.44176630916602916
16.25 0.446316231340497
16.28 0.4495008475986391
16.3 0.4487219011027024
16.32 0.4526700345032234
16.35 0.46296636130025703
16.38 0.4666606489464828
16.4 0.46747966563179133
16.43 0.4715713321476649
16.45 0.4678139948893397
16.48 0.4677227864036903
16.5 0.4715996385999464
16.53 0.4751368325260465
16.55 0.4773847636435892
16.57 0.46915218080419235
16.6 0.46195628781575476
16.62 0.4649749434864802
16.65 0.4713205239023084
16.68 0.4714780007016226
16.7 0.47892145830113275
16.73 0.4723957559380289
16.75 0.46206178732546654
16.78 0.45827534177703033
16.8 0.46476714086842263
16.82 0.46678029113713915
16.85 0.46195690346341745
16.88 0.4520148363974135
16.9 0.4395299416574661
16.93 0.4259248668985557
16.95 0.4197777098160357
16.98 0.42636395182360576
17.0 0.428802578127919
17.03 0.43201080690995464
17.05 0.430318763602365
17.07 0.4291645317331822
17.1 0.43403796273989176
17.12 0.4433495754490729
17.15 0.45832873440784583
17.18 0.46657073676124394
17.2 0.47324245393720765
17.23 0.47435305782400305
17.25 0.4647521350515404
17.28 0.46723251451198894
17.3 0.46536155972832394
17.32 0.4615562893004868
17.35 0.4628532167009651
17.38 0.45713313929311467
17.4 0.45204303053795253
17.43 0.4476575526927124
17.45 0.4462436930571609
17.48 0.4428143916650958
17.5 0.438593349490922
17.53 0.437432764642009
17.55 0.44247860006142725
17.57 0.4506992579704404
17.6 0.45046736540738574
17.62 0.4521550122536564
17.65 0.4601754380578994
17.68 0.464843036057416
17.7 0.4669474329886567
17.73 0.47204647819063916
17.75 0.4753485420398046
17.78 0.47668755255804873
17.8 0.47566983165146787
17.82 0.47114165622046716
17.85 0.46666071383002217
17.88 0.4722430438662162
17.9 0.4708957804078206
17.93 0.47038111880366806
17.95 0.4731520734467248
17.98 0.47563775765935146
18.0 0.4740854503848979
18.03 0.46664970377742526
18.05 0.46188896970537996
18.07 0.46131908912992997
18.1 0.4651372540250424
18.12 0.46828049326861576
18.15 0.4608914724168523
18.18 0.45728337686772946
18.2 0.4561685930190903
18.23 0.44861253599174894
18.25 0.44314449968487457
18.28 0.44009107642836437
18.3 0.44088382756973915
18.32 0.44053213405530084
18.35 0.4401464049748227
18.38 0.4373395307349218
18.4 0.43534878308588376
18.43 0.4399861912951642
18.45 0.44436014795893825
18.48 0.44985267189063377
18.5 0.4568173874781401
18.53 0.4656170735978782
18.55 0.47609291247945784
18.57 0.48001017674591845
18.6 0.4828846584952636
18.62 0.4802819275423597
18.65 0.4762448118824687
18.68 0.4703633263834497
18.7 0.4697646570539748
18.73 0.46824225442913736
18.75 0.46274468689061987
18.78 0.4598974911119826
18.8 0.4585936451878808
18.82 0.45971926550816417
18.85 0.45410089352840594
18.88 0.44978767224963
18.9 0.45278383882068723
18.93 0.45055123095723204
18.95 0.4525956867444783
18.98 0.4564446432671669
19.0 0.45963677536631403
19.03 0.465001085250237
19.05 0.46627845624754727
19.07 0.4653974602348322
19.1 0.46707276718576823
19.12 0.4664075945755833
19.15 0.4637141703732112
19.18 0.46093298396839383
19.2 0.4598570038352919
19.23 0.4632699392815363
19.25 0.4770334496406775
19.28 0.47976047138016276
19.3 0.4828192700377344
19.33 0.48344015742731156
19.35 0.48332633445251977
19.38 0.4832067416002667
19.4 0.4857613158442535
19.43 0.48594694679183686
19.45 0.48504411767291683
19.48 0.4812386652845776
19.5 0.47356850818168156
19.53 0.46650181674125335
19.55 0.4638418801377291
19.58 0.46625673610749535
19.6 0.4738616811372094
19.62 0.4895411108322449
19.65 0.49083437563505655
19.68 0.4909037012395368
19.7 0.4874410294615824
19.73 0.4844804452047166
19.75 0.4792731500369896
19.78 0.47277256204814416
19.8 0.46770546416442943
19.83 0.46229117596656644
19.85 0.4573716851333978
19.88 0.4539856703187703
19.9 0.45412343458851073
19.93 0.4499490226089161
19.95 0.44927108334149646
19.98 0.4487568429219243
20.0 0.45237582988535574
20.03 0.4625434493599854
20.05 0.464472286226905
20.08 0.46392138085296
20.1 0.4620493746430273
20.12 0.4609409225700018
20.15 0.46398186250013135
20.18 0.46410982576433024
20.2 0.46814075104365854
20.23 0.4721254327442341
20.25 0.4782305190564702
20.28 0.4793199465741515
20.3 0.47312571624270106
20.33 0.46495647513086563
20.35 0.4559710231073089
20.38 0.44813453846363593
20.4 0.4426126724520528
20.43 0.45240036588915955
20.45 0.4548694790566945
20.48 0.4550770250140565
20.5 0.4509493726824296
20.53 0.44287570261933207
20.55 0.43315476923557295
20.58 0.42952151685982237
20.6 0.43016292084357355
20.62 0.4296405535311922
20.65 0.4289496854734227
20.68 0.4304113826032742
20.7 0.42997895826269766
20.73 0.4302857622552279
20.75 0.433051290053985
20.78 0.43599077808763154
20.8 0.4378213699160336
20.83 0.4429506521392509
20.85 0.4583711713846293
20.88 0.4587455964154194
20.9 0.45526285290456575
20.93 0.4522887095108827
20.95 0.45197654423846667
20.98 0.45852313051616966
21.0 0.4587320377121753
21.03 0.4570253597661753
21.05 0.4572240087457577
21.08 0.456104612155823
21.1 0.45447250283882784
21.12 0.4538244321108131
21.15 0.45542350982988994
21.18 0.4609262243310702
21.2 0.47053260797566104
21.23 0.4809897791933303
21.25 0.489281464955501
21.28 0.49387523553946694
21.3 0.5063129208323269
21.33 0.5016725737679119
21.35 0.49731920300832333
21.38 0.49548394557748865
21.4 0.497379802661376
21.43 0.49822577649347494
21.45 0.49329487767247343
21.48 0.4865394768994757
21.5 0.48138033306789607
21.53 0.4749322156945241
21.55 0.4655432285973097
21.58 0.458161390132986
21.6 0.45135229147287176
21.62 0.4477398630054172
21.65 0.446120220736881
21.68 0.4442664892101799
21.7 0.4434044464402105
21.73 0.43770921559109505
21.75 0.43017807090175564
21.78 0.43337048895083774
21.8 0.4311093097336981
21.83 0.4302460220533555
21.85 0.4277098693410093
21.88 0.4253384728487189
21.9 0.425668895280926
21.93 0.431082505116713
21.95 0.4336361608886022
21.98 0.43857743003683825
22.0 0.4442282432787882
22.03 0.44886077451542805
22.05 0.45753098548325705
22.08 0.46291684254330645
22.1 0.4649397423044977
22.12 0.46605162136373707
22.15 0.46766243704524346
22.18 0.4701825941080894
22.2 0.4744524738846759
22.23 0.4749398459927365
22.25 0.48177055327409674
22.28 0.47867758907763047
22.3 0.47807734159868487
22.33 0.4757614068663496
22.35 0.46997252796758143
22.38 0.4656919770766672
22.4 0.46440301070581047
22.43 0.46337026130484926
22.45 0.4629871642959104
22.48 0.4613077801794336
22.5 0.45830749926199194
22.53 0.4536917371995593
22.55 0.45098977630714315
22.58 0.4515440427147715
22.6 0.4554770203552771
22.62 0.4629804366522738
22.65 0.4674006159013032
22.68 0.4676574554063715
22.7 0.4657081253922591
22.73 0.4571807834968201
22.75 0.4595166458043883
22.78 0.45340356432033
22.8 0.4491393377039423
22.83 0.44481031105812935
22.85 0.4453928230013582
22.88 0.4488296081711709
22.9 0.45178501303300983
22.93 0.45207034159462695
22.95 0.4535076834753569
22.98 0.4540171731477159
23.0 0.45393466480407624
23.03 0.45497532385535533
23.05 0.4561700448150397
23.08 0.46133768947103
23.1 0.46436309219347
23.12 0.46585297357197686
23.15 0.4641862043798466
23.18 0.4633878764164843
23.2 0.4602793880629587
23.23 0.46147061218657637
23.25 0.46387995813624017
23.28 0.4803970914442686
23.3 0.48325033624166064
23.33 0.48070023700205067
23.35 0.47954397251513825
23.38 0.4836964541250199
23.4 0.4857255242181394
23.43 0.48624943490911376
23.45 0.4865684869217835
23.48 0.48745040532610434
23.5 0.4857368466831325
23.53 0.48405792488027094
23.55 0.482040310342857
23.58 0.4762209273497528
23.6 0.4691123864216098
23.62 0.46573684359381906
23.65 0.4652745741657014
23.68 0.46739382001852925
23.7 0.46990582951583004
23.73 0.47469827211130783
23.75 0.4787540696668646
23.78 0.48254705745468984
23.8 0.4822953117760202
23.83 0.491431853138313
23.85 0.48239949538911664
23.88 0.4772509339904126
23.9 0.46980871576327277
23.93 0.4599701655573081
23.95 0.4511483543101457
23.98 0.44605704350552433
24.0 0.4403605194441086
24.03 0.43571069413086316
24.05 0.43552134123115827
24.08 0.4345208828451505
24.1 0.4389255273355974
24.12 0.44390218024827033
24.15 0.4487737340716654
24.18 0.45076623826504847
24.2 0.45031183586542545
24.23 0.4466544108078848
24.25 0.44306552047232584
24.28 0.4429350032034934
24.3 0.4431668685193133
24.33 0.4446586672258123
24.35 0.44567097340619
24.38 0.4462719635614804
24.4 0.4460426193585457
24.43 0.45710965063441616
24.45 0.45921732583986
24.48 0.46439738568563643
24.5 0.469499437767888
24.53 0.4718506047623508
24.55 0.4786067621000945
24.58 0.48387676716282835
24.6 0.4864189499543645
24.62 0.4864449956792846
24.65 0.4911327781718412
24.68 0.49527707054485215
24.7 0.5047027834716665
24.73 0.5130802273860847
24.75 0.5221819766714618
24.78 0.5280044493641104
24.8 0.5271324645329871
24.83 0.5223663718544398
24.85 0.5146295502564745
24.88 0.5034137690054764
24.9 0.49471378812527717
24.93 0.4891774069582246
24.95 0.48675789769021455
24.98 0.4846413800572636
25.0 0.483238452317865
25.03 0.49399385748349894
25.05 0.4933378688913352
25.08 0.488940914198862
25.1 0.4835892345612287
25.12 0.4780445817331007
25.15 0.47354602138494545
25.18 0.46831768435163623
25.2 0.46672701785149795
25.23 0.465561399333037
25.25 0.46314519102254836
25.28 0.46449773717478454
25.3 0.4679262746552399
25.33 0.46868108451524904
25.35 0.4681030770646617
25.38 0.46659388563641546
25.4 0.4641027735324534
25.43 0.4632754688447974
25.45 0.4642596082666735
25.48 0.46903567174867006
25.5 0.47019700989416296
25.53 0.4700150212573344
25.55 0.4683911681223958
25.58 0.4646377665542866
25.6 0.4616527577796074
25.62 0.46083451107277773
25.65 0.4624858769020464
25.68 0.47553691565522
25.7 0.47901473643728715
25.73 0.4834377109970395
25.75 0.48756474177870895
25.78 0.4904871208610474
25.8 0.49473536342454383
25.83 0.49613474346062064
25.85 0.49559108491383147
25.88 0.49502071338320525
25.9 0.4961608021356402
25.93 0.4975284056781417
25.95 0.49991248869745714
25.98 0.5024579489213277
26.0 0.5058602275966508
26.03 0.5099372461741256
26.05 0.5159213912958548
26.08 0.5181683493700384
26.1 0.5171016586690065
26.12 0.5160360332017304
26.15 0.5183543490053143
26.18 0.5205309106122242
26.2 0.5206306309723105
26.23 0.5172107495363354
26.25 0.5120117009349907
26.28 0.5077670762627146
26.3 0.5041301445267483
26.33 0.4997345321186654
26.35 0.5074237765775123
26.38 0.5027737321976289
26.4 0.49945600617433167
26.43 0.4960980589544906
26.45 0.49175422536445457
26.48 0.48812070564986393
26.5 0.4850272642357898
26.53 0.48125436813977424
26.55 0.4785331359166266
26.58 0.4765640095753918
26.6 0.4766779383944625
26.62 0.47587219137825926
26.65 0.4719828258807774
26.68 0.46809155140571823
26.7 0.4661508068271611
26.73 0.46623244143664916
26.75 0.46637356428795224
26.78 0.4643335796701646
26.8 0.4640063738399241
26.83 0.4605791878639287
26.85 0.4575274459791455
26.88 0.45800897519760414
26.9 0.45934001608238284
26.93 0.46079217671819167
26.95 0.4635289038764445
26.98 0.4659469052840754
27.0 0.4688240779056879
27.03 0.46966443176588946
27.05 0.4822421976057209
27.08 0.4826226322567653
27.1 0.48116547337587123
27.12 0.48361601892409284
27.15 0.48905701899026893
27.18 0.49446003940988725
27.2 0.49671448348389374
27.23 0.49777516054617177
27.25 0.5024969347829947
27.28 0.5057058402758589
27.3 0.5031436437054048
27.33 0.4971489807413136
27.35 0.49332312071381906
27.38 0.493007901078327
27.4 0.49571232438295604
27.43 0.5008718761545691
27.45 0.504395594972503
27.48 0.5068719932800562
27.5 0.5074881465433909
27.53 0.5092668710718281
27.55 0.513164561914451
27.58 0.5126168064582587
27.6 0.5114885948483023
27.62 0.5110605132187238
27.65 0.5119094405319885
27.68 0.5118921927709948
27.7 0.5111377585318663
27.73 0.5112090150120604
27.75 0.5083268889608977
27.78 0.5051971561674767
27.8 0.514418644641722
27.83 0.5094067550787081
27.85 0.5057819654874007
27.88 0.5022997360823988
27.9 0.49855185099027366
27.93 0.49449272533642175
27.95 0.4931172959836826
27.98 0.49175572623106323
28.0 0.49181119943451135
28.03 0.49252240735266467
28.05 0.49285628209901605
28.08 0.49324076447630755
28.1 0.4896442513996653
28.12 0.48157155706179766
28.15 0.4758397322621094
28.18 0.4722765906862087
28.2 0.46622027740230243
28.23 0.4597473465432096
28.25 0.4558426185089094
28.28 0.4520735677117952
28.3 0.44782911567161227
28.33 0.44290746804301345
28.35 0.4394695248883126
28.38 0.4366671846693548
28.4 0.4319736710194401
28.43 0.4259058776643097
28.45 0.42247780441189453
28.48 0.4175308123960134
28.5 0.41290806737727
28.53 0.41254485057780077
28.55 0.4131967419920215
28.58 0.4142989372692832
28.6 0.42471066128833085
28.62 0.4254800623792452
28.65 0.42897903548366517
28.68 0.43269141120333426
28.7 0.4349558856955503
28.73 0.4365432958985437
28.75 0.4410022377730295
28.78 0.4448161908865983
28.8 0.448919032433749
28.83 0.45353800501978575
28.85 0.4581007562863645
28.88 0.4629224805119859
28.9 0.46632381762710107
28.93 0.4704851050640859
28.95 0.47363767985385175
28.98 0.4729572513423934
29.0 0.4734380151901877
29.03 0.4748454145045843
29.05 0.47654254585425704
29.08 0.48118666342142163
29.1 0.4855623196952804
29.12 0.4873564585433878
29.15 0.4884233084166452
29.18 0.49045236658218266
29.2 0.4939557872246237
29.23 0.4975755729618441
29.25 0.49861016604671377
29.28 0.4995943035984701
29.3 0.5002130500238376
29.33 0.5003605653505315
29.35 0.5030689313871031
29.38 0.5080670611327293
29.4 0.5136642476063663
29.43 0.5191549667815071
29.45 0.5382689251576553
29.48 0.5389301198542741
29.5 0.5383405425386667
29.53 0.5373792632350929
29.55 0.5358128298327562
29.58 0.5336396059990223
29.6 0.5303127531316544
29.62 0.5299284638051942
29.65 0.5300820522786777
29.68 0.5263513192749557
29.7 0.5224696030794842
29.73 0.5196007881900907
29.75 0.5144150379970269
29.78 0.5083415277627623
29.8 0.5015738097371435
29.83 0.49419042487141207
29.85 0.48699367450602976
29.88 0.4791704260135235
29.9 0.4747381882561106
29.93 0.47509084555613
29.95 0.4752236900909826
29.98 0.47405626282567576
30.0 0.4713497591476179
30.03 0.46635703666807476
30.05 0.4614719897418105
30.08 0.4561032947628117
30.1 0.4515765117667999
30.12 0.4495417178851057
30.15 0.4481070637102723
30.18 0.44793229135403434
30.2 0.44830459006619094
30.23 0.44847788724680127
30.25 0.450453983543036
30.28 0.45335167915361885
30.3 0.45574676790916246
30.33 0.4713058495963398
30.35 0.4750699490389892
30.38 0.477518675369967
30.4 0.4793233718845038
30.43 0.4786224339202479
30.45 0.47407867254716196
30.48 0.46963093078605866
30.5 0.46849921914186743
30.53 0.46837284753559033
30.55 0.4695617005463732
30.58 0.4720534151619766
30.6 0.4751103734748852
30.62 0.4799725570928553
30.65 0.4809372148820437
30.68 0.48296375519065543
30.7 0.48567301596995266
30.73 0.48874616464265325
30.75 0.49027017338071366
30.78 0.4900231486784733
30.8 0.4918128358229366
30.83 0.49040768780984517
30.85 0.4864040644278208
30.88 0.48227761983164263
30.9 0.4773157586624131
30.93 0.47282089321916465
30.95 0.46894612565775
30.98 0.46488942147874107
31.0 0.46118586181168014
31.03 0.4600038631110921
31.05 0.45941461498548103
31.08 0.4595754190589195
31.1 0.4581335930017423
31.12 0.45659628736437174
31.15 0.45433981764267856
31.18 0.4508270538674791
31.2 0.44836300205311175
31.23 0.4468918237809965
31.25 0.4480313460090548
31.28 0.46492939367155844
31.3 0.46677994232298076
31.33 0.4665006377304958
31.35 0.4646182239830128
31.38 0.46138550705903275
31.4 0.45789491227336543
31.43 0.45470425979995166
31.45 0.45310840806035935
31.48 0.44962146323198066
31.5 0.4442508199764961
31.53 0.43954752006016223
31.55 0.43518016120440783
31.58 0.43248236351952857
31.6 0.43189228626186627
31.62 0.4320177628815122
31.65 0.4327071951025242
31.68 0.4346838495136016
31.7 0.4361486496319253
31.73 0.43693884465406585
31.75 0.4374890584712329
31.78 0.435118828208312
31.8 0.4341481751408658
31.83 0.43505356053819777
31.85 0.43393858641109156
31.88 0.42915416784489124
31.9 0.4249273543102459
31.93 0.4200335083810505
31.95 0.4145716624712621
31.98 0.4093006863374166
32.0 0.4043806447022371
32.02 0.40050485990582224
32.05 0.3991888395159792
32.08 0.3987553508710508
32.1 0.39778094079344617
32.12 0.3986696484448752
32.15 0.40116795086560303
32.18 0.4044301789745408
32.2 0.4074649512073058
32.23 0.4086181538970508
32.25 0.40870180777090376
32.27 0.4127940933432947
32.3 0.4189682286482241
32.33 0.4184209493651985
32.35 0.4194847072500585
32.38 0.42181353523859455
32.4 0.42593821101208995
32.43 0.43050356455432415
32.45 0.43368186163581224
32.48 0.4393392065923604
32.5 0.447701661669796
32.52 0.4563250082061817
32.55 0.46475442192511796
32.58 0.4717829842235418
32.6 0.4788495513860198
32.62 0.4846529754175674
32.65 0.48922826993764046
32.68 0.49413656459353555
32.7 0.49976270901226527
32.73 0.5036127644648887
32.75 0.5053002953789425
32.77 0.5054609678996022
32.8 0.5009292306135738
32.83 0.49673217938488934
32.85 0.49532823047144886
32.88 0.495841192896851
32.9 0.49512610155527775
32.93 0.49478879799306336
32.95 0.4960887057408912
32.98 0.498255153817846
33.0 0.5001853288391088
33.02 0.5017316680283489
33.05 0.5052015970186107
33.08 0.5086350770409495
33.1 0.5103171989343208
33.12 0.5103380581437993
33.15 0.5116598136365059
33.18 0.5146252900361807
33.2 0.5170184229831016
33.23 0.520022563271889
33.25 0.5226691400737736
33.27 0.5252715312888291
33.3 0.5280844057616766
33.33 0.5284106659951796
33.35 0.5260697712283047
33.38 0.5413777109465856
33.4 0.540104761930116
33.43 0.5373365015492362
33.45 0.5334641285168872
33.48 0.5275368360191572
33.5 0.5201504715568473
33.52 0.5150246287598965
33.55 0.510717116809175
33.58 0.5077603653284691
33.6 0.507285419907851
33.62 0.5069522506860799
33.65 0.5060713829556283
33.68 0.505442786111314
33.7 0.503443697747684
33.73 0.501524539376596
33.75 0.499670155342687
33.77 0.4980440050599273
33.8 0.49565394255600986
33.83 0.49330277773252645
33.85 0.49010741894273807
33.88 0.4890605927447688
33.9 0.4880020786239997
33.93 0.48571851355487194
33.95 0.4858606928527618
33.98 0.4886008890152789
34.0 0.489324911387799
34.02 0.49063220810828556
34.05 0.4912141958661759
34.08 0.4904520495131578
34.1 0.48567891821214143
34.12 0.47909860350300326
34.15 0.4730600783970118
34.18 0.46896694120860755
34.2 0.46447387756241265
34.23 0.4617220215588549
34.25 0.46142205540559733
34.27 0.46118845932430125
34.3 0.46381253963826047
34.33 0.46458139904771784
34.35 0.46565817009681965
34.38 0.466309444525954
34.4 0.466607876930327
34.43 0.4660544134255907
34.45 0.46171327459472356
34.48 0.4541490883988837
34.5 0.44921655663650545
34.52 0.4589691216773645
34.55 0.4543957727364732
34.58 0.4519261812640279
34.6 0.44999900538030746
34.62 0.4499004530065668
34.65 0.4505122844227353
34.68 0.45002413996197055
34.7 0.44975128212136156
34.73 0.4520338550221685
34.75 0.45184421483853426
34.77 0.45110397403655406
34.8 0.4505752902120466
34.83 0.44889581286058006
34.85 0.44652540091715365
34.88 0.44613707981642425
34.9 0.4479020992985755
34.93 0.4486422625378506
34.95 0.44571622024501956
34.98 0.440582307721041
35.0 0.4375205516582484
35.02 0.436071532617067
35.05 0.4358015768665419
35.08 0.4374213554674827
35.1 0.4368054511915936
35.12 0.4351924607382909
35.15 0.43394429464604956
35.18 0.43295247315396307
35.2 0.4332358722692782
35.23 0.43474017914577673
35.25 0.43630479386376125
35.27 0.438389964491843
35.3 0.4422720755862006
35.33 0.4454001885478026
35.35 0.44746832165397366
35.38 0.45105880381000524
35.4 0.4548580022249081
35.43 0.45729290605582495
35.45 0.46059427154265464
35.48 0.4638545343493748
35.5 0.46596050462083355
35.52 0.4656919824365319
35.55 0.46460203255924376
35.58 0.46350207716079905
35.6 0.4627895777327656
35.62 0.46382166901654026
35.65 0.46360274195633927
35.68 0.4629247528205643
35.7 0.4610153298481149
35.73 0.46021857734369376
35.75 0.47354196212038413
35.77 0.4691842641428688
35.8 0.4672935934213548
35.83 0.46548895342402763
35.85 0.4642813320262739
35.88 0.46628861956613965
35.9 0.4668351055759245
35.93 0.46774867168391265
35.95 0.4703417756871882
35.98 0.47148504900295496
36.0 0.4710586953346122
36.02 0.4703149386720774
36.05 0.4689805858641232
36.08 0.46874621179131626
36.1 0.4691445146026013
36.12 0.46903337538344747
36.15 0.47042113610114394
36.18 0.4728235734888674
36.2 0.47494416849743226
36.23 0.4758101675992685
36.25 0.4764220606281489
36.27 0.4761166543883729
36.3 0.4743316703640574
36.33 0.47201313341756423
36.35 0.46890553294418863
36.38 0.46664614489778283
36.4 0.464469507764339
36.43 0.4632402362243347
36.45 0.4649112743716132
36.48 0.4659125681580796
36.5 0.467260580855803
36.52 0.4689457908259731
36.55 0.4721413627192296
36.58 0.4742434810239545
36.6 0.476263081448238
36.62 0.4766213675369367
36.65 0.4767843145363688
36.68 0.4751909681816016
36.7 0.4752641199302505
36.73 0.4748079690529565
36.75 0.47267458166492843
36.77 0.4699449098231382
36.8 0.4691004413351204
36.83 0.4695122377477098
36.85 0.4707863583116166
36.88 0.47204424870973616
36.9 0.47395674691091294
36.93 0.47566461200114557
36.95 0.47919867269391114
36.98 0.4837410402784338
37.0 0.48811429860959143
37.02 0.49318168801609324
37.05 0.4993239409721761
37.08 0.5226614184419408
37.1 0.5262613410638135
37.12 0.5309122498479495
37.15 0.5365536948325181
37.18 0.5390903452491204
37.2 0.5400261117330565
37.23 0.5379852075018721
37.25 0.5350846207376023
37.27 0.5332846115024554
37.3 0.5281992500371752
37.33 0.5231189765729048
37.35 0.5196914266862898
37.38 0.5182174964433289
37.4 0.518883859285533
37.43 0.5186164430661598
37.45 0.5159943303656666
37.48 0.5125550565085802
37.5 0.5082766479359672
37.52 0.5025690550003172
37.55 0.49697944656483956
37.58 0.4928641291833137
37.6 0.48842512742744476
37.62 0.48283459550878005
37.65 0.47929367277735463
37.68 0.47582634880827074
37.7 0.47361625110645195
37.73 0.47293402868193996
37.75 0.4728931821616806
37.77 0.47258843949337415
37.8 0.47246040590760413
37.83 0.4725906982071194
37.85 0.4721558305196399
37.88 0.4718202590533811
37.9 0.47100593074959524
37.93 0.47037815512474246
37.95 0.4705704661457366
37.98 0.4697580595389018
38.0 0.468823004956706
38.02 0.4670989583518183
38.05 0.4645088451524879
38.08 0.4616778822302086
38.1 0.45861168973406274
38.12 0.45542744444892336
38.15 0.45262905945920884
38.18 0.45164039101180015
38.2 0.45237968237499304
38.23 0.45315325887747354
38.25 0.4530185995296338
38.27 0.45411363396542254
38.3 0.4536517512449864
38.33 0.45193971787451287
38.35 0.45211672815449283
38.38 0.4531278036572802
38.4 0.4544787916978332
38.43 0.45735732081581937
38.45 0.4598866608878093
38.48 0.46201091372759384
38.5 0.4805256868946171
38.53 0.48061658523442324
38.55 0.4821727820323621
38.58 0.4830856456179363
38.6 0.48389242741206423
38.62 0.48481541673605133
38.65 0.4848273299490168
38.68 0.4823611001890364
38.7 0.48295956070572776
38.73 0.4840576761723999
38.75 0.48459717275266795
38.78 0.48564932659108484
38.8 0.4882529979426895
38.83 0.49073609268875285
38.85 0.4938268293868113
38.88 0.4959172771154482
38.9 0.49722506414029927
38.93 0.4968262449606443
38.95 0.4938416387675136
38.98 0.4915440464919845
39.0 0.48831232747453274
39.03 0.4853306993347741
39.05 0.4837847523277671
39.08 0.48252639027445776
39.1 0.48338841090678936
39.12 0.4839243308404996
39.15 0.48297277762961144
39.18 0.4833882020060159
39.2 0.485561358884547
39.23 0.4877720205614306
39.25 0.4881860644925859
39.28 0.48659414611122626
39.3 0.48369045856134657
39.33 0.4807671362425533
39.35 0.4809030899052839
39.38 0.48112886124331516
39.4 0.47952902764671057
39.43 0.4780128445340046
39.45 0.4777705763988848
39.48 0.4785788264842464
39.5 0.4781065379321393
39.53 0.4774978444837169
39.55 0.47630348972486336
39.58 0.47529733941535807
39.6 0.4731408198795715
39.62 0.4705079064666268
39.65 0.467266518860149
39.68 0.46292608416753395
39.7 0.4589275337724218
39.73 0.4552510136974431
39.75 0.45047188537903066
39.78 0.44628498570590824
39.8 0.4423001608226719
39.83 0.4371955369267487
39.85 0.43266906621282636
39.88 0.43047575021991424
39.9 0.42859646528133827
39.93 0.42669531030571717
39.95 0.425233822147889
39.98 0.4249466377012099
40.0 0.42536534325376973
40.03 0.4432078753579436
40.05 0.44677749628520047
40.08 0.4512951728544013
40.1 0.45401563960439795
40.12 0.4557559963081842
40.15 0.45621572607706656
40.18 0.4590958992992944
40.2 0.4612066567862588
40.23 0.4613457903252805
40.25 0.4613926531424813
40.28 0.4603990791426257
40.3 0.4595709914126296
40.33 0.4576228709540117
40.35 0.45541417626386704
40.38 0.4544539903245218
40.4 0.4535549371980213
40.43 0.4526698003750295
40.45 0.4529682323648385
40.48 0.4526772180827131
40.5 0.45208948795562204
40.53 0.45081056744175174
40.55 0.4490211562815119
40.58 0.44521092223926795
40.6 0.440119537727445
40.62 0.43404438656644684
40.65 0.4282688385965051
40.68 0.42306423078030153
40.7 0.4183506825074123
40.73 0.41478476868521197
40.75 0.412757631673429
40.78 0.41176749834806214
40.8 0.4113396048531526
40.83 0.41204271877817417
40.85 0.41342864512408073
40.88 0.41553440766569677
40.9 0.41716728731337005
40.93 0.4186798243686849
40.95 0.4200375687100406
40.98 0.41903394593843174
41.0 0.4170088307018165
41.03 0.4132865627188298
41.05 0.41056561504327954
41.08 0.40836524633682275
41.1 0.40594749666001095
41.12 0.40457171609820636
41.15 0.4059682782907389
41.18 0.40813092292305525
41.2 0.41058521669387255
41.23 0.4137188962455183
41.25 0.41482603689892134
41.28 0.41328773992777845
41.3 0.4136962012675827
41.33 0.4151869624975092
41.35 0.41719221164995973
41.38 0.4197681532793107
41.4 0.4218134354986357
41.43 0.4235245793387728
41.45 0.4231261530383426
41.48 0.4217326632889453
41.5 0.4215536532917258
41.53 0.42247194689338896
41.55 0.42401228270860636
41.58 0.4237560904538511
41.6 0.4234788257675541
41.62 0.42327987411842594
41.65 0.4236579442323925
41.68 0.4238038259574462
41.7 0.44015039698748815
41.73 0.4394398701408372
41.75 0.43795311847960683
41.78 0.4376916763779559
41.8 0.4386561365747523
41.83 0.4396630726423187
41.85 0.44138897988385567
41.88 0.44282842710432213
41.9 0.4458081096641417
41.93 0.44839806253039494
41.95 0.450641377777496
41.98 0.4531222345195294
42.0 0.4553114071008155
42.03 0.4574421541317872
42.05 0.4578132884803632
42.08 0.4588112434688233
42.1 0.46258617018737014
42.12 0.4648686929090334
42.15 0.46447089037583533
42.18 0.4634361506814161
42.2 0.4622039277315358
42.23 0.46231188007656393
42.25 0.462974240234033
42.28 0.46535313730934896
42.3 0.466201442514198
42.33 0.46774936531013966
42.35 0.4692377542598197
42.38 0.47208994072605265
42.4 0.47556609482923456
42.43 0.4782908434940103
42.45 0.47955744802150274
42.48 0.48002956477910963
42.5 0.48036075152489216
42.53 0.48090707650036213
42.55 0.481096529002316
42.58 0.4811962226522045
42.6 0.48103476955622965
42.62 0.4793985249585363
42.65 0.47908921845207314
42.68 0.4797733812671315
42.7 0.4798921297002049
42.73 0.47998541136399964
42.75 0.4802001548073198
42.78 0.48181695799323704
42.8 0.48333163316321853
42.83 0.48507186820709414
42.85 0.4875569289549411
42.88 0.48850417578244115
42.9 0.4878501435857962
42.93 0.48773174477993964
42.95 0.48686552031616953
42.98 0.4868280503701234
43.0 0.4867459443437789
43.03 0.48641567262892565
43.05 0.48607644098253283
43.08 0.4845193471986145
43.1 0.48364427531191784
43.12 0.48380805840796487
43.15 0.4832402586132569
43.18 0.4833951809030813
43.2 0.4831148392219993
43.23 0.48366285080532495
43.25 0.48329628665853275
43.28 0.48235094970099884
43.3 0.4831421029764447
43.33 0.48367575601028706
43.35 0.4838695998877437
43.38 0.4846180502077348
43.4 0.4866922992204016
43.43 0.48532813518931095
43.45 0.4810507424104019
43.48 0.4778361561509776
43.5 0.47558371380449277
43.53 0.4935983533727249
43.55 0.49032278191688167
43.58 0.4866707257128912
43.6 0.48342770315108885
43.62 0.48106216026229676
43.65 0.4782771487439454
43.68 0.47667988657931
43.7 0.47503466012646894
43.73 0.4739728519726679
43.75 0.47321013103150117
43.78 0.4723742707012669
43.8 0.47238614493315856
43.83 0.47287593778302517
43.85 0.4726588615322981
43.88 0.4715342455118848
43.9 0.4697687596148864
43.93 0.46843920248999904
43.95 0.46684339827207877
43.98 0.46612231488068795
44.0 0.46724217044331745
44.03 0.46680691556917153
44.05 0.46797962684796
44.08 0.46862634313083124
44.1 0.4694543236040024
44.12 0.4702544903376922
44.15 0.4708628299951364
44.18 0.4713689926488165
44.2 0.471765550994869
44.23 0.4722235671718552
44.25 0.4731251806839188
44.28 0.47446578508562565
44.3 0.4781126743402755
44.33 0.4809167438858888
44.35 0.48116642897367196
44.38 0.47950002408739717
44.4 0.4791852449472744
44.43 0.47813163091401584
44.45 0.4747260107076291
44.48 0.4695769431516882
44.5 0.4644928126335406
44.53 0.4581882216960235
44.55 0.4536263338709651
44.58 0.45099766208482006
44.6 0.448875125536703
44.62 0.4445827331552249
44.65 0.44058083006707377
44.68 0.43737579674621446
44.7 0.4345799453526424
44.73 0.4317783465090672
44.75 0.4296644181068394
44.78 0.4283769356513499
44.8 0.42931008355378286
44.83 0.4307263127689103
44.85 0.4312724923159649
44.88 0.4315421376864437
44.9 0.43284207010443937
44.93 0.43415369449223634
44.95 0.43292908689044063
44.98 0.432163012193999
45.0 0.42979405260111087
45.03 0.42817636832519146
45.05 0.4273049005827908
45.08 0.4255316567979154
45.1 0.4249062839916416
45.12 0.425858484055229
45.15 0.4252540520478799
45.18 0.4248352603821871
45.2 0.42562452721258887
45.23 0.4263853814322769
45.25 0.42759031344030185
45.28 0.4277713723181343
45.3 0.42750062157050434
45.33 0.4258557157184332
45.35 0.4241597292577657
45.38 0.42351586807930064
45.4 0.42299243689650345
45.43 0.42222953723613693
45.45 0.4206045603367692
45.48 0.4182592569141081
45.5 0.43533830768604226
45.53 0.433178065841334
45.55 0.4309825757406694
45.58 0.43130259428757395
45.6 0.43128761538633037
45.62 0.4325794834722969
45.65 0.4333516152293177
45.68 0.4341249185393711
45.7 0.4361945097598007
45.73 0.43882411505881774
45.75 0.4417204054894802
45.78 0.4462493434466773
45.8 0.4482346485652711
45.83 0.44843127272409933
45.85 0.4473999226304811
45.88 0.44732626934320313
45.9 0.4477327929783741
45.93 0.44891442099813794
45.95 0.4496575643747156
45.98 0.4490371595881159
46.0 0.44700550751441837
46.03 0.44445544732132314
46.05 0.44211149944311784
46.08 0.4402629949898725
46.1 0.43969878382413063
46.12 0.4416740815837724
46.15 0.4445665696736965
46.18 0.44650317772129117
46.2 0.448081402328779
46.23 0.44996556383710684
46.25 0.45075618479407303
46.28 0.4512794570349562
46.3 0.4523162711504425
46.33 0.4526884562925123
46.35 0.45324875331513065
46.38 0.45365303148066555
46.4 0.4557566064382166
46.43 0.4582576166030435
46.45 0.4604861098146434
46.48 0.46310603886530044
46.5 0.46653489979290536
46.53 0.46952839833238647
46.55 0.4719030131648695
46.58 0.4741764519135817
46.6 0.4760199057265043
46.62 0.4774131055457757
46.65 0.4794993599742837
46.68 0.4825746215411274
46.7 0.48525610222233
46.73 0.48961379387220544
46.75 0.49488215033958655
46.78 0.49897590682154824
46.8 0.5022100902967354
46.83 0.5045908221775522
46.85 0.5068560311235429
46.88 0.5093682661025789
46.9 0.5124204518406346
46.93 0.5150638381730958
46.95 0.5156007565086459
46.98 0.5155648778025043
47.0 0.5152341899102421
47.03 0.5150684000518398
47.05 0.5155524954675313
47.08 0.5167838384601421
47.1 0.5179509207668784
47.12 0.5172496949113219
47.15 0.5146472281557216
47.18 0.5127167580650923
47.2 0.5121679255607986
47.23 0.5117530887851715
47.25 0.51126601841635
47.28 0.5108857672389595
47.3 0.5113189616801068
47.33 0.5115503452164731
47.35 0.5122829260075263
47.38 0.5128070538036216
47.4 0.5128672421567891
47.43 0.5134940872511806
47.45 0.5131367755146496
47.48 0.5135652325280158
47.5 0.5147433277060794
47.53 0.5162472148327274
47.55 0.5179921602244139
47.58 0.5192935698769824
47.6 0.5204225466448215
47.62 0.522137311237748
47.65 0.5468734935296032
47.68 0.5439768781681744
47.7 0.5421533238466983
47.73 0.541616353064923
47.75 0.5424245719322327
47.78 0.5409915543821299
47.8 0.5378709060184844
47.83 0.5348404339161089
47.85 0.5323066823085983
47.88 0.5300107050408832
47.9 0.5285337993152719
47.93 0.5270589402828992
47.95 0.5253846129417851
47.98 0.5243053407154019
48.0 0.5235486404663138
48.03 0.5237448632674173
48.05 0.5235223864319413
48.08 0.5246039857588257
48.1 0.5261883917030571
48.12 0.5261654637407527
48.15 0.5251318935778887
48.18 0.5254735619929944
48.2 0.5270865346403778
48.23 0.5282946971709434
48.25 0.5290219664310912
48.28 0.5299638042971999
48.3 0.5306733570128485
48.33 0.5297993577771442
48.35 0.5272644217618913
48.38 0.526318717459118
48.4 0.5234990706607351
48.43 0.5198359128126452
48.45 0.5175144919824799
48.48 0.5158590606885324
48.5 0.5133026599501888
48.53 0.51135317938911
48.55 0.5084278271691924
48.58 0.5060865984904311
48.6 0.5052648497844805
48.62 0.504759142351313
48.65 0.5037619239185982
48.68 0.5009445921623897
48.7 0.4967684451220745
48.73 0.49287271887526046
48.75 0.4895920714493913
48.78 0.4859410352257476
48.8 0.48308452767321436
48.83 0.4808359696089009
48.85 0.4797023560128269
48.88 0.4794759539040884
48.9 0.47904684915317924
48.93 0.4790469855369763
48.95 0.478801503107678
48.98 0.4781782458722199
49.0 0.47737223570114473
49.03 0.477599413149445
49.05 0.47810305222455424
49.08 0.4788390149658412
49.1 0.47949534195969623
49.12 0.48050536445559644
49.15 0.48175879142118244
49.18 0.4837556912459683
49.2 0.4856305381486951
49.23 0.488329639490716
49.25 0.4904027356211444
49.28 0.4925696358106296
49.3 0.49496802068208734
49.33 0.4976598486495518
49.35 0.4995630382921568
49.38 0.5033656418526296
49.4 0.5065694512236306
49.43 0.5098211596341755
49.45 0.5123939139589714
49.48 0.5155495998018464
49.5 0.5190944427489087
49.53 0.5219699979785846
49.55 0.522604318068444
49.58 0.5218736403505331
49.6 0.5212003768558939
49.62 0.5204963125158135
49.65 0.5191039901701293
49.68 0.5169601346593621
49.7 0.5139327049540328
49.73 0.510855988684328
49.75 0.5066162305381812
49.78 0.5023426896122678
49.8 0.49903848915933
49.83 0.49774646057603616
49.85 0.4980945641549831
49.88 0.4983025886661878
49.9 0.4983345358445237
49.93 0.49964514496021784
49.95 0.5011059138269021
49.98 0.503145319290444
50.0 0.5042096374548815
50.03 0.5043892723537188
50.05 0.5298006924324938
50.08 0.5305455489132531
50.1 0.5298694001965404
50.12 0.5279665767633682
50.15 0.5262730733361907
50.18 0.5245871765064735
50.2 0.5247374454722705
50.23 0.5250183912862261
50.25 0.5242026852388993
50.28 0.5235390904588536
50.3 0.5216518430292888
50.33 0.520093069279699
50.35 0.5194327800554989
50.38 0.5192204672266828
50.4 0.5197304977121593
50.43 0.5221167545074846
50.45 0.5228430022846782
50.48 0.5216124246374914
50.5 0.5213143756341316
50.53 0.5211796751868656
50.55 0.5225052034845603
50.58 0.5236304929307151
50.6 0.5242016203540147
50.62 0.5237513780980078
50.65 0.5223381770020434
50.68 0.5211412242530988
50.7 0.5196554340441254
50.73 0.5196385670453397
50.75 0.5194695966888659
50.78 0.5189849834756823
50.8 0.5184921928686214
50.83 0.517779881213877
50.85 0.5166364170505385
50.88 0.5164208645706183
50.9 0.5172409896919881
50.93 0.5191948973432451
50.95 0.5208289326267703
50.98 0.5218081638818295
51.0 0.5217764621248658
51.03 0.5230577184267632
51.05 0.5242884964185774
51.08 0.526642429049899
51.1 0.5282355657387019
51.12 0.5283509135822371
51.15 0.529040552015219
51.18 0.5293502699203815
51.2 0.5296881995210495
51.23 0.5295046150281163
51.25 0.5286633220171665
51.28 0.5275529904684976
51.3 0.5262606393157475
51.33 0.5244987918502929
51.35 0.5211125347359554
51.38 0.518639381099629
51.4 0.5159687931739594
51.43 0.5138665102318635
51.45 0.5124755419146363
51.48 0.5116060888288531
51.5 0.5109982730742062
51.53 0.5110371738488222
51.55 0.5100820211675585
51.58 0.5082658567590405
51.6 0.5072535480122232
51.62 0.5074650372754224
51.65 0.5094990741043004
51.68 0.5112358684136017
51.7 0.5127547195460473
51.73 0.5132835416051531
51.75 0.5128684167674288
51.78 0.5126354569353532
51.8 0.5131335340007324
51.83 0.5133834402280987
51.85 0.5130620542572338
51.88 0.5132368840517207
51.9 0.5132412025168638
51.93 0.513075469371386
51.95 0.5129198830898206
51.98 0.5137348747763791
52.0 0.5152532565655854
52.03 0.5164486369417054
52.05 0.5169528190020307
52.08 0.5178591667679584
52.1 0.5180382819933053
52.12 0.517918454175588
52.15 0.5184594858686541
52.18 0.5195202614406724
52.2 0.5209214559848103
52.23 0.5222339223269632
52.25 0.5241989151838737
52.28 0.5271842673866037
52.3 0.5303946653492978
52.33 0.5332338309273302
52.35 0.5363126106443972
52.38 0.5391573980177579
52.4 0.5409327461251794
52.43 0.5412703182035122
52.45 0.5405234505460742
52.48 0.5394964186732047
52.5 0.5375517265558334
52.53 0.5355010953553554
52.55 0.5338211118653743
52.58 0.5327115133116391
52.6 0.5327502034041698
52.62 0.5327099564287671
52.65 0.5328934977044654
52.68 0.5601263135039458
52.7 0.558457845528834
52.73 0.5568286663950398
52.75 0.5550258084660342
52.78 0.5545034024921051
52.8 0.5541485672741403
52.83 0.5535940276694584
52.85 0.5524263196642918
52.88 0.5506986433857132
52.9 0.5493886297739282
52.93 0.5485554354559362
52.95 0.5481080651201707
52.98 0.5479144255458652
53.0 0.5479086209797736
53.03 0.5466073146486798
53.05 0.5462282059539231
53.08 0.5461635103703034
53.1 0.5462551044368089
53.12 0.5445885409427506
53.15 0.5439733664057086
53.18 0.5431905076191721
53.2 0.5432321685534857
53.23 0.5432422842006291
53.25 0.5416806941127479
53.28 0.5389784655809536
53.3 0.5360705085523599
53.33 0.5338820063600679
53.35 0.5326306224890371
53.38 0.5317774480376116
53.4 0.5320957853894885
53.43 0.5329141495463527
53.45 0.532544722445386
53.48 0.5324440814978926
53.5 0.5327045001099233
53.53 0.5323104400357452
53.55 0.5324583598389192
53.58 0.5334142790944401
53.6 0.5331884753542884
53.62 0.5307772470531777
53.65 0.5283843197424308
53.68 0.5264057479987692
53.7 0.52480769130069
53.73 0.5238644971795885
53.75 0.5229938965007104
53.78 0.5209840746691312
53.8 0.5208342914675672
53.83 0.520602657971386
53.85 0.5198218331080412
53.88 0.5186136493017901
53.9 0.5185871959574225
53.93 0.5193262703040546
53.95 0.5196822758350302
53.98 0.519321087798907
54.0 0.5191282920013541
54.03 0.5188927170734645
54.05 0.5178805360017352
54.08 0.5157987942223294
54.1 0.5147554888519067
54.12 0.5142812375646348
54.15 0.5122302722366168
54.18 0.5088257386412083
54.2 0.5056492849086137
54.23 0.503069494724323
54.25 0.5009130151145963
54.28 0.5003270839442777
54.3 0.5008632855798426
54.33 0.5001629234361192
54.35 0.5000096558910617
54.38 0.49943936842400977
54.4 0.4976340854348862
54.43 0.49567652004260726
54.45 0.4935783119993722
54.48 0.4914597257179233
54.5 0.4902667182479262
54.53 0.4895053762930686
54.55 0.48787965949396556
54.58 0.4854353046285079
54.6 0.48349771599151814
54.62 0.48152125764548026
54.65 0.4784994932144021
54.68 0.47679650144563673
54.7 0.4738281847647619
54.73 0.4694594098344981
54.75 0.46522413784183175
54.78 0.4612923692596388
54.8 0.45747053395759724
54.83 0.4543181317015327
54.85 0.4530360992036386
54.88 0.4521033481221335
54.9 0.451503579963937
54.93 0.45104835153631645
54.95 0.4502077185205688
54.98 0.44991289074775154
55.0 0.4477995384005692
55.03 0.44521331655137225
55.05 0.4434535234879057
55.08 0.44162325314696926
55.1 0.44034928342885343
55.12 0.43844418954759845
55.15 0.43732548888375655
55.18 0.4365890887983916
55.2 0.43597038060599275
55.23 0.4347955912495945
55.25 0.4335305180990391
55.28 0.43278800518497446
55.3 0.431415627060152
55.33 0.43119126225615495
55.35 0.43313255368805076
55.38 0.43569321285332624
55.4 0.4383312656467478
55.43 0.4413408992673303
55.45 0.4444240303554866
55.48 0.44718985497049724
55.5 0.44967619150915356
55.53 0.4517067968500535
55.55 0.4542693072798292
55.58 0.455786690750822
55.6 0.4814161324694279
55.62 0.48196218447482586
55.65 0.4834118420656249
55.68 0.4862932905021311
55.7 0.4892852640565883
55.73 0.4920064060077552
55.75 0.4935818077257424
55.78 0.4955928600095431
55.8 0.4976978196227604
55.83 0.49760620741518513
55.85 0.4968436481355001
55.88 0.49601959067327767
55.9 0.4951560205386864
55.93 0.4936750404402052
55.95 0.49357897587508953
55.98 0.493811875687733
56.0 0.49351033572049025
56.03 0.49436954414840634
56.05 0.4960380737590394
56.08 0.4974109624286729
56.1 0.49975319478838764
56.12 0.5030562545208026
56.15 0.5046314056311079
56.18 0.5046890185589068
56.2 0.5026579309625386
56.23 0.49955232175190384
56.25 0.4957654087047132
56.28 0.49237511219690216
56.3 0.49043611456175307
56.33 0.48900100599908564
56.35 0.489556096896393
56.38 0.4883015319061818
56.4 0.4860833981657242
56.43 0.48426021502393307
56.45 0.4831704223279944
56.48 0.48328822259657395
56.5 0.48267297381698615
56.53 0.48187341485554486
56.55 0.4807520416102042
56.58 0.4799493197580558
56.6 0.4793735458009464
56.62 0.47921118534849033
56.65 0.47822196561079294
56.68 0.47738009587847
56.7 0.4762631020935978
56.73 0.47475391851849896
56.75 0.4750818956134976
56.78 0.4750185381884425
56.8 0.4744662201369793
56.83 0.4732605559499004
56.85 0.4716563869032237
56.88 0.47017265318784524
56.9 0.46964700225123135
56.93 0.4686826258291579
56.95 0.46814697286814677
56.98 0.467892704064143
57.0 0.4671844918796134
57.03 0.46679265784603136
57.05 0.46707078841036065
57.08 0.46664699826869244
57.1 0.46602541993901875
57.12 0.46566713965434947
57.15 0.46718038330213424
57.18 0.46779159903874007
57.2 0.4667320389772675
57.23 0.4665119146896723
57.25 0.4678054247669581
57.28 0.4700890798095341
57.3 0.47306049097713654
57.33 0.4756966450518954
57.35 0.47675074577977644
57.38 0.4762288855248329
57.4 0.47486998537981084
57.43 0.47226641506939715
57.45 0.4702846178018213
57.48 0.47004540405206224
57.5 0.470951235707535
57.53 0.4715631602834603
57.55 0.4720893419313458
57.58 0.473382787847077
57.6 0.4755533299587864
57.62 0.47842117647073784
57.65 0.4808650929845939
57.68 0.483039585667193
57.7 0.4864804177372342
57.73 0.4906246647321538
57.75 0.4927780169936227
57.78 0.49261495319548
57.8 0.49238865200762594
57.83 0.492630373922888
57.85 0.49333288691932314
57.88 0.49480622557485654
57.9 0.49501386169719047
57.93 0.4947326571673772
57.95 0.49477518155273387
57.98 0.49539270905559024
58.0 0.4948783854850405
58.03 0.4950364428237064
58.05 0.49568526196314205
58.08 0.49623082013036923
58.1 0.4962072077241569
58.12 0.4962092715087195
58.15 0.49707342155790113
58.18 0.49810159546155897
58.2 0.49769273155648713
58.23 0.4970560438789726
58.25 0.49588879953654635
58.28 0.4948275664868148
58.3 0.493593341370038
58.33 0.492055120998499
58.35 0.49038590344056204
58.38 0.4891946931398812
58.4 0.48915614515063344
58.43 0.48741753854108594
58.45 0.4856254571085857
58.48 0.4842152113376739
58.5 0.48287955523191745
58.53 0.482078490590244
58.55 0.48088156083759265
58.58 0.4785151951628325
58.6 0.47592399878011615
58.62 0.473924316298865
58.65 0.4727611938294028
58.68 0.47086822446107446
58.7 0.4696553540322941
58.73 0.4689669021568755
58.75 0.4694643141552926
58.78 0.46942522701142403
58.8 0.46964710965574985
58.83 0.47124382836587314
58.85 0.47271878193588357
58.88 0.5014083866614467
58.9 0.5038505380408105
58.93 0.5037149569323403
58.95 0.500449394024924
58.98 0.4982715571775773
59.0 0.4968691520798293
59.03 0.4975230369234309
59.05 0.4975890247481568
59.08 0.497556275941916
59.1 0.49677486280875016
59.12 0.4953797684471417
59.15 0.4929931157202484
59.18 0.49087316465699987
59.2 0.4904361145153596
59.23 0.4900282010045685
59.25 0.48959087185886274
59.28 0.4902514386855637
59.3 0.4908952362504239
59.33 0.49067406100242905
59.35 0.4900633650685817
59.38 0.4903884617470499
59.4 0.4903678561900573
59.43 0.49066172465024005
59.45 0.4899436622774884
59.48 0.4880975237342715
59.5 0.4852000787508253
59.53 0.48345373712519313
59.55 0.48130928382316573
59.58 0.4791712621468986
59.6 0.4777828701853047
59.62 0.47612035515002277
59.65 0.4749291709686909
59.68 0.47421346470974035
59.7 0.47291746271315394
59.73 0.46965545257897584
59.75 0.46564885895438274
59.78 0.4618914319467518
59.8 0.45956402681455993
59.83 0.45751953857684274
59.85 0.4552811277964596
59.88 0.4530357852330207
59.9 0.45003680062244866
59.93 0.44641140210812624
59.95 0.4436532648781579
59.98 0.4427950225911809
60.0 0.4420368281627038
60.03 0.4422182479704169
60.05 0.44351785555626294
60.08 0.4459238211411245
60.1 0.44876278128706854
60.12 0.45167526863719
60.15 0.4533201737014273
60.18 0.45460520733189713
60.2 0.4568415477481318
60.23 0.4587382897079945
60.25 0.461591155969767
60.28 0.46360414213743945
60.3 0.46515202150007734
60.33 0.46626996496983836
60.35 0.46743317171551885
60.38 0.46814419930620466
60.4 0.4676399817813879
60.43 0.4660954199123224
60.45 0.46557491212088137
60.48 0.465809158882258
60.5 0.4655052596287619
60.53 0.4655534864659519
60.55 0.46570653527356753
60.58 0.46631667766705986
60.6 0.4653040060146222
60.62 0.4649867952765333
60.65 0.46626483817772363
60.68 0.4686827884737209
60.7 0.47092524870793057
60.73 0.47180074128319965
60.75 0.4731176198849244
60.78 0.473574790663535
60.8 0.4747567661167132
60.83 0.4755517333164289
60.85 0.47453861624985205
60.88 0.4720313151485428
60.9 0.4690477277304731
60.93 0.4656097898527986
60.95 0.4625743497394657
60.98 0.45889989605571374
61.0 0.45535645632388067
61.03 0.45186565350599295
61.05 0.44973425369381975
61.08 0.4470783058003147
61.1 0.444918755656804
61.12 0.4428253300745245
61.15 0.4400401732467811
61.18 0.4367812372437068
61.2 0.43416366339476653
61.23 0.43353638880506645
61.25 0.432986214321754
61.28 0.4303912296491005
61.3 0.4270325297024635
61.33 0.42594944058800244
61.35 0.4253747440963222
61.38 0.42465136229355194
61.4 0.4236131446758356
61.43 0.42297461441118095
61.45 0.4219688127407096
61.48 0.4209580949798073
61.5 0.41974664315578264
61.53 0.4171719449371719
61.55 0.4153654805993272
61.58 0.4141864207088423
61.6 0.4140469167982978
61.62 0.4134748865063589
61.65 0.4129739792441524
61.68 0.4126052099801516
61.7 0.4131290285125609
61.73 0.4138979714591605
61.75 0.41444423159106925
61.78 0.4145919348818088
61.8 0.4149698135075559
61.83 0.41581894272037984
61.85 0.4171765896726689
61.88 0.4178712929095373
61.9 0.41831922564576945
61.93 0.41856033839093976
61.95 0.41902418537917824
61.98 0.4196622632299248
62.0 0.4205988380858485
62.03 0.42200228879455226
62.05 0.42287007801775245
62.08 0.4231106896178302
62.1 0.42446835555838913
62.12 0.425876114816466
62.15 0.4251186202094724
62.18 0.42402019924996437
62.2 0.42066869265244305
62.23 0.4178208252939455
62.25 0.414077231311915
62.28 0.41123654271225146
62.3 0.4091527365498564
62.33 0.4083519537305111
62.35 0.4068764669316125
62.38 0.40536476492072565
62.4 0.40411688690185055
62.43 0.4018450453464164
62.45 0.3996022894341135
62.48 0.39832623236444786
62.5 0.39761248222781387
62.53 0.3968938031855107
62.55 0.4165961089007025
62.58 0.4173974918362025
62.6 0.41738543624360336
62.62 0.41846720652783004
62.65 0.419451687074952
62.68 0.42149155120754417
62.7 0.424509726978346
62.73 0.42704162294473097
62.75 0.43011584194469205
62.78 0.43316719994988345
62.8 0.43660182873937825
62.83 0.4397628589689432
62.85 0.4433739668825929
62.88 0.44625769134701937
62.9 0.4490357843129
62.93 0.4505717983499696
62.95 0.4516847126817763
62.98 0.4520163914220794
63.0 0.452926883523527
63.03 0.45342774612149167
63.05 0.4536405741898496
63.08 0.45385601168760803
63.1 0.45414520861431745
63.12 0.4546559258032438
63.15 0.45442578533968203
63.18 0.45406623419106057
63.2 0.4529152987247074
63.23 0.4515920205487198
63.25 0.4497436898544163
63.28 0.44834155824391436
63.3 0.44763461869890037
63.33 0.44786186857944793
63.35 0.4491011446159281
63.38 0.4500035831613069
63.4 0.45188569871254236
63.43 0.4553968872209273
63.45 0.4573534035966588
63.48 0.45985772932781815
63.5 0.46240683311369873
63.53 0.46453120554060606
63.55 0.4664676414492271
63.58 0.46950458480899365
63.6 0.47373334500899916
63.62 0.47828271726223326
63.65 0.48152381873725897
63.68 0.48324017382332857
63.7 0.4822105344742028
63.73 0.4803187952014594
63.75 0.4771353677285451
63.78 0.47462466458771047
63.8 0.4730304258647387
63.83 0.47223275493209466
63.85 0.4723769453313273
63.88 0.4724853264802318
63.9 0.472228230220418
63.93 0.47212671531164896
63.95 0.47107980352400447
63.98 0.4706474228177775
64.0 0.4697988522577978
64.03 0.4684370752118039
64.05 0.4673825124865843
64.08 0.4665534482773898
64.1 0.4663361942459295
64.12 0.46588033671851564
64.15 0.46525118252607484
64.17 0.46537094691147207
64.2 0.46512283419089057
64.23 0.46584216266145223
64.25 0.4672499174355805
64.28 0.46782842089888915
64.3 0.4670649152041979
64.33 0.4663095676911053
64.35 0.46673764752744595
64.38 0.4679047847365955
64.4 0.4686333844825547
64.42 0.46814121481008447
64.45 0.46673499587807116
64.48 0.46527041318937484
64.5 0.46420907876858936
64.53 0.46228867248034283
64.55 0.4615903778456122
64.58 0.46261877988272254
64.6 0.46303504665738304
64.62 0.4638337636490326
64.65 0.4654155076218568
64.67 0.46781058386284674
64.7 0.4698864586261099
64.73 0.4722413727902901
64.75 0.47526195743141986
64.78 0.47844307485256043
64.8 0.48132370050396783
64.83 0.48402686145347523
64.85 0.48547832518758055
64.88 0.48640017450483897
64.9 0.4871739878265275
64.92 0.48737054110662886
64.95 0.4889527407660775
64.98 0.49055298581057155
65.0 0.49142573590190797
65.03 0.49205262270821365
65.05 0.4917343908251683
65.08 0.4924118310852744
65.1 0.49321540737785735
65.12 0.4943479471584023
65.15 0.49524045999648253
65.17 0.4961728760266673
65.2 0.4967144993268958
65.23 0.49706458775228596
65.25 0.49715747023514023
65.28 0.4971051545935418
65.3 0.4979118508248179
65.33 0.4990373517671502
65.35 0.5008002307100404
65.38 0.5023606458040486
65.4 0.5044917741559584
65.42 0.5069093436022988
65.45 0.5082166285668664
65.48 0.5102541497808931
65.5 0.5111965515341026
65.53 0.5110859835931827
65.55 0.5095035498541709
65.58 0.5077420625421859
65.6 0.5064715389697173
65.62 0.5054488928994804
65.65 0.5056986583591747
65.67 0.5060962517761892
65.7 0.5066493427478496
65.73 0.5083073933526954
65.75 0.5098864567174347
65.78 0.5110310014463908
65.8 0.5116075201179661
65.83 0.5134900337654318
65.85 0.5146187105843293
65.88 0.5154387633197455
65.9 0.5171110075489664
65.92 0.518389403551463
65.95 0.5207674889594675
65.98 0.5216740256665391
66.0 0.5208894926130745
66.03 0.5195629077203482
66.05 0.5194926085372293
66.08 0.5196083352563582
66.1 0.5205619327510913
66.12 0.5219815100377045
66.15 0.5228878437599018
66.17 0.522814880405806
66.2 0.5234056225678262
66.23 0.5232292944298376
66.25 0.5221928526299376
66.28 0.5215897398348626
66.3 0.5215935733475412
66.33 0.5228429812672842
66.35 0.5239201193908158
66.38 0.5244374580102321
66.4 0.5240601138015853
66.42 0.523819365718965
66.45 0.5232667443812744
66.48 0.5227377899747995
66.5 0.5226643739328144
66.53 0.5234026553597274
66.55 0.5248210806567911
66.58 0.5260927584619619
66.6 0.5279438262597088
66.62 0.5288915842045263
66.65 0.5281519251538356
66.67 0.5267997458882254
66.7 0.5252491830556668
66.73 0.5546019866281725
66.75 0.5530420919227039
66.78 0.5531029308141251
66.8 0.5531011671302201
66.83 0.5525411237138671
66.85 0.5517595863951978
66.88 0.5524653353389495
66.9 0.5533498653756546
66.92 0.5535565223645061
66.95 0.553492141956867
66.98 0.5520558368591502
67.0 0.5505015314460817
67.03 0.5488201505547374
67.05 0.5469149871479503
67.08 0.5451666449626688
67.1 0.5436578907115288
67.12 0.5419119390806869
67.15 0.5408249690983372
67.17 0.5404875133635769
67.2 0.5411754777965762
67.23 0.5406818857390059
67.25 0.539378179430767
67.28 0.5375609758328994
67.3 0.5360724679064696
67.33 0.5341529265131761
67.35 0.5317094725729805
67.38 0.528670277658281
67.4 0.5256222936847484
67.42 0.5226951565043993
67.45 0.5197609437271558
67.48 0.5166514278706986
67.5 0.5140614615717277
67.53 0.5117416915138249
67.55 0.5103392299289247
67.58 0.5092846293908457
67.6 0.5083392659723143
67.62 0.5083136403605512
67.65 0.5090734129246942
67.67 0.509999126890308
67.7 0.5108532293332406
67.73 0.5118818198344398
67.75 0.5136035645669794
67.78 0.5144044300156567
67.8 0.5141881605381026
67.83 0.5138072041413237
67.85 0.5137591328145746
67.88 0.5149189539112153
67.9 0.5161889062494955
67.92 0.5186262079808797
67.95 0.5211006017056877
67.98 0.5228782120381642
68.0 0.5235582683600143
68.03 0.5243237346854083
68.05 0.5245892131647264
68.08 0.5249230501185567
68.1 0.5251556998738643
68.12 0.5257401219291621
68.15 0.525479708814253
68.17 0.5231545237971386
68.2 0.5209023040712364
68.23 0.5183939186953374
68.25 0.5154100558041675
68.28 0.5116161849899173
68.3 0.507230778134552
68.33 0.5029806774225214
68.35 0.49907570552271785
68.38 0.4956414180013906
68.4 0.49146279661775033
68.42 0.4879423047501853
68.45 0.4846196519324268
68.48 0.4821075458714536
68.5 0.4800667091848947
68.53 0.47738925306853663
68.55 0.47562213306278456
68.58 0.47425726602626667
68.6 0.4736657790859008
68.62 0.47426489868480703
68.65 0.4753746065927762
68.67 0.4764571360491601
68.7 0.4772987721173945
68.73 0.47739614840308936
68.75 0.47719227481642823
68.78 0.4771700400009449
68.8 0.47716495055131386
68.83 0.4784375657306421
68.85 0.4812867770070527
68.88 0.48318595611894494
68.9 0.48446665830355906
68.92 0.48421819039136593
68.95 0.4827744476107802
68.98 0.48127543798709393
69.0 0.4791725477914099
69.03 0.47679996686081244
69.05 0.47459966438809464
69.08 0.4726662059377061
69.1 0.47194594940655515
69.12 0.47083323151415457
69.15 0.46961701014334806
69.17 0.46906799297921536
69.2 0.4692194354319362
69.23 0.4701350187461621
69.25 0.47007697359316414
69.28 0.4690469809444798
69.3 0.4692927593195802
69.33 0.46934544133319667
69.35 0.46919316885550294
69.38 0.46966832882705767
69.4 0.4699400628428706
69.42 0.4713126776750681
69.45 0.47285090421125336
69.48 0.4733424051726025
69.5 0.4740879164811688
69.53 0.4744522066358157
69.55 0.4744178879546916
69.58 0.4750059235305586
69.6 0.47655151067935686
69.62 0.4772021440530206
69.65 0.4770500750791566
69.67 0.4757188717536471
69.7 0.4749474408029922
69.73 0.4743946749413575
69.75 0.47377207160867635
69.78 0.47347378326274986
69.8 0.47285367787893257
69.83 0.4727607986567612
69.85 0.47216482512953245
69.88 0.47052225854626634
69.9 0.4680479926588702
69.92 0.46618742895668924
69.95 0.46555272783717094
69.98 0.46577685216267367
70.0 0.46599356056332847
70.03 0.4664830684600829
70.05 0.4677644330771474
70.08 0.46903697597646093
70.1 0.4705881977199551
70.12 0.4721748002947986
70.15 0.47260348309624856
70.17 0.47282503429228245
70.2 0.4737453698472454
70.23 0.4745805571312793
70.25 0.4745363224673993
70.28 0.4741725061949269
70.3 0.4743039204402073
70.33 0.47414397620547494
70.35 0.47425286426283975
70.38 0.47437513023261973
70.4 0.47393709426613395
70.42 0.47489940698118677
70.45 0.47587747215767573
70.48 0.47596907852436987
70.5 0.47694499301693927
70.53 0.4783300227068573
70.55 0.4804184227285702
70.58 0.48231869307964864
70.6 0.48495524265505896
70.62 0.4872057820326518
70.65 0.4883714050680269
70.67 0.48967075904079765
70.7 0.4891096257335877
70.73 0.48867672051318956
70.75 0.48892414549115865
70.78 0.48864520563300634
70.8 0.4879116847125586
70.83 0.486421187854831
70.85 0.4849644594288701
70.88 0.48422748134306026
70.9 0.4834464103702889
70.92 0.48411560946701604
70.95 0.48415974477538126
70.98 0.48425186347219723
71.0 0.4837118991394724
71.03 0.48274300379563856
71.05 0.4811042765267228
71.08 0.4788988789474207
71.1 0.4770390977262526
71.12 0.4761673721231482
71.15 0.4753639879759188
71.17 0.4739246618371323
71.2 0.4732083085070882
71.23 0.4721739186569441
71.25 0.47103505099546605
71.28 0.4700122920894747
71.3 0.4701040125307024
71.33 0.46986747477264657
71.35 0.4688510938437376
71.38 0.4679801157676983
71.4 0.4675844958729444
71.42 0.4694422328676984
71.45 0.47114317592083055
71.48 0.4980573811431472
71.5 0.49715694750830575
71.53 0.4962113859482081
71.55 0.4961404331884948
71.58 0.49713709975422893
71.6 0.4990054636340547
71.62 0.5017435432694368
71.65 0.5042201856642311
71.67 0.506910192470666
71.7 0.5091316073895042
71.73 0.5123008064826695
71.75 0.5139065936007736
71.78 0.5134258043500476
71.8 0.512738112876494
71.83 0.5113314956517032
71.85 0.5102996241255464
71.88 0.5097321088463085
71.9 0.5090007168472902
71.92 0.5083442299427071
71.95 0.5075624729697558
71.98 0.5070387410464403
72.0 0.5071591426946322
72.03 0.5075177350935355
72.05 0.507810072120459
72.08 0.5080689493353353
72.1 0.5086804378514641
72.12 0.5101519644699799
72.15 0.5125025575542953
72.17 0.5138743127309229
72.2 0.513827296290983
72.23 0.5135478206258807
72.25 0.5124187836745681
72.28 0.5119255269392078
72.3 0.5124529178886617
72.33 0.5137516352781988
72.35 0.5158696866756568
72.38 0.5178605231223468
72.4 0.5190854195734297
72.42 0.5197919834864887
72.45 0.5215087443718875
72.48 0.5247537606336719
72.5 0.5267704905201127
72.53 0.5281705563588939
72.55 0.5286906227770891
72.58 0.5273100970490732
72.6 0.5261008687346673
72.62 0.5235881423858013
72.65 0.5214583031254074
72.67 0.5191060371255661
72.7 0.5171770258091519
72.73 0.5146313299425521
72.75 0.5120392692355727
72.78 0.5098730254372245
72.8 0.5082176037801905
72.83 0.5063667698689166
72.85 0.5042917846957544
72.88 0.5032109187301551
72.9 0.5018202283449918
72.92 0.5004422432745401
72.95 0.49934118856954096
72.98 0.49943397430340414
73.0 0.4996236094523943
73.03 0.49945776376661954
73.05 0.4987961396592749
73.08 0.4978322496876612
73.1 0.49715235041615885
73.12 0.49733231840366066
73.15 0.4974419164349235
73.17 0.49783582979415464
73.2 0.49887650696639163
73.23 0.4994896360774476
73.25 0.5004142617955731
73.28 0.5013023948612648
73.3 0.5026508583739009
73.33 0.503579954436482
73.35 0.5041645649926516
73.38 0.5051376881752078
73.4 0.5065123608249744
73.42 0.5075563213131308
73.45 0.5081033087176493
73.48 0.5082945403473136
73.5 0.5081503792991614
73.53 0.5086660734150599
73.55 0.5091742472496179
73.58 0.5101581399209918
73.6 0.5115129061723435
73.62 0.512551867788687
73.65 0.5127722016959848
73.67 0.5132830148697861
73.7 0.5140085145472153
73.73 0.5137552674523886
73.75 0.5137316878237659
73.78 0.5143408392513776
73.8 0.5151987671470327
73.83 0.5156238596041105
73.85 0.5153962985033769
73.88 0.5164510394993556
73.9 0.518313502051032
73.92 0.5206566157912846
73.95 0.5232625739748502
73.98 0.5262984354478085
74.0 0.5302220110660733
74.03 0.5337915507214713
74.05 0.5378259716682662
74.08 0.5426813059745924
74.1 0.5474308652928488
74.12 0.5514994653494413
74.15 0.5549140672044344
74.17 0.558219800696004
74.2 0.5617180778894797
74.23 0.5660312939905777
74.25 0.5697526463253766
74.28 0.5739977103623118
74.3 0.5775367606776969
74.33 0.5802103738835334
74.35 0.5810366366595675
74.38 0.5813041720644291
74.4 0.5813211980187779
74.42 0.5800481249964626
74.45 0.5787069355724211
74.48 0.5776263832149596
74.5 0.5766573903045071
74.53 0.5751219304102946
74.55 0.5738762329319754
74.58 0.5712533558612979
74.6 0.567603063686523
74.62 0.5637579260431177
74.65 0.5602066482679301
74.67 0.5568162171345772
74.7 0.5532308269555779
74.73 0.5498711452917501
74.75 0.547926287741981
74.78 0.5470796799720711
74.8 0.5458778518439181
74.83 0.5442448938682634
74.85 0.5429055092251287
74.88 0.5420497271840429
74.9 0.540222787719678
74.92 0.5377286384852193
74.95 0.5361760554489692
74.98 0.5336134166140785
75.0 0.5301300252652479
75.03 0.5250646901658778
75.05 0.5205066004570738
75.08 0.5160406481956419
75.1 0.5118925076181875
75.12 0.509298265377254
75.15 0.5072502130931827
75.17 0.5054457965703221
75.2 0.5021907697954658
75.23 0.498080017181736
75.25 0.49394756666111017
75.28 0.48977081203949924
75.3 0.48672853359491447
75.33 0.4845369268663167
75.35 0.4824496305177922
75.38 0.48042646753251866
75.4 0.4784207492535901
75.42 0.47692607857168606
75.45 0.47625862148962156
75.48 0.4766568227368285
75.5 0.4771764563084103
75.53 0.4782194214395056
75.55 0.4788594387157743
75.58 0.4792693521446315
75.6 0.480051990599427
75.62 0.48103882257185393
75.65 0.48139751001507713
75.67 0.48099680300363296
75.7 0.48044937300432833
75.73 0.47997057328239406
75.75 0.480053574109741
75.78 0.48058125948468877
75.8 0.4814344341781453
75.83 0.4825327553875682
75.85 0.4845963673052437
75.88 0.48712710206498305
75.9 0.4896536487720555
75.92 0.4928496160261747
75.95 0.4955190676142741
75.98 0.49816404935955494
76.0 0.5003598863165313
76.03 0.5019790602757771
76.05 0.5031782589432243
76.08 0.5033095029035416
76.1 0.5034379816993672
76.12 0.5033292805103142
76.15 0.5030087759627716
76.17 0.502091647697785
76.2 0.5010113012546468
76.23 0.49952108680437696
76.25 0.49758686901202454
76.28 0.49585585177061753
76.3 0.49568068509630003
76.33 0.49569952396480144
76.35 0.4963344380512684
76.38 0.49779543991074965
76.4 0.4995246956730944
76.42 0.5013662327141027
76.45 0.5030864695444205
76.48 0.5037148265599602
76.5 0.5052153666170439
76.53 0.5064595294575479
76.55 0.5071840248809597
76.58 0.5070599951254728
76.6 0.5060056283336738
76.62 0.5040814103628226
76.65 0.501805969499343
76.67 0.5004448654180349
76.7 0.4992046892389305
76.73 0.4978494104844194
76.75 0.49667514873693336
76.78 0.49590595661824444
76.8 0.49433486973407087
76.83 0.4937889470310745
76.85 0.49320484546247934
76.88 0.4915221097471649
76.9 0.4899850682493861
76.93 0.4888551995181551
76.95 0.48818260712715683
76.98 0.5129261559732409
77.0 0.5124437079211976
77.03 0.5125741131164006
77.05 0.5130672764859144
77.08 0.5134197575458089
77.1 0.5136478698999605
77.12 0.5135447194780812
77.15 0.5135711557612946
77.18 0.5136745796949379
77.2 0.5136898526717031
77.23 0.5141473555625057
77.25 0.5141302086631853
77.28 0.513647977009679
77.3 0.5133263846576446
77.33 0.5128033220274093
77.35 0.512700781622723
77.38 0.5145204928296372
77.4 0.5165164044900951
77.43 0.5177769794497773
77.45 0.5181728352684212
77.48 0.5187233494092894
77.5 0.5185291964579001
77.53 0.5185713841753472
77.55 0.5187451755933143
77.58 0.5206454261277798
77.6 0.5224497408916149
77.62 0.523845971262419
77.65 0.5255886742727264
77.68 0.5278469902250176
77.7 0.5303355886846428
77.73 0.5327647034060949
77.75 0.5341269743213839
77.78 0.5360611147878842
77.8 0.537326530246826
77.83 0.536920419667796
77.85 0.5350024429092475
77.88 0.5335815073688096
77.9 0.5318600700999268
77.93 0.5323667152074196
77.95 0.5321373530572913
77.98 0.5307532687478894
78.0 0.5291898416460163
78.03 0.528514697606026
78.05 0.5287287258941827
78.08 0.5304106967013718
78.1 0.5328387581845546
78.12 0.5353089684490536
78.15 0.5376819550397124
78.18 0.5402174766356054
78.2 0.5416259260618257
78.23 0.5417067803614013
78.25 0.5428201300362939
78.28 0.5425669499817262
78.3 0.5413295151565802
78.33 0.5407579517073113
78.35 0.5401392313374442
78.38 0.540007410195557
78.4 0.5411965093908496
78.43 0.5418831032469434
78.45 0.5419278702652264
78.48 0.5418327439954111
78.5 0.5417586251542704
78.53 0.5420081919226156
78.55 0.5424945854338228
78.58 0.5427676121547358
78.6 0.5420875674057776
78.62 0.5408269232023524
78.65 0.5398919731163198
78.68 0.5395327045952758
78.7 0.5397381371710487
78.73 0.5390639376529778
78.75 0.5376377503990153
78.78 0.5353539620500887
78.8 0.533385363432323
78.83 0.5321792741217036
78.85 0.5311151134520167
78.88 0.5314341430823902
78.9 0.5323545011155261
78.93 0.5343941461610364
78.95 0.535986245291539
78.98 0.5367373112661571
79.0 0.5367698371943518
79.03 0.5372900819366205
79.05 0.5387208037285665
79.08 0.5390938342021466
79.1 0.5382351010519214
79.12 0.5378173475341669
79.15 0.5372012856454883
79.18 0.535791695586734
79.2 0.5347604564358185
79.23 0.5325814781722588
79.25 0.5314276177077046
79.28 0.530055480854432
79.3 0.5284692510686141
79.33 0.5259091760092657
79.35 0.5237731270550539
79.38 0.5214960123307156
79.4 0.5191159081174306
79.43 0.516525662986532
79.45 0.5132576516291362
79.48 0.5091026237669661
79.5 0.5057014977255703
79.53 0.5023300035013597
79.55 0.49844768787077237
79.58 0.493992495912868
79.6 0.4896893580116743
79.62 0.4849177913149585
79.65 0.4799040668952048
79.68 0.4737131757057325
79.7 0.46883618266294463
79.73 0.46454544829636263
79.75 0.461302050636696
79.78 0.4590453219356274
79.8 0.4564937145146457
79.83 0.4541741612520479
79.85 0.4522422084277192
79.88 0.4507499847635446
79.9 0.4495394799987444
79.93 0.4479544196112871
79.95 0.44654849455628864
79.98 0.4454241356874354
80.0 0.4445803406440457
80.03 0.44373155379419243
80.05 0.44315944307144695
80.08 0.44299373864411246
80.1 0.44301391674530427
80.12 0.44306005369046053
80.15 0.44297316025454947
80.18 0.44261613152617224
80.2 0.4423543272615698
80.23 0.4429192595592544
80.25 0.44367752163228047
80.28 0.4456556273145494
80.3 0.4481140303368563
80.33 0.4500511443176543
80.35 0.45113243641147827
80.38 0.451863119530537
80.4 0.45218834520885304
80.43 0.4519506088575896
80.45 0.45261831076105913
80.48 0.45376011893521156
80.5 0.4543699068595227
80.53 0.4549225782519264
80.55 0.4558098928348091
80.58 0.45640879920889255
80.6 0.4578591035581844
80.62 0.45945221825314503
80.65 0.460276927402868
80.68 0.46129032585783597
80.7 0.46181773708734
80.73 0.4636958385262733
80.75 0.46520088625985373
80.78 0.46702987835431553
80.8 0.4678324863270848
80.83 0.46883856469096447
80.85 0.46998941968302016
80.88 0.4709529614636949
80.9 0.4723665331057266
80.93 0.47376914056849223
80.95 0.4754050005770761
80.98 0.4771665631514526
81.0 0.4785573210104177
81.03 0.4794069554885885
81.05 0.4796702833426134
81.08 0.47946467941105864
81.1 0.47890137001778454
81.12 0.47783343714792825
81.15 0.47609585046053143
81.18 0.47449881088392937
81.2 0.47248110761454004
81.23 0.4702490049729285
81.25 0.4676422907508923
81.28 0.4644652482244874
81.3 0.4610113437603355
81.33 0.4586034992798064
81.35 0.45668425713837996
81.38 0.454353868172262
81.4 0.45265408072918406
81.43 0.45116953976053265
81.45 0.44962975436966485
81.48 0.4480707587839077
81.5 0.4467514505708687
81.53 0.44579508621101
81.55 0.4447267969714701
81.58 0.44359328425165234
81.6 0.44188795144743315
81.62 0.4403233862976535
81.65 0.4389827792719028
81.68 0.43846771593952283
81.7 0.43854970304626406
81.73 0.43889686524791494
81.75 0.4397417565228156
81.78 0.44033020327498085
81.8 0.4395487806589055
81.83 0.4375676663851586
81.85 0.43513852073098563
81.88 0.4328478619477723
81.9 0.4319623958304367
81.93 0.4309000078144886
81.95 0.42970056643955284
81.98 0.4277791230403732
82.0 0.42676404334810003
82.03 0.425317061744375
82.05 0.4236574780287374
82.08 0.42231147097150457
82.1 0.4213828974356337
82.12 0.42103466027278974
82.15 0.42092967638078255
82.18 0.421087051979977
82.2 0.42122027940748286
82.23 0.42106575484038355
82.25 0.4219506121794169
82.28 0.42343082796414216
82.3 0.42489782008227805
82.33 0.426241429295603
82.35 0.42815316523040153
82.38 0.43019639174179397
82.4 0.43202497423590863
82.43 0.43303173670382655
82.45 0.4346144302075237
82.48 0.4349969524160897
82.5 0.4351332168639956
82.53 0.4351665298209179
82.55 0.4352568129671808
82.58 0.43571861871304934
82.6 0.4359499755230583
82.62 0.43642152573053977
82.65 0.4372961782840084
82.68 0.43792968334723076
82.7 0.4385927742058584
82.73 0.439476842575041
82.75 0.4402062913931199
82.78 0.44042872318016557
82.8 0.4410595187867506
82.83 0.44145018370235717
82.85 0.44161616518213237
82.88 0.4413707452216422
82.9 0.44096189563251414
82.93 0.4393578217841583
82.95 0.4380359380836343
82.98 0.4374555241876393
83.0 0.4371466308592496
83.03 0.4376161624971867
83.05 0.43875666112414713
83.08 0.4410889298325908
83.1 0.44345409386141893
83.12 0.445277147338667
83.15 0.4467527602212652
83.18 0.4484033594161603
83.2 0.4493076956034633
83.23 0.44913283099513523
83.25 0.4492974994294495
83.28 0.4491452293439462
83.3 0.44929861807690896
83.33 0.45003973049859836
83.35 0.4502290683123159
83.38 0.4504002628035587
83.4 0.47663964430451056
83.43 0.4770005396205891
83.45 0.47732206980626546
83.48 0.47773587807066153
83.5 0.47860926930194625
83.53 0.47935192591874465
83.55 0.4793167705256653
83.58 0.4796752601740848
83.6 0.47992377649719115
83.62 0.48005094612533505
83.65 0.4807682041294182
83.68 0.4824818797124735
83.7 0.4838126835967461
83.73 0.4845190254317336
83.75 0.4844812168059033
83.78 0.48442729551435876
83.8 0.48429436449558694
83.83 0.48371677542546415
83.85 0.4840157576653087
83.88 0.48365874662370717
83.9 0.48407508320911674
83.93 0.4862378356163354
83.95 0.4887740361539075
83.98 0.4910216164649557
84.0 0.4934745229642306
84.03 0.495733342070362
84.05 0.49909664376043433
84.08 0.5017101687617289
84.1 0.5032070432757725
84.12 0.5045548549642582
84.15 0.5076366831824354
84.18 0.5105384560456738
84.2 0.5122793645238796
84.23 0.5134245479322554
84.25 0.5141928559326673
84.28 0.5139375613793885
84.3 0.5135000931433178
84.33 0.5131139828912057
84.35 0.5132769612501318
84.38 0.5132702767126193
84.4 0.5134871960014179
84.43 0.5142606895872304
84.45 0.5154356727880974
84.48 0.5154834971025877
84.5 0.5157269801338252
84.53 0.516256132566816
84.55 0.5163743966195056
84.58 0.5156825726712729
84.6 0.514603719765542
84.62 0.5141942361868876
84.65 0.5151395265433637
84.68 0.5154041673528804
84.7 0.5163574137207233
84.73 0.5172316502512271
84.75 0.5181458709335286
84.78 0.519427969384689
84.8 0.5209334980750232
84.83 0.5218219656279728
84.85 0.5217937902522813
84.88 0.5223595884439801
84.9 0.5224211070039928
84.93 0.5224923390933887
84.95 0.5227531449165151
84.98 0.5224332993178905
85.0 0.5220896955262336
85.03 0.522101536858738
85.05 0.5222857359542182
85.08 0.5222486860241184
85.1 0.5236157000968168
85.12 0.5251154929745684
85.15 0.5257815641167132
85.18 0.5267244599462162
85.2 0.5273462896717633
85.23 0.5276233025202332
85.25 0.5277850078207125
85.28 0.5290804520320915
85.3 0.5297925163181164
85.33 0.5311010864630532
85.35 0.5318304699404607
85.38 0.5320777428102281
85.4 0.5318856515381344
85.43 0.5310752662453542
85.45 0.5305687461560025
85.48 0.5290502580812435
85.5 0.5283087988414109
85.53 0.5281111616603785
85.55 0.5286672772213242
85.58 0.5289518522739025
85.6 0.5289779220346544
85.62 0.5285872207884075
85.65 0.529644171370817
85.68 0.5306553650396183
85.7 0.5322228817061918
85.73 0.5333785730288203
85.75 0.5326700739971949
85.78 0.5312048844516133
85.8 0.5291779076674817
85.83 0.5274710606125372
85.85 0.5276317718640997
85.88 0.5275673196249516
85.9 0.5282275575294929
85.93 0.529306999599282
85.95 0.5306394245913396
85.98 0.5316494873450621
86.0 0.5324921301449534
86.03 0.532717953757655
86.05 0.5334062230506615
86.08 0.534946261659855
86.1 0.5350921309279868
86.12 0.5339086350506242
86.15 0.5315295775774064
86.18 0.5298223809604932
86.2 0.5288316268431571
86.23 0.5291632443674075
86.25 0.5288494510759059
86.28 0.5280183717295669
86.3 0.5270352988602806
86.33 0.5262170523134592
86.35 0.5257501273548058
86.38 0.5253524866797754
86.4 0.5249597746705904
86.43 0.5256024229370039
86.45 0.5262972927014856
86.48 0.5267063874392105
86.5 0.526124154505822
86.53 0.5258275666410647
86.55 0.5265619338477917
86.58 0.5283161865887479
86.6 0.5303014859915883
86.62 0.5322071857489931
86.65 0.5333612567246563
86.68 0.5343180298803156
86.7 0.5360181502852593
86.73 0.5381716963959825
86.75 0.5408272020569461
86.78 0.5443467714379245
86.8 0.5480366085050614
86.83 0.550670570635654
86.85 0.5513011615683885
86.88 0.5503917197751903
86.9 0.5483036999471512
86.93 0.5462906040842193
86.95 0.5446442442215683
86.98 0.5436865197157472
87.0 0.5422056624653627
87.03 0.5412485225846817
87.05 0.5401263122081508
87.08 0.538873211551688
87.1 0.5375019921804887
87.12 0.5357710119351148
87.15 0.5337274467337791
87.18 0.5322236032487921
87.2 0.5309671092130552
87.23 0.5304328153723231
87.25 0.5299008287018431
87.28 0.5289016557224693
87.3 0.5275589031366218
87.33 0.5265610578742786
87.35 0.5252612309099801
87.38 0.523466951265278
87.4 0.5207537879542632
87.43 0.5176408975993924
87.45 0.5147941400577266
87.48 0.5117861942235072
87.5 0.5087264285547977
87.53 0.5051692509900468
87.55 0.5016282557345869
87.58 0.49896538149267267
87.6 0.4968456458094303
87.62 0.49442619835815577
87.65 0.49210079461829837
87.68 0.4896526507544235
87.7 0.4868831114084478
87.73 0.48457621544672863
87.75 0.4830042440793161
87.78 0.4813126335312662
87.8 0.47876841448122903
87.83 0.47642550305779585
87.85 0.47451488118543317
87.88 0.4715929077202778
87.9 0.4691975990968153
87.93 0.46707529597546427
87.95 0.4652572787768254
87.98 0.4630533539040251
88.0 0.4618390585682886
88.03 0.4599016540300421
88.05 0.4578205342539543
88.08 0.45573090910456204
88.1 0.45415364307481193
88.12 0.4526373574416778
88.15 0.4502483387548694
88.18 0.44809896480555816
88.2 0.4467893628377341
88.23 0.44596673874656234
88.25 0.4461655984132465
88.28 0.4465505320217831
88.3 0.44762435581734894
88.33 0.448627023554371
88.35 0.4494365973909715
88.38 0.4493978719140788
88.4 0.4490380079297299
88.43 0.44846333007850114
88.45 0.4483105310013108
88.48 0.4481025680238336
88.5 0.4491128432347173
88.53 0.45049683391733353
88.55 0.45279980247240137
88.58 0.45552451921302756
88.6 0.4585632106466946
88.62 0.46045172247806554
88.65 0.461702315833295
88.68 0.4623946532877553
88.7 0.46250377673099685
88.73 0.46271715231485944
88.75 0.462264666789396
88.78 0.4617997169119304
88.8 0.46192991009853807
88.83 0.46215854788233235
88.85 0.46254293707428507
88.88 0.4624177764674436
88.9 0.46216863793451163
88.93 0.46151192643392347
88.95 0.46061055999670897
88.98 0.4595964594735969
89.0 0.45842144461925544
89.03 0.45711110723610726
89.05 0.45695624819418806
89.08 0.45614632462696986
89.1 0.4553239703197698
89.12 0.4545348297792202
89.15 0.4542955425213396
89.18 0.4536702394692155
89.2 0.4532621684796482
89.23 0.45209836931336134
89.25 0.4504665745849646
89.28 0.4485200449605117
89.3 0.44630200717766244
89.33 0.44402733755783214
89.35 0.4418220500917082
89.38 0.43906039155149773
89.4 0.4361679818882029
89.43 0.4328441692883688
89.45 0.43050165798835843
89.48 0.42872614369381806
89.5 0.4271699713684852
89.53 0.42460294174636193
89.55 0.4223800156951546
89.58 0.4204522687532187
89.6 0.4183271033147515
89.62 0.41652568330401163
89.65 0.41489895373641156
89.68 0.4134314585517444
89.7 0.41250786037037246
89.73 0.41209122250793706
89.75 0.4120318021825723
89.78 0.41226592618821156
89.8 0.41161879320419953
89.83 0.41133981599082337
89.85 0.41149029957324157
89.88 0.4115967650191152
89.9 0.4110743059338917
89.93 0.4106318980380813
89.95 0.41026716489558485
89.98 0.40936861944692726
90.0 0.40824942504179135
90.03 0.40638748937783686
90.05 0.4044076068061451
90.08 0.4027701190555283
90.1 0.4014151024187727
90.12 0.4000939958772566
90.15 0.3995046227213957
90.18 0.3993444029540191
90.2 0.39924753968970933
90.23 0.39941475631854145
90.25 0.40017985159371183
90.28 0.4014808999568163
90.3 0.4033778502633253
90.33 0.40521007637397055
90.35 0.40688121391894727
90.38 0.40829992173948204
90.4 0.40954797110331587
90.43 0.410855683204327
90.45 0.412060712195926
90.48 0.4134419019742451
90.5 0.4153101565280594
90.53 0.4166491148999332
90.55 0.41815951095952886
90.58 0.4200954298327354
90.6 0.42215888026029014
90.62 0.42345052217633344
90.65 0.42381131975658637
90.68 0.42441164758393213
90.7 0.4250636954104028
90.73 0.426157458819753
90.75 0.4280178439924695
90.78 0.4296312525062766
90.8 0.4307651514330592
90.83 0.4317883567527832
90.85 0.4323071485851585
90.88 0.4325241879127227
90.9 0.4322555670116238
90.93 0.4320065020040436
90.95 0.4317482659774942
90.98 0.44643950784884723
91.0 0.44718455157159515
91.03 0.44810778524235484
91.05 0.4492469782190307
91.08 0.4497582880123802
91.1 0.45012277197265166
91.12 0.45013887675274616
91.15 0.45016383139469174
91.18 0.45040193105362203
91.2 0.45057568057115777
91.23 0.45091989018330314
91.25 0.45118988448013825
91.28 0.4511882213148723
91.3 0.4503556866672832
91.33 0.44875257645007144
91.35 0.44711628749951604
91.38 0.44588734864002105
91.4 0.4455065674149079
91.43 0.44599758315718147
91.45 0.447167114962479
91.48 0.448998552327802
91.5 0.4512062710462329
91.53 0.4534287080712348
91.55 0.45578203964231445
91.58 0.4570924222041886
91.6 0.4585733207115887
91.62 0.45958803020397077
91.65 0.46043736139565394
91.68 0.4606426609647367
91.7 0.4606930142272405
91.73 0.4610102987025049
91.75 0.461924923670044
91.78 0.46279416686473995
91.8 0.46407687072034276
91.83 0.46562317705740874
91.85 0.46758088412285326
91.88 0.4694885342269235
91.9 0.47107715478270845
91.93 0.47219202735988286
91.95 0.4737581789098604
91.98 0.4746236040427156
92.0 0.4755462799573689
92.03 0.4763463267812296
92.05 0.4774827792621882
92.08 0.47825752893805623
92.1 0.47894906013401994
92.12 0.47990220958168667
92.15 0.48052399743779983
92.18 0.48132364959269014
92.2 0.48208030662483664
92.23 0.4832834554323086
92.25 0.48450731003011627
92.28 0.48551038136469016
92.3 0.48736550051438376
92.33 0.48939770881548644
92.35 0.4911824829316993
92.38 0.4925038666187855
92.4 0.49378051691508235
92.43 0.49493237238815
92.45 0.4960898590731614
92.48 0.4974279621971294
92.5 0.49825781713769457
92.53 0.4988185816976077
92.55 0.4994551774865829
92.58 0.5005658542010284
92.6 0.5020196888052206
92.62 0.5028851511024842
92.65 0.5035757991890795
92.68 0.504348596410979
92.7 0.5058295464171334
92.73 0.5071895060593367
92.75 0.5090360385651275
92.78 0.5110184352820201
92.8 0.5136647010674747
92.83 0.5164891792237843
92.85 0.5199511715810101
92.88 0.5234371931264306
92.9 0.5265727697783207
92.93 0.529275029987216
92.95 0.5320102652995141
92.98 0.5353219924162114
93.0 0.5380779582100896
93.03 0.540758776489129
93.05 0.5431336958356373
93.08 0.5456855262493797
93.1 0.547402541909611
93.12 0.5492570808617624
93.15 0.5514299185837369
93.18 0.5534919675381702
93.2 0.554601627279281
93.23 0.5554986713629212
93.25 0.557080547498142
93.28 0.5583651766058472
93.3 0.5592134134923393
93.33 0.5603955920274603
93.35 0.5616099770351717
93.38 0.5630775168171892
93.4 0.5644330575139257
93.43 0.5664801011274734
93.45 0.5689991068290798
93.48 0.5719967470583114
93.5 0.5759250454802902
93.53 0.5794869908592677
93.55 0.582067939429869
93.58 0.5842536575397307
93.6 0.5866972317381351
93.62 0.5888250555553266
93.65 0.5903861690353147
93.68 0.5914702361852686
93.7 0.5930322778961765
93.73 0.594681577211694
93.75 0.5958522441264913
93.78 0.5971406565116306
93.8 0.5995978046146659
93.83 0.6016550396434887
93.85 0.6025660810617589
93.88 0.6028177380806041
93.9 0.6034317483735848
93.93 0.6039720850838433
93.95 0.6039166440765464
93.98 0.6037629463278842
94.0 0.6044172329856067
94.03 0.6046354650876562
94.05 0.6053641679202826
94.08 0.6064036314846204
94.1 0.6074491102346253
94.12 0.6087574260962669
94.15 0.6106340834135596
94.18 0.6124134758068622
94.2 0.6138694688352977
94.23 0.6157618505537766
94.25 0.6167256931873546
94.28 0.6171443127680116
94.3 0.6175871013968555
94.33 0.6188069371028001
94.35 0.6205022406142436
94.38 0.6226172736865282
94.4 0.6248272669488929
94.43 0.6257343552269736
94.45 0.6264926760562224
94.48 0.6263571881281137
94.5 0.6261569552673781
94.53 0.6254790123071744
94.55 0.6258649397670135
94.58 0.6265501947245873
94.6 0.6265595160521477
94.62 0.6266400138699572
94.65 0.6266197204096096
94.68 0.6264941964302141
94.7 0.6270122527503383
94.73 0.6274682004506277
94.75 0.6282819900236649
94.78 0.627991944214017
94.8 0.6288425019231967
94.83 0.6297091414703512
94.85 0.6307709302929364
94.88 0.6307980376573372
94.9 0.6304599503411377
94.93 0.6303988094919482
94.95 0.6304059638576023
94.98 0.63041783656611
95.0 0.6313174922822409
95.03 0.6320500883667463
95.05 0.6325599661721146
95.08 0.6331515464868925
95.1 0.633823930808838
95.12 0.634439572666925
95.15 0.6343128571995356
95.18 0.6343323667995819
95.2 0.6338930195922682
95.23 0.6351830518246306
95.25 0.6361320516587682
95.28 0.6361603687531686
95.3 0.635503479399175
95.33 0.6337151882133263
95.35 0.6319557419536815
95.38 0.6315988082600015
95.4 0.6316522380433996
95.43 0.6320011778589568
95.45 0.6326842420620147
95.48 0.6340483188847225
95.5 0.6350704825410136
95.53 0.634946045622182
95.55 0.6340828401511016
95.58 0.6324815176717473
95.6 0.629323479612976
95.62 0.6267821280673567
95.65 0.6242563365176562
95.68 0.6219707474168248
95.7 0.6196998899142114
95.73 0.617658817922893
95.75 0.6147375239415311
95.78 0.612183029452195
95.8 0.6099600050712196
95.83 0.607997893344248
95.85 0.6055149184150004
95.88 0.6026405818454138
95.9 0.5998978012611836
95.93 0.5971684497390848
95.95 0.5950832583690401
95.98 0.5932466263496636
96.0 0.5918946339575214
96.03 0.5911762297996699
96.05 0.5907497672382669
96.08 0.5905285944397731
96.1 0.5898584632272854
96.12 0.5897224760748184
96.15 0.5902054075449688
96.18 0.5908405227056288
96.2 0.5915276009782272
96.23 0.5915907251149285
96.25 0.5912553923438264
96.28 0.5906115066262391
96.3 0.5905886654553305
96.33 0.5907620059584461
96.35 0.5914740477915474
96.38 0.5927771616270614
96.4 0.5940905217215385
96.43 0.5955207284564711
96.45 0.5970496459116295
96.48 0.5978835203928579
96.5 0.5984320646774465
96.53 0.5987890522030235
96.55 0.598501076367265
96.58 0.5985245233753308
96.6 0.598095004673712
96.62 0.5971723913445061
96.65 0.5960144592264058
96.68 0.5935351002281257
96.7 0.5916328479339474
96.73 0.5905566336796718
96.75 0.5887042856610281
96.78 0.5864160728113622
96.8 0.5845456394971147
96.83 0.5824840685366938
96.85 0.5810234983367445
96.88 0.579975710544996
96.9 0.5790063982825292
96.93 0.5782639190621435
96.95 0.5774744729090789
96.98 0.5757840833815018
97.0 0.5745139898738887
97.03 0.573355930215714
97.05 0.572473436963088
97.08 0.5709859438026237
97.1 0.5688588686363586
97.12 0.56652153247191
97.15 0.5643247526888702
97.18 0.5629910299136652
97.2 0.5616089050488924
97.23 0.5596832422722197
97.25 0.5576983513940232
97.28 0.5552224054259289
97.3 0.5532220863804359
97.33 0.5511974968072361
97.35 0.5485745939571727
97.38 0.5450157227939768
97.4 0.5423788207103709
97.43 0.5398472148773176
97.45 0.5377435623476353
97.48 0.5357358514667571
97.5 0.5342958385353852
97.53 0.5324641872132209
97.55 0.530272118114027
97.58 0.5286070203034043
97.6 0.5270506298194778
97.62 0.5252825923241057
97.65 0.523839539989338
97.68 0.5233983234206596
97.7 0.5231806097508268
97.73 0.523323450672182
97.75 0.5232614763526188
97.78 0.5230638756320751
97.8 0.5223386030684274
97.83 0.5210906371623162
97.85 0.5201094909966902
97.88 0.5188645220702319
97.9 0.517765402809762
97.93 0.5167486614240056
97.95 0.5153660428896873
97.98 0.513992242920299
98.0 0.5133002464833676
98.03 0.5126502351060572
98.05 0.5125395236990808
98.08 0.5126422093864001
98.1 0.5133609846585823
98.12 0.5146428081789497
98.15 0.5153287733929066
98.18 0.5153024289313212
98.2 0.5149688652841563
98.23 0.5146386346896272
98.25 0.51436701282487
98.28 0.5144163424484987
98.3 0.5143896951979826
98.33 0.5147049793662005
98.35 0.515415530387587
98.38 0.5163398491002252
98.4 0.5177964372575456
98.43 0.5192493131773954
98.45 0.5209801208412115
98.48 0.5223374939657329
98.5 0.5237332309470164
98.53 0.5254930696801101
98.55 0.5271825982430067
98.58 0.5296543421796579
98.6 0.5327275008278194
98.62 0.5357035382035696
98.65 0.5389857092373983
98.68 0.5418424999286438
98.7 0.5444665967596442
98.73 0.5476200862666815
98.75 0.551194372105429
98.78 0.5542160905984355
98.8 0.5569036759223499
98.83 0.5591948780689161
98.85 0.5611562106672554
98.88 0.5627184895846946
98.9 0.5638418547680186
98.93 0.5654639335885843
98.95 0.5680092980191421
98.98 0.5694377469816028
99.0 0.5708479931782505
99.03 0.5715848304364897
99.05 0.5721481131702604
99.08 0.5717889905600785
99.1 0.570977731086705
99.12 0.569933932604317
99.15 0.5686850477270239
99.18 0.5674241939155301
99.2 0.565919581454515
99.23 0.5641312284208571
99.25 0.5628413943259463
99.28 0.5621415227609192
99.3 0.5614856134439451
99.33 0.5608885118421617
99.35 0.5593309943193299
99.38 0.5576335102314568
99.4 0.5563526774993044
99.43 0.5548582643851758
99.45 0.5535236047314146
99.48 0.5513205655613083
99.5 0.5491160334636469
99.53 0.5462455291975324
99.55 0.5431878045825685
99.58 0.5398639111846151
99.6 0.5366089984404019
99.62 0.5339090836933645
99.65 0.5319181237153272
99.68 0.5297397502719854
99.7 0.5279639522573089
99.73 0.5262522638843302
99.75 0.5247222542539349
99.78 0.5230795377669981
99.8 0.521806756820312
99.83 0.5215357543214814
99.85 0.5209558401467265
99.88 0.5198649249900774
99.9 0.5188696986285954
99.93 0.5180154710673833
99.95 0.5172215078877535
99.98 0.5164694161242783
