#Correlation Values: Nind=57.952, Tcorr=17.256
#Simlength:1000ns, MaxBlockSize:100.0ns
0.03 0.0495563525089533
0.05 0.06995590266700212
0.08 0.08556949687305704
0.1 0.09869137403777468
0.12 0.11022192047505255
0.15 0.1206338918338964
0.18 0.13017103428647886
0.2 0.1390525711028778
0.23 0.14732237645543322
0.25 0.1551575949053085
0.28 0.162575121397249
0.3 0.16965902245065698
0.33 0.17644884652259887
0.35 0.18296173482531314
0.38 0.1891801428856854
0.4 0.195288402170548
0.43 0.20114379138321037
0.45 0.20673938950269619
0.48 0.2122068270226631
0.5 0.2175356432730339
0.53 0.22262863316229398
0.55 0.22776142169124833
0.58 0.23268212614808315
0.6 0.23757804178665365
0.62 0.24234574702079473
0.65 0.2469697662903945
0.68 0.25141581976114696
0.7 0.2559000637691383
0.73 0.2600750081272245
0.75 0.2643479787207918
0.78 0.2685232317287367
0.8 0.27278152465931804
0.83 0.27673554119059124
0.85 0.28071245351129037
0.88 0.2846745832025911
0.9 0.28833156683491057
0.93 0.2920673110449985
0.95 0.2959495973817558
0.98 0.29926057482299645
1.0 0.30324415035804164
1.03 0.30665648828622494
1.05 0.31022405953070215
1.07 0.3135318031572252
1.1 0.31693581329386966
1.12 0.32031154126724565
1.15 0.32343050611304075
1.18 0.3270694722176955
1.2 0.33004299794886194
1.23 0.3336674953254504
1.25 0.3366449837466389
1.28 0.3395618381242703
1.3 0.342611161133856
1.33 0.3461475445679606
1.35 0.3486114311616691
1.38 0.351652672354494
1.4 0.3545532633707319
1.43 0.35753012809907153
1.45 0.3597109006237065
1.48 0.3632043445315476
1.5 0.3662264071347966
1.53 0.3689666238309169
1.55 0.3717205960202057
1.58 0.3740031408154005
1.6 0.37698898454641006
1.62 0.3799128004646111
1.65 0.3823289445607999
1.68 0.3847352284601048
1.7 0.3877734064717239
1.73 0.3902673920107676
1.75 0.3934301618974614
1.78 0.39604498426282514
1.8 0.39837343290496746
1.83 0.39959604585896935
1.85 0.4035399108216287
1.88 0.4055899203737179
1.9 0.4083799951096799
1.93 0.4103666171233913
1.95 0.4121189423793958
1.98 0.41503536440453764
2.0 0.41741888500240654
2.02 0.4189190543820689
2.05 0.42205229121982507
2.08 0.4246940690792281
2.1 0.4270914443917015
2.12 0.42918555226965616
2.15 0.43161700109456863
2.18 0.4341437859968711
2.2 0.43611368746964185
2.23 0.4377997614214632
2.25 0.43974193926185956
2.27 0.4425153903348873
2.3 0.44427839641272465
2.33 0.44751035465243394
2.35 0.4479087861095605
2.38 0.45147984995537627
2.4 0.45381009541274797
2.43 0.45559767975090937
2.45 0.4576049344810201
2.48 0.45866857344931367
2.5 0.4629865846907196
2.53 0.4635225158414499
2.55 0.4661034036268392
2.58 0.4678613289469437
2.6 0.4705338386134165
2.62 0.4707023177114683
2.65 0.47499671514310765
2.68 0.47556285797172165
2.7 0.477981309843052
2.73 0.47977580983617996
2.75 0.4812439061150178
2.78 0.48336431402138125
2.8 0.48534924991269307
2.83 0.48772244390725
2.85 0.49075638675984984
2.88 0.49101336910156523
2.9 0.4911955813259687
2.93 0.49359362207988794
2.95 0.49669895601323255
2.98 0.5000198841585867
3.0 0.5006233130800379
3.03 0.5039819322983609
3.05 0.5039464775032514
3.08 0.5050193301534777
3.1 0.5068959631722045
3.12 0.5096646990982991
3.15 0.5091185857901931
3.18 0.5140176071415002
3.2 0.5139744005088774
3.23 0.5167255009145169
3.25 0.5192798294904386
3.28 0.5189451049635887
3.3 0.5186754511091314
3.33 0.5251861770225205
3.35 0.5225852861477465
3.38 0.5269102633949287
3.4 0.5274811438064623
3.43 0.5290920949711018
3.45 0.5317161446007677
3.48 0.5324651751360385
3.5 0.5361527799182713
3.53 0.5366450540949544
3.55 0.5419283409904606
3.58 0.5381785957350026
3.6 0.5440765568704848
3.62 0.5406086918505227
3.65 0.5463038015982319
3.68 0.5436392009352954
3.7 0.5489983824950042
3.73 0.5481040065190702
3.75 0.5532622707503118
3.78 0.5512426292139149
3.8 0.5536845561887472
3.83 0.5546541208051095
3.85 0.5591145287825185
3.88 0.555935383130631
3.9 0.559831973749946
3.93 0.5639158381547484
3.95 0.5631728837552789
3.98 0.564652739386397
4.0 0.5635952122040876
4.03 0.5682535619347047
4.05 0.5685769977038223
4.08 0.5719265391702517
4.1 0.5697295745753689
4.12 0.5701079226892307
4.15 0.5750406470650459
4.17 0.5779934564179534
4.2 0.5796444794656201
4.23 0.5803764771840467
4.25 0.5831627589055263
4.28 0.5833964159126837
4.3 0.582541999254161
4.33 0.5826848310688751
4.35 0.5867992867647623
4.38 0.5896837129222084
4.4 0.5919872851573408
4.42 0.5906755549704072
4.45 0.594252763300351
4.48 0.5939776404132788
4.5 0.5923937478740855
4.53 0.593191555886842
4.55 0.5999715619110191
4.58 0.6026959590404519
4.6 0.6036575542112771
4.62 0.6027730151834237
4.65 0.6017792154287369
4.67 0.6020284654807441
4.7 0.6083219737423855
4.73 0.6043618320209447
4.75 0.6067185598411748
4.78 0.609156349667944
4.8 0.6115773885407465
4.83 0.611162185738808
4.85 0.6141317686078667
4.88 0.6119747913735918
4.9 0.6156108869990242
4.93 0.6184472553184284
4.95 0.6163315945862842
4.98 0.6206276244430571
5.0 0.6199331930645395
5.03 0.6203399012034848
5.05 0.6248814297094502
5.08 0.6251568172626613
5.1 0.6241540296610049
5.12 0.6247856765826821
5.15 0.6308010887476437
5.18 0.634239226079193
5.2 0.629609166247918
5.23 0.6343502572338909
5.25 0.6368753948226719
5.28 0.634187693822716
5.3 0.633669043782415
5.33 0.6433608483625385
5.35 0.6373095750904927
5.38 0.6379151373763712
5.4 0.6433713937665053
5.43 0.6451643458495501
5.45 0.6441281953988701
5.48 0.6516337885580388
5.5 0.6493430454686828
5.53 0.6446284889911499
5.55 0.6477783072357962
5.58 0.6527202655027419
5.6 0.6526523408031537
5.62 0.6534320609808425
5.65 0.6534457754619757
5.68 0.6613475429840844
5.7 0.6589910168448148
5.73 0.663061385496051
5.75 0.6596047427998275
5.78 0.6555032309434544
5.8 0.6653486889253343
5.83 0.6621097039187359
5.85 0.6631638174588097
5.88 0.6594950296572192
5.9 0.6678348808650084
5.93 0.6689874716497467
5.95 0.6638058822087337
5.98 0.6741367911102405
6.0 0.6646263544398796
6.03 0.6722657171069665
6.05 0.6728354760109653
6.08 0.6769556262384486
6.1 0.6768292549622263
6.12 0.672013739922794
6.15 0.6726206487009003
6.18 0.6751815125395874
6.2 0.6797407440132895
6.23 0.6826329043999918
6.25 0.6828309100063799
6.28 0.6786898348792285
6.3 0.6802643861781366
6.33 0.6812869808000948
6.35 0.6872628797469765
6.38 0.6941010740300427
6.4 0.6887470961198987
6.43 0.6947920033399384
6.45 0.6823501161025181
6.48 0.6944650084667076
6.5 0.6958262811664607
6.53 0.6959817954448068
6.55 0.6923359158699842
6.58 0.6916046970573172
6.6 0.69090847377162
6.62 0.6940420023733344
6.65 0.7003391019272233
6.68 0.7043428409343122
6.7 0.7026309198792154
6.73 0.7008223755249454
6.75 0.701307143003059
6.78 0.705408521071588
6.8 0.7052872163230435
6.83 0.713254110511057
6.85 0.6966814711356553
6.88 0.70966249518343
6.9 0.7053794994221978
6.93 0.7086610368588543
6.95 0.7066680077835052
6.98 0.7075796388843968
7.0 0.7176065155411867
7.03 0.716131638380112
7.05 0.7194773581712361
7.08 0.7192876931195935
7.1 0.7178462959904677
7.12 0.7166868713216032
7.15 0.712399823444615
7.18 0.7198205584290738
7.2 0.7246729291775764
7.23 0.724936123290723
7.25 0.7259230523293617
7.28 0.7245219964328409
7.3 0.7200037279644596
7.33 0.7275308642534865
7.35 0.7191029198664571
7.38 0.7255488898231246
7.4 0.7313770600670065
7.43 0.7275407180329153
7.45 0.7286922526263171
7.48 0.7353671545877939
7.5 0.7283890088890509
7.53 0.7350806759943193
7.55 0.7352324692003065
7.58 0.7260553677033987
7.6 0.737345039377853
7.62 0.7424104360330522
7.65 0.7389094981181591
7.68 0.7377001006941823
7.7 0.7501970957250094
7.73 0.746341500450071
7.75 0.734688532954223
7.78 0.7420881049673639
7.8 0.7417290202803528
7.83 0.7452846470369269
7.85 0.750476051392723
7.88 0.7449388547377952
7.9 0.7421718483753339
7.93 0.7434343840964841
7.95 0.7482217905081767
7.98 0.7362016846393212
8.0 0.7483543590849862
8.03 0.7572432194115787
8.05 0.739755560306338
8.08 0.7533918960379333
8.1 0.7617458065800424
8.12 0.7486181606571354
8.15 0.7582213881428899
8.18 0.7637582240319475
8.2 0.7527501389211836
8.22 0.7501535885710038
8.25 0.7568722071513477
8.28 0.7664183830486353
8.3 0.7565267016612436
8.33 0.7601150494998915
8.35 0.7715720491867142
8.38 0.7597425277933884
8.4 0.7506252843370775
8.43 0.7672048882223911
8.45 0.7739357507052448
8.47 0.7606550332857277
8.5 0.7618851161262351
8.53 0.7678011430401654
8.55 0.7728071703673973
8.58 0.7680460523996332
8.6 0.7647272173419776
8.62 0.769847979253804
8.65 0.7728703415291414
8.68 0.7649064479554306
8.7 0.7662036278404974
8.72 0.7770741932040514
8.75 0.7770879712624804
8.78 0.7635589713383697
8.8 0.7750239214948037
8.83 0.7800007723024445
8.85 0.775788081444086
8.88 0.7741300207046184
8.9 0.7837490897703886
8.93 0.794070636850299
8.95 0.7890883643012842
8.97 0.7734157024583438
9.0 0.7708594835227489
9.03 0.7924603854320433
9.05 0.7926889908062189
9.08 0.7848274829767209
9.1 0.7917283862669828
9.12 0.7965717037446911
9.15 0.7957759552402996
9.18 0.7829278037160612
9.2 0.7821194378486022
9.22 0.7801083624506555
9.25 0.7854780265076865
9.28 0.7890246208682291
9.3 0.7837922751272284
9.33 0.7949699431501829
9.35 0.8014436946730226
9.38 0.8072110993446819
9.4 0.790655179858551
9.43 0.7888726844609997
9.45 0.8025076214571355
9.47 0.8034934741743274
9.5 0.7885614050554443
9.53 0.7811297530578348
9.55 0.7952659556587923
9.58 0.8049662321726698
9.6 0.8013065386599324
9.62 0.7984101783623834
9.65 0.8030653543817554
9.68 0.8167396899222202
9.7 0.8238361364661488
9.73 0.8256185371874081
9.75 0.8056236511322084
9.78 0.8024019462788954
9.8 0.8036593538011897
9.83 0.8110890750132861
9.85 0.803755460243336
9.88 0.7922359674139335
9.9 0.7960813992045374
9.93 0.8202281080044445
9.95 0.8305319287135585
9.98 0.82395769486414
10.0 0.8062480325927671
10.03 0.8084877277365533
10.05 0.8187834187393878
10.08 0.824715168056038
10.1 0.8227377528405814
10.12 0.8123047763814848
10.15 0.8100288007491936
10.18 0.8190899546583611
10.2 0.8257730953952613
10.23 0.8324481823394452
10.25 0.8178060167355
10.28 0.8094284038655131
10.3 0.812849814983364
10.33 0.8298709539455974
10.35 0.8313915713896692
10.38 0.8220133773853415
10.4 0.8165279755929897
10.43 0.8340725529727178
10.45 0.8394736939561179
10.48 0.8431517086461321
10.5 0.8407024294326431
10.53 0.8256212264214761
10.55 0.8286235089937823
10.58 0.832958199922424
10.6 0.844464810610201
10.62 0.846957248240621
10.65 0.8535732925993513
10.68 0.8347160071418205
10.7 0.8271404807479836
10.73 0.8296870497648124
10.75 0.8375274827421575
10.78 0.8517796765248353
10.8 0.8485180307011414
10.83 0.8362115757850546
10.85 0.8372657590704724
10.88 0.8462870290997098
10.9 0.8612141009773199
10.93 0.8632923821337692
10.95 0.8555225723400255
10.98 0.8397009651895068
11.0 0.8485192681677055
11.03 0.8520263357856854
11.05 0.8607977321990277
11.08 0.8576823877865852
11.1 0.842839533213703
11.12 0.8346949208030404
11.15 0.8361853160035772
11.18 0.8430574719706322
11.2 0.8518561168030062
11.23 0.8531942994557977
11.25 0.8575605811349464
11.28 0.8550818589592016
11.3 0.851435685899143
11.33 0.8594938546709261
11.35 0.8702892402062015
11.38 0.8809561014011064
11.4 0.8752631523886469
11.43 0.8679330143892311
11.45 0.8584250244059803
11.48 0.8528802974102044
11.5 0.8509996882810844
11.53 0.8600360467704324
11.55 0.8568075364494455
11.58 0.8540880680211238
11.6 0.8523696010540089
11.62 0.8467865107582677
11.65 0.8614775049790055
11.68 0.8706550640397522
11.7 0.8701518985763459
11.73 0.8694640741259172
11.75 0.863679336374021
11.78 0.8773008580017159
11.8 0.876061044700494
11.83 0.8740704348853949
11.85 0.8781678385406739
11.88 0.87728112886075
11.9 0.8769234966385543
11.93 0.8817991790017514
11.95 0.8784516914370545
11.98 0.8731456130789548
12.0 0.8699072706153258
12.03 0.8767148323620768
12.05 0.8725795507742695
12.08 0.8734345704205573
12.1 0.8718714376450825
12.12 0.8723336464796095
12.15 0.8716711184505346
12.18 0.8690374401730303
12.2 0.8737434874352384
12.23 0.8871258919790186
12.25 0.8794871945887685
12.28 0.8738080714332175
12.3 0.866529649095845
12.33 0.866892665857022
12.35 0.8721186652968622
12.38 0.8837883698427924
12.4 0.889346874396198
12.43 0.8885362198677318
12.45 0.8818397562677013
12.48 0.8732695991909278
12.5 0.8730046104960772
12.53 0.8872086864197282
12.55 0.8949370100548152
12.58 0.8956658991024871
12.6 0.8966897016079712
12.62 0.892182805083626
12.65 0.8839121631171512
12.68 0.887218274714902
12.7 0.8817073374903196
12.73 0.8816715792911487
12.75 0.8888248021157111
12.78 0.8845819712885354
12.8 0.8822589016813434
12.83 0.8837452241184911
12.85 0.8860200617408952
12.88 0.8720096814770473
12.9 0.8680981991032691
12.93 0.8725753349210579
12.95 0.8860151584618428
12.98 0.8901750668795452
13.0 0.9110242277952915
13.03 0.9205009392277816
13.05 0.920399973135343
13.08 0.9094526634812224
13.1 0.9038489022910536
13.12 0.9047058051649057
13.15 0.9023532952376774
13.18 0.9155915409819244
13.2 0.9166329004579065
13.23 0.9147124734817355
13.25 0.9117270522857431
13.28 0.904068166150231
13.3 0.8923359348856638
13.33 0.8838541051781653
13.35 0.8906768025114873
13.38 0.8883118253864256
13.4 0.8969172534165891
13.43 0.8973130021524539
13.45 0.8962526680943388
13.48 0.8943599881136608
13.5 0.8900130181912763
13.53 0.8967915874723925
13.55 0.8875653050179518
13.58 0.8875595387438271
13.6 0.9015273450668867
13.62 0.9179235977735992
13.65 0.9286483495794393
13.68 0.9266318455337291
13.7 0.9214543416360814
13.73 0.930676670271658
13.75 0.9224175946402954
13.78 0.9130643677282243
13.8 0.9095376929938327
13.83 0.9095041559651893
13.85 0.9178742071857002
13.88 0.9298025832330826
13.9 0.9435898608536397
13.93 0.9352193816468007
13.95 0.9246862564974921
13.98 0.9111381431302068
14.0 0.896912065756726
14.03 0.8860470591042672
14.05 0.8830635478231889
14.08 0.8879187561829336
14.1 0.9121388913593077
14.12 0.9285538458845174
14.15 0.9325168368087605
14.18 0.9271861634866614
14.2 0.9227609004468106
14.23 0.9124079787900387
14.25 0.8986317400397168
14.28 0.8884839945341672
14.3 0.894898793966734
14.33 0.9029695758187118
14.35 0.9196655035518074
14.38 0.9356857932496201
14.4 0.9480275188053789
14.43 0.9530312549429063
14.45 0.9513907761861081
14.48 0.9412940166658412
14.5 0.9315917672440462
14.53 0.9313436120204744
14.55 0.9229285428961536
14.58 0.9178538012044565
14.6 0.9226982797988909
14.62 0.9303861219448835
14.65 0.9439597007181608
14.68 0.9516590008592974
14.7 0.9464239103253637
14.73 0.9577525670182966
14.75 0.9481582225590337
14.78 0.935264720829517
14.8 0.9195700483424233
14.83 0.9047278919746605
14.85 0.895878554040875
14.88 0.9013416454626639
14.9 0.9115966715333731
14.93 0.9260005604767603
14.95 0.9472391431369398
14.98 0.9430532099051232
15.0 0.9358873696522453
15.03 0.9232746673813054
15.05 0.9152190669702329
15.08 0.9058242546304611
15.1 0.8954482696655132
15.12 0.890702580454476
15.15 0.9010076991837593
15.18 0.937329824850407
15.2 0.9616055786171547
15.23 0.9881089415203287
15.25 1.0039321328753772
15.28 1.0001107330213612
15.3 0.9906123470119857
15.33 0.9760890573315281
15.35 0.959283436892179
15.38 0.9431575846392964
15.4 0.9453673072889613
15.43 0.9375094635611213
15.45 0.9351086465236097
15.48 0.9390622233815062
15.5 0.947985798597104
15.53 0.9597858501976434
15.55 0.9687727293362102
15.58 0.9650746036926827
15.6 0.956627557653451
15.62 0.9470889010494502
15.65 0.9426883729468857
15.68 0.9225227924804336
15.7 0.9112059384583899
15.73 0.9040486294115592
15.75 0.9017985275030792
15.78 0.9100599728924933
15.8 0.9256201868340648
15.83 0.9416747783689224
15.85 0.9594420241010487
15.88 0.9677710088349578
15.9 0.9779012133973637
15.93 0.9639345022766098
15.95 0.9534647286159531
15.98 0.9444560835520885
16.0 0.9353642894437361
16.03 0.9296305606065557
16.05 0.9261141749304519
16.07 0.9249979918313157
16.1 0.9311245863554597
16.12 0.9479315775911141
16.15 0.9861532871464689
16.18 1.0046303880814889
16.2 1.011885890429896
16.23 1.0045053327196876
16.25 0.98960276945808
16.28 0.975745400830527
16.3 0.9622030568154072
16.32 0.9441451115646482
16.35 0.9273479117150107
16.38 0.9241841359897806
16.4 0.9263119071795407
16.43 0.945194245046234
16.45 0.9579526293457707
16.48 0.9732442707831499
16.5 0.9860047975602637
16.53 0.995567004157095
16.55 0.9942807729870478
16.57 0.9831293079316119
16.6 0.9728441091047787
16.62 0.9579680220759569
16.65 0.9367526600056127
16.68 0.9188612514570854
16.7 0.9227328969111979
16.73 0.9190221096444153
16.75 0.9180972406136014
16.78 0.9218566193203311
16.8 0.9354197668964612
16.82 0.9577409537567557
16.85 0.983058743545754
16.88 1.0019979387753015
16.9 1.0127633342772886
16.93 1.0056756444329835
16.95 0.9877606708711067
16.98 0.9873357632746129
17.0 0.9717782411166657
17.03 0.9566676320613764
17.05 0.9445352161549115
17.07 0.935561758637841
17.1 0.9309004979961171
17.12 0.9304535127662157
17.15 0.936447163235679
17.18 0.9533259345701979
17.2 0.9737320747991138
17.23 0.9945857306605604
17.25 1.0079209067192243
17.28 1.0322492249193387
17.3 1.0237299796377148
17.32 1.0118899481671175
17.35 1.0002293218006666
17.38 0.9836939981071375
17.4 0.9636338412470562
17.43 0.9469083590690325
17.45 0.9397568327411164
17.48 0.9400246450822112
17.5 0.9446740467344836
17.53 0.9504146861296253
17.55 0.9582986800739909
17.57 0.9930034580128173
17.6 1.0118087983922197
17.62 1.0248907097214723
17.65 1.0337630845418992
17.68 1.0358668246780898
17.7 1.0250384000766888
17.73 1.004709513819403
17.75 0.9854025741636944
17.78 0.970208160079457
17.8 0.9585884005263859
17.82 0.9508549016887119
17.85 0.9461694782437332
17.88 0.9555507968100312
17.9 0.951412589656817
17.93 0.9533940808050144
17.95 0.9612853507051649
17.98 0.9775072795448464
18.0 0.9967256087973035
18.03 1.0134878715269537
18.05 1.0201783185557995
18.07 1.0139220119921655
18.1 0.9974134190242345
18.12 0.9792075806758875
18.15 0.9621510858626781
18.18 0.9515350752223612
18.2 0.9613324062782835
18.23 0.951008412645399
18.25 0.9431788184990003
18.28 0.9380667586183772
18.3 0.9400541633806206
18.32 0.948043052860081
18.35 0.96186547248301
18.38 0.9772066303771504
18.4 1.0000191826610911
18.43 1.0183855016693242
18.45 1.0300806649623682
18.48 1.0373310058942165
18.5 1.0397135729400928
18.53 1.034258977437177
18.55 1.040267726139484
18.57 1.027778616182475
18.6 1.0181118119463701
18.62 1.0108845313919657
18.65 1.0048612816076035
18.68 1.0004706902638858
18.7 0.9942649848714553
18.73 0.9944606259275202
18.75 0.9975484180133432
18.78 0.9980591427854784
18.8 1.0006150044862232
18.82 1.0041333185742711
18.85 1.012149576428223
18.88 1.024963290142877
18.9 1.0531876781087293
18.93 1.059534998953101
18.95 1.0566108253391169
18.98 1.0436797996025509
19.0 1.024922327727322
19.03 1.0095188252093428
19.05 0.993419258311649
19.07 0.9776620415687546
19.1 0.9681262944875475
19.12 0.9615840302116466
19.15 0.9524859521672561
19.18 0.9448385744618981
19.2 0.9415207660594529
19.23 0.9454074255738524
19.25 0.9667950147423657
19.28 0.9729805292881537
19.3 0.982768452041126
19.33 0.9996235956114234
19.35 1.0185470010397457
19.38 1.0327834688604982
19.4 1.0391844933186833
19.43 1.041758198505509
19.45 1.0311093053962352
19.48 1.0138694931796137
19.5 1.0015624944283923
19.53 0.9944354419864546
19.55 0.9882181127568876
19.58 0.9804327317635957
19.6 0.967744275150573
19.62 0.9748486689541465
19.65 0.9689073235223814
19.68 0.9668597794724203
19.7 0.9696572030568686
19.73 0.9776389815556386
19.75 0.9878471859591211
19.78 1.0021105071255296
19.8 1.0161159198206742
19.83 1.036810979865102
19.85 1.0564024694449912
19.88 1.0698356153038109
19.9 1.0722597225910622
19.93 1.0740925801962624
19.95 1.0686445532057631
19.98 1.0547747549877693
20.0 1.0434426557251764
20.03 1.0522110631081198
20.05 1.0409023916983533
20.08 1.0347712746810882
20.1 1.0287276700248627
20.12 1.02053440656293
20.15 1.0156006305133531
20.18 1.0132655043898045
20.2 1.0171687638108042
20.23 1.0230326567955843
20.25 1.0309410130014522
20.28 1.0420036998909485
20.3 1.05332290876306
20.33 1.0631588296839038
20.35 1.0727262178211254
20.38 1.0815334349671106
20.4 1.0826144347313444
20.43 1.09982671940466
20.45 1.091473764023696
20.48 1.071718066075196
20.5 1.0458653341105575
20.53 1.0231885323872723
20.55 1.0013166793505344
20.58 0.9859312687721551
20.6 0.9733689669854244
20.62 0.9635740936478265
20.65 0.9581509610635377
20.68 0.9548898939847986
20.7 0.9532804474156441
20.73 0.9522917545102809
20.75 0.9572802777898594
20.78 0.9690594822511115
20.8 0.9808196196862802
20.83 0.996426408145625
20.85 1.0306140381577291
20.88 1.0426633256268467
20.9 1.0545618254743838
20.93 1.063308824717546
20.95 1.0627980724003094
20.98 1.0594942721861005
21.0 1.053451813470594
21.03 1.0409546776555174
21.05 1.024172654954868
21.08 1.0075101858549425
21.1 0.9967697337074641
21.12 0.994302966057548
21.15 0.9929045474278416
21.18 0.9936038589672922
21.2 0.99545151180316
21.23 1.0014472976765887
21.25 1.006756085286345
21.28 1.0124228774539479
21.3 1.0398443042923804
21.33 1.0499180798610317
21.35 1.0627327291087612
21.38 1.0752792386952832
21.4 1.0879226907223367
21.43 1.0984974098534168
21.45 1.1072569835215078
21.48 1.1178021740611361
21.5 1.125650470577693
21.53 1.1287336389494547
21.55 1.128329581954326
21.58 1.1242371970257143
21.6 1.1106903246637716
21.62 1.0926301528759417
21.65 1.0745137836593421
21.68 1.0607321745403413
21.7 1.0506503526893014
21.73 1.0428394992110006
21.75 1.0328577296035784
21.78 1.046778391447484
21.8 1.0433070694255038
21.83 1.042082111207735
21.85 1.0437994276879787
21.88 1.0449958995917743
21.9 1.0434223057630039
21.93 1.0458963170020747
21.95 1.0505532862492806
21.98 1.0596256928494916
22.0 1.0654328913166558
22.03 1.0673812996016305
22.05 1.0625646515589922
22.08 1.0659657014516353
22.1 1.068610288075511
22.12 1.069595007439349
22.15 1.0668612344178448
22.18 1.0614552165898146
22.2 1.0542166146656025
22.23 1.0391048514474202
22.25 1.043053235582137
22.28 1.0282417976976976
22.3 1.018555781373265
22.33 1.0121917968981582
22.35 1.0078899750807695
22.38 1.005309204571062
22.4 1.0031972685720296
22.43 1.0035880889156608
22.45 1.0050945460940028
22.48 1.0070037930892868
22.5 1.0103994056456937
22.53 1.0165408054361413
22.55 1.0248563737134229
22.58 1.0335324281687792
22.6 1.0425386398410041
22.62 1.0504129667077866
22.65 1.0600445187411627
22.68 1.070535479189852
22.7 1.0754589194383122
22.73 1.0821307593748932
22.75 1.1132683937931271
22.78 1.1164003527219357
22.8 1.1154540553050396
22.83 1.1122590436203321
22.85 1.106540754559494
22.88 1.0937599561360898
22.9 1.0769601154171278
22.93 1.0628162316565977
22.95 1.049794270202106
22.98 1.0370308649785693
23.0 1.0274093077769628
23.03 1.0188940162834321
23.05 1.0137559334606514
23.08 1.0125873443322344
23.1 1.0139121909766176
23.12 1.0153603439938175
23.15 1.0187876971082255
23.18 1.0244119433725638
23.2 1.0288531471534976
23.23 1.0324688371632682
23.25 1.0400682991317098
23.28 1.0744303881286936
23.3 1.0882387595930911
23.33 1.1000557717826092
23.35 1.1102635945108734
23.38 1.1175985982955772
23.4 1.1230472820062753
23.43 1.132125362245522
23.45 1.1371275258386306
23.48 1.1338493735968471
23.5 1.128441294271239
23.53 1.1210998817641324
23.55 1.1128148981956878
23.58 1.0993469958588462
23.6 1.085448084476076
23.62 1.069379314996077
23.65 1.0548937974128207
23.68 1.0393352718458069
23.7 1.0255037046729107
23.73 1.0163245824208873
23.75 1.0102399679918947
23.78 1.0087505241974526
23.8 1.009196969286821
23.83 1.0333547138352062
23.85 1.0346073307015184
23.88 1.036766117559066
23.9 1.0405882703595293
23.93 1.0447135695347052
23.95 1.0516334366522093
23.98 1.0602786908790356
24.0 1.0711391096779814
24.03 1.0862705790181804
24.05 1.0965098832051634
24.08 1.1032722177863803
24.1 1.1064073124538305
24.12 1.1068869690003145
24.15 1.1114095392372176
24.18 1.1135984891570212
24.2 1.11489540935577
24.23 1.1156993454982749
24.25 1.1116042550448864
24.28 1.1057638087934483
24.3 1.0926965937068673
24.33 1.0786655006345516
24.35 1.0615615524388764
24.38 1.04842742221322
24.4 1.0391501122811304
24.43 1.056951600972058
24.45 1.0512827686413897
24.48 1.0451374595896288
24.5 1.0402760957103145
24.53 1.0350251147572127
24.55 1.0338624717028984
24.58 1.0326034954879153
24.6 1.0318532141472927
24.62 1.0322618111214126
24.65 1.0358125810838013
24.68 1.0428634321635382
24.7 1.0485439424010903
24.73 1.0536787633248956
24.75 1.0590572094004982
24.78 1.0647633425806566
24.8 1.075234787793803
24.83 1.0825286229862776
24.85 1.0883438353606216
24.88 1.0913943091015426
24.9 1.0916127716254551
24.93 1.092408700629746
24.95 1.0918203895655754
24.98 1.091188451344963
25.0 1.0869141528573065
25.03 1.104730059774749
25.05 1.0983946338740276
25.08 1.0916215470198385
25.1 1.0816844556296064
25.12 1.0682485321718582
25.15 1.0563853004614028
25.18 1.0455844378458832
25.2 1.0371182563475643
25.23 1.0329046291806876
25.25 1.0325768710543148
25.28 1.0315902637094556
25.3 1.0302913195843972
25.33 1.0299144920756595
25.35 1.0350256441887187
25.38 1.0393898032790232
25.4 1.0427711178781012
25.43 1.045224973753076
25.45 1.0503979992321335
25.48 1.0577460160619816
25.5 1.0630983187648884
25.53 1.06883448182382
25.55 1.0714728486970797
25.58 1.076107501756783
25.6 1.0769919725514283
25.62 1.082255174480632
25.65 1.086373880065622
25.68 1.114128325771317
25.7 1.1157862844695734
25.73 1.11338416076432
25.75 1.1130183470655939
25.78 1.112765214134715
25.8 1.1116387299394155
25.83 1.1088623853737287
25.85 1.1049954371974828
25.88 1.1029794504623756
25.9 1.102001201087516
25.93 1.0958806112547341
25.95 1.0874379565678496
25.98 1.0821683311878894
26.0 1.081959366481893
26.03 1.082256640615754
26.05 1.0832110253630587
26.08 1.0850941879362916
26.1 1.0845720784669537
26.12 1.0829853550039903
26.15 1.081605589138536
26.18 1.084819347963187
26.2 1.0893568357993764
26.23 1.0937749968950288
26.25 1.0989147563730133
26.28 1.104007455198711
26.3 1.1057682309407433
26.33 1.107289964544534
26.35 1.1402401452822035
26.38 1.14525172620923
26.4 1.1499898292310855
26.43 1.1546009004870998
26.45 1.15907947333606
26.48 1.1621912108669803
26.5 1.1685255095898346
26.53 1.1718887912309586
26.55 1.1718115693359346
26.58 1.1704660720360849
26.6 1.165931534098258
26.62 1.1603459961652476
26.65 1.1559463217009913
26.68 1.1526941558806822
26.7 1.1454522490176506
26.73 1.1372300688257349
26.75 1.1307964867596707
26.78 1.1243238118906422
26.8 1.1136908822572167
26.83 1.0963614294434731
26.85 1.0777166807497591
26.88 1.0621664532809147
26.9 1.0499229169851048
26.93 1.0411012748709587
26.95 1.0352459003288197
26.98 1.0315692375870178
27.0 1.027685078466588
27.03 1.0231427220918128
27.05 1.0477054837573945
27.08 1.0417172393068168
27.1 1.035400874554419
27.12 1.033821944500948
27.15 1.035168399978686
27.18 1.0417205702983974
27.2 1.0471646737208944
27.23 1.0545401693789254
27.25 1.0607145224321035
27.28 1.0681706250000378
27.3 1.0758909246921242
27.33 1.0817791516669935
27.35 1.0863872458616959
27.38 1.086648259876691
27.4 1.0893989912819402
27.43 1.090393430728325
27.45 1.0936321563042832
27.48 1.096051557319185
27.5 1.0939148251980826
27.53 1.0915628599753642
27.55 1.085795111984026
27.58 1.0819835418350099
27.6 1.0798241317866843
27.62 1.075795563742487
27.65 1.0728424683904498
27.68 1.0706777033218307
27.7 1.0639996028578198
27.73 1.0561568636185859
27.75 1.0487285061020397
27.78 1.0375172103004642
27.8 1.0537651665070369
27.83 1.0423967384828463
27.85 1.0298509536382476
27.88 1.0185033720746755
27.9 1.0106523519935864
27.93 1.003911896412307
27.95 0.9990144312421982
27.98 0.9978477551105336
28.0 0.9987403166226133
28.03 1.000558228180324
28.05 1.0055573323380822
28.08 1.0121219764127138
28.1 1.0202741027157174
28.12 1.029099308833678
28.15 1.0371538311550286
28.18 1.0467370369562312
28.2 1.0555563908373244
28.23 1.0654884858570248
28.25 1.0757634546285468
28.28 1.086507957457764
28.3 1.0980205486779695
28.33 1.1094418286484127
28.35 1.119102048680036
28.38 1.1292636130791422
28.4 1.137429048289381
28.43 1.1413251233056776
28.45 1.1451742417135429
28.48 1.148355622582884
28.5 1.1493804274937627
28.53 1.151404019892176
28.55 1.1513531337699314
28.58 1.1506654297980796
28.6 1.183861242048113
28.62 1.1866026558769185
28.65 1.1897618051021595
28.68 1.1935611733512723
28.7 1.1954690197271893
28.73 1.195535558270341
28.75 1.193437225826039
28.78 1.188324837137139
28.8 1.1811282577951445
28.83 1.1733765930676379
28.85 1.1647690531799655
28.88 1.1587329534435546
28.9 1.1523642308793736
28.93 1.1471546407230737
28.95 1.1435421346244226
28.98 1.141324622855183
29.0 1.1378645452285001
29.03 1.1350392060788603
29.05 1.1334309248989107
29.08 1.1343337661722748
29.1 1.1363624053819297
29.12 1.1389049042916919
29.15 1.1406395273137557
29.18 1.1413572563936798
29.2 1.141293585048953
29.23 1.1427044799472934
29.25 1.144722587012902
29.28 1.1488916063696588
29.3 1.155183897036027
29.33 1.1624400866716176
29.35 1.1676947521904044
29.38 1.1708749226656572
29.4 1.1722650951416578
29.43 1.1738459125523169
29.45 1.2112051925514795
29.48 1.2084510309263032
29.5 1.2048716080546575
29.53 1.1969655220408164
29.55 1.1912619714768244
29.58 1.1839869288961342
29.6 1.1748606936369992
29.62 1.1647729239445983
29.65 1.1565385903497285
29.68 1.145443090602822
29.7 1.1359803761193286
29.73 1.1281587039764682
29.75 1.1206408593829384
29.78 1.1125064390605461
29.8 1.1035289994538033
29.83 1.094345261455361
29.85 1.0838206710017946
29.88 1.0751859641450976
29.9 1.0644303803520259
29.93 1.051700322179719
29.95 1.0374718674393864
29.98 1.0251948042502868
30.0 1.0154667577340712
30.03 1.0067487194676956
30.05 1.0003324741814397
30.08 0.9944743701215508
30.1 0.987995890019569
30.12 0.9807723034423219
30.15 0.9745137929631387
30.18 0.9692252226876241
30.2 0.9646072494638468
30.23 0.962542381967207
30.25 0.9626500579564548
30.28 0.9656812750876569
30.3 0.9706861144943286
30.33 1.0075056796776243
30.35 1.0146198536673032
30.38 1.0222712281372441
30.4 1.0303981611180228
30.43 1.041294747950825
30.45 1.051439349733392
30.48 1.0631981544748201
30.5 1.0722378632213463
30.53 1.079031049950661
30.55 1.0849317231396802
30.58 1.0904583906127587
30.6 1.089959418578615
30.62 1.0889588560802277
30.65 1.08582843529114
30.68 1.0823059278937213
30.7 1.0773750838817686
30.73 1.0732475142535767
30.75 1.0695057339401837
30.78 1.0666807403362752
30.8 1.0622014133285977
30.83 1.0581870750621807
30.85 1.053306716685937
30.88 1.0505679497139893
30.9 1.051698809250216
30.93 1.0525249179030187
30.95 1.0555421831883984
30.98 1.0561533633316618
31.0 1.0574289595687907
31.03 1.0581468949455115
31.05 1.0599809252836412
31.08 1.0632358113017204
31.1 1.0638509994674938
31.12 1.0621717830541184
31.15 1.058710281109808
31.18 1.0560179964318726
31.2 1.0560648389364637
31.23 1.0566862529546779
31.25 1.0579168169304631
31.28 1.0921481581620163
31.3 1.0931344152131839
31.33 1.0933698410080426
31.35 1.0942596726368263
31.38 1.0962051035709053
31.4 1.097422499993951
31.43 1.0983655062250206
31.45 1.1015263669267519
31.48 1.1064335225049258
31.5 1.111332683501906
31.53 1.1159153919813254
31.55 1.1230249410126747
31.58 1.1302748338515411
31.6 1.1367018781734965
31.62 1.1460363950469938
31.65 1.1563809761987176
31.68 1.167464470176984
31.7 1.1809096050800647
31.73 1.1920291617041388
31.75 1.2024466243385274
31.78 1.2103899852155673
31.8 1.217606456244745
31.83 1.2218011860634705
31.85 1.2255021343091308
31.88 1.22721715641897
31.9 1.2281502560672721
31.93 1.2266617338362888
31.95 1.2248851855608716
31.98 1.222027520009372
32.0 1.2208733076236085
32.02 1.2203881742967937
32.05 1.2195834485185173
32.08 1.2172708508712853
32.1 1.2178522280056603
32.12 1.216571851674811
32.15 1.213439655905629
32.18 1.2117675733243296
32.2 1.2117007784373877
32.23 1.2118267283546944
32.25 1.2135169884918016
32.27 1.2342574000872946
32.3 1.259023635817467
32.33 1.2608774436968107
32.35 1.262236636510579
32.38 1.2612260790717875
32.4 1.2562833455709599
32.43 1.2486076737382317
32.45 1.238028765091834
32.48 1.2272934825682387
32.5 1.217565033321959
32.52 1.2085208673069472
32.55 1.200459773449141
32.58 1.1947269552820865
32.6 1.1905380314730665
32.62 1.185045337103468
32.65 1.1764831292627493
32.68 1.1683741751784358
32.7 1.161730715626668
32.73 1.158007017921839
32.75 1.153868207061925
32.77 1.1470429804851834
32.8 1.1402351447359744
32.83 1.1347197102228397
32.85 1.1285135077993225
32.88 1.1244302219231206
32.9 1.120282404885531
32.93 1.1182296161888965
32.95 1.1173843069344451
32.98 1.117106919855155
33.0 1.1176106808191577
33.02 1.118946563080943
33.05 1.1202716414690506
33.08 1.1222523560301472
33.1 1.1241441908256158
33.12 1.1265376335013688
33.15 1.1253448632980612
33.18 1.1239213773019157
33.2 1.121652851100286
33.23 1.1181337158497147
33.25 1.1127714902400856
33.27 1.1047712314719482
33.3 1.0948660558199328
33.33 1.0851475414598177
33.35 1.0783852212388554
33.38 1.1066905157814972
33.4 1.1018636833725686
33.43 1.0992308536154185
33.45 1.0962823329988636
33.48 1.0905705446200504
33.5 1.0864904325803875
33.52 1.08140253297293
33.55 1.0750326353459436
33.58 1.0704397992327452
33.6 1.0686393118099327
33.62 1.0689645325458406
33.65 1.0694946126933746
33.68 1.069329392623144
33.7 1.070423391165509
33.73 1.0681397568810858
33.75 1.0672087334805898
33.77 1.0675490302327693
33.8 1.0659966539941508
33.83 1.0615930729196694
33.85 1.0515406301208794
33.88 1.0418903487054003
33.9 1.03166898891075
33.93 1.023504910914906
33.95 1.017151364594679
33.98 1.0130779962378023
34.0 1.0096105062097172
34.02 1.0046781026437892
34.05 0.9997837574062975
34.08 0.9944644315020841
34.1 0.9898541298688065
34.12 0.9827983106518161
34.15 0.9743226484514333
34.18 0.9672055279392834
34.2 0.961725034117403
34.23 0.9593966220151566
34.25 0.9581588706784899
34.27 0.9576725091386704
34.3 0.9598289053660337
34.33 0.9643937245545051
34.35 0.9716580050531737
34.38 0.9805651351609516
34.4 0.9897657321865678
34.43 0.9985331100315497
34.45 1.0063978862434522
34.48 1.015651971448513
34.5 1.0248652113249737
34.52 1.0703754993581316
34.55 1.0817092857602584
34.58 1.0921749590305523
34.6 1.1001829463191637
34.62 1.108725881347513
34.65 1.116797930049142
34.68 1.124520088986042
34.7 1.1301528849729119
34.73 1.1347951299163592
34.75 1.1383363413853276
34.77 1.1394781285250548
34.8 1.142091165638474
34.83 1.142730155018893
34.85 1.145596270089454
34.88 1.150332490349775
34.9 1.154454335674252
34.93 1.1597877538010655
34.95 1.1655286588414338
34.98 1.1701295286223243
35.0 1.1740015975151505
35.02 1.1768160653498705
35.05 1.1801451716223643
35.08 1.183678566160043
35.1 1.1898704839962468
35.12 1.1974236030397305
35.15 1.2046326064116855
35.18 1.2112163814013364
35.2 1.215561739538605
35.23 1.220683120920227
35.25 1.2227709513746392
35.27 1.2257934107411552
35.3 1.2283991172099524
35.33 1.229040902342898
35.35 1.2301190429277502
35.38 1.2282966017788446
35.4 1.2234587206880811
35.43 1.2157561615319554
35.45 1.2098651574596997
35.48 1.2049929602324005
35.5 1.1994903925684925
35.52 1.1955436781347897
35.55 1.1927838747285004
35.58 1.18949336746459
35.6 1.1859459513239066
35.62 1.18193510335364
35.65 1.177346121246089
35.68 1.1730225983461073
35.7 1.1692926584811083
35.73 1.1660194129590047
35.75 1.203388201991457
35.77 1.1997572490238864
35.8 1.1963578616696002
35.83 1.1942716163303886
35.85 1.1935188682554998
35.88 1.194136281298208
35.9 1.1969270874234457
35.93 1.2007202541958302
35.95 1.2055351732918516
35.98 1.2110776496641205
36.0 1.2162976740699218
36.02 1.2201527485222252
36.05 1.2251603744760622
36.08 1.2279372093237615
36.1 1.229317949666683
36.12 1.2321912389519594
36.15 1.2329652744646369
36.18 1.2349605655145603
36.2 1.236533381163106
36.23 1.2387210792110226
36.25 1.2395242948953462
36.27 1.239023313063282
36.3 1.2385984761185147
36.33 1.2385878156923946
36.35 1.238986932683725
36.38 1.2402698477982426
36.4 1.2406047567924094
36.43 1.2384528552609242
36.45 1.236713035757753
36.48 1.2344924811272238
36.5 1.2308606741735388
36.52 1.2278693336492974
36.55 1.222649311703568
36.58 1.219566150735409
36.6 1.2152042540341055
36.62 1.2121375974890443
36.65 1.2097219754929756
36.68 1.2075980009827834
36.7 1.2068842406561655
36.73 1.2036922701557906
36.75 1.200443884585884
36.77 1.1987034725445025
36.8 1.1973287721625407
36.83 1.196335198861216
36.85 1.1941856870854721
36.88 1.1901842251617576
36.9 1.1864301130955166
36.93 1.1807288141453856
36.95 1.175163465957887
36.98 1.1705342114563817
37.0 1.1641864572728942
37.02 1.1560127223490424
37.05 1.1486874251803474
37.08 1.182329226074054
37.1 1.1736354351702685
37.12 1.1651260322574475
37.15 1.157582937830322
37.18 1.1508361125254842
37.2 1.1440811222923666
37.23 1.1366770492444926
37.25 1.1271862044379675
37.27 1.117443220346036
37.3 1.1081283857632893
37.33 1.100165206767318
37.35 1.092733161614878
37.38 1.0861981186567184
37.4 1.0802365792064574
37.43 1.0753350312123393
37.45 1.0707360172354676
37.48 1.0670066512355174
37.5 1.0646490289184303
37.52 1.0629568587540656
37.55 1.0617599091669856
37.58 1.0605641164992714
37.6 1.059064764414655
37.62 1.058789717622314
37.65 1.0596259065238745
37.68 1.06037181306098
37.7 1.062438594473807
37.73 1.0649755798810534
37.75 1.0687832292914792
37.77 1.0726433590898243
37.8 1.0775070768037691
37.83 1.0837558502383315
37.85 1.0912170032446828
37.88 1.095624990982879
37.9 1.098626674179848
37.93 1.1017039867629552
37.95 1.103663644588558
37.98 1.10628544146352
38.0 1.1082518987802372
38.02 1.1110913219139973
38.05 1.112419475412635
38.08 1.1096557529364082
38.1 1.1091056471281062
38.12 1.10641203807444
38.15 1.1037820631784026
38.18 1.1028216797671648
38.2 1.1020148722921426
38.23 1.1016419650772924
38.25 1.0980763285815602
38.27 1.0945016591804015
38.3 1.0897741486323687
38.33 1.084392355576013
38.35 1.0804035219829733
38.38 1.075793593512721
38.4 1.0712817988811196
38.43 1.0701335566116053
38.45 1.0691772000736515
38.48 1.066143760205438
38.5 1.1035554366174416
38.53 1.1014968298969097
38.55 1.09950858990812
38.58 1.0981512508248623
38.6 1.0978862601543573
38.62 1.1003062175125118
38.65 1.1029319192222145
38.68 1.1059383038846329
38.7 1.1102025570731242
38.73 1.1137338273709865
38.75 1.1178583552737176
38.78 1.121086925297602
38.8 1.1244405954154855
38.83 1.1300923922072459
38.85 1.1340409241878275
38.88 1.134654367061074
38.9 1.133635494061998
38.93 1.12998498588825
38.95 1.12605383405761
38.98 1.1219052351404986
39.0 1.118028105822497
39.03 1.1146312474731075
39.05 1.1132112468009998
39.08 1.1116285129477403
39.1 1.1100707016532285
39.12 1.107655521423378
39.15 1.1057221994443804
39.18 1.1037812525521304
39.2 1.1024754010797522
39.23 1.1013608404274329
39.25 1.1002347988884273
39.28 1.1002313369905052
39.3 1.1023457137125547
39.33 1.1056065098960421
39.35 1.1094611572472506
39.38 1.1131840570895466
39.4 1.116898904125208
39.43 1.1208971998772888
39.45 1.1254413384685704
39.48 1.1303644035661036
39.5 1.1356902454395668
39.53 1.1431292259774117
39.55 1.1514465550238688
39.58 1.1586592743099249
39.6 1.1659635113748779
39.62 1.173999495490112
39.65 1.1817756638737613
39.68 1.1892292043440642
39.7 1.1962685348978375
39.73 1.2027163381280066
39.75 1.2073442441742515
39.78 1.2109315077090794
39.8 1.213127468020918
39.83 1.215780005820542
39.85 1.2171475572900632
39.88 1.218223696479488
39.9 1.2198183201481334
39.93 1.2216449347299088
39.95 1.2237771251179113
39.98 1.2268060397819163
40.0 1.2278260322388157
40.03 1.2759268929212595
40.05 1.2731989718952126
40.08 1.2685306043914715
40.1 1.266129749554523
40.12 1.2650368483302878
40.15 1.2622841060047503
40.18 1.260094121476208
40.2 1.2560927561401674
40.23 1.2506359933654487
40.25 1.2463798491758584
40.28 1.241685996075803
40.3 1.238537360947927
40.33 1.2358035110336723
40.35 1.234145531592939
40.38 1.2358571106664298
40.4 1.2377936858361933
40.43 1.2404967490481933
40.45 1.2443017133874577
40.48 1.2484140504044405
40.5 1.2498932857997131
40.53 1.250035694139941
40.55 1.2514471204391058
40.58 1.25263684918573
40.6 1.2514139281854129
40.62 1.249302812814132
40.65 1.2488382449734439
40.68 1.2485307026256616
40.7 1.2494824384482859
40.73 1.2518220505258189
40.75 1.2541181148307727
40.78 1.2570244547202525
40.8 1.2586675612634928
40.83 1.2579881593064437
40.85 1.258251002663233
40.88 1.257293335332345
40.9 1.253750402116226
40.93 1.246892835773758
40.95 1.238441817931844
40.98 1.2272965389326536
41.0 1.2161591980599746
41.03 1.2062732958081417
41.05 1.1957452470036039
41.08 1.1855726564295332
41.1 1.1766067826362112
41.12 1.1684624639175316
41.15 1.1605627990281573
41.18 1.1537285541436604
41.2 1.1479162062326231
41.23 1.1421242600008212
41.25 1.1372129146835772
41.28 1.133334501804758
41.3 1.1304212229182071
41.33 1.127722571172196
41.35 1.125575117010231
41.38 1.1220465242542144
41.4 1.1184266831276373
41.43 1.1143725048465476
41.45 1.111326490709848
41.48 1.1106185898477394
41.5 1.111327792170377
41.53 1.1113085026780392
41.55 1.1113101921357067
41.58 1.1105168786618234
41.6 1.1094909005774947
41.62 1.1093325677936203
41.65 1.1105062589644512
41.68 1.1109739243484102
41.7 1.155003953204311
41.73 1.1557483784670899
41.75 1.1554674040796142
41.78 1.1542790505755023
41.8 1.1533574692671122
41.83 1.1534668458600321
41.85 1.1511111260697489
41.88 1.1483544905698222
41.9 1.1451763364605827
41.93 1.1442468234578975
41.95 1.142379765022668
41.98 1.140272408565587
42.0 1.1393996072565105
42.03 1.1383779136778396
42.05 1.1380370414504117
42.08 1.1372463078644262
42.1 1.136001487159765
42.12 1.13312246425168
42.15 1.1296031242943783
42.18 1.1270856780218765
42.2 1.126430004196236
42.23 1.1258855160832573
42.25 1.1282498682902327
42.28 1.1295822299582547
42.3 1.1300417649649903
42.33 1.1311350984203585
42.35 1.1323695480195008
42.38 1.132388686976342
42.4 1.13162112015404
42.43 1.132077090728242
42.45 1.132513188367009
42.48 1.1330470817221607
42.5 1.1328411619813872
42.53 1.1332240669974367
42.55 1.132911241932789
42.58 1.1318630189247407
42.6 1.1321915487186875
42.62 1.1331612939971503
42.65 1.1328456947660375
42.68 1.1339244444963357
42.7 1.1360547768917482
42.73 1.1376375979538844
42.75 1.1378175993813218
42.78 1.1375657450707288
42.8 1.139803067825322
42.83 1.142360125165181
42.85 1.1444502947298925
42.88 1.14717893014552
42.9 1.1511507845156572
42.93 1.1560426994806523
42.95 1.16136922381805
42.98 1.1662929752296178
43.0 1.1708932151562983
43.03 1.1738380047289407
43.05 1.1769577741747281
43.08 1.1785856869388753
43.1 1.1779634823647933
43.12 1.177075367812925
43.15 1.1765631095577018
43.18 1.1745059419776338
43.2 1.1705067461683303
43.23 1.165173215403155
43.25 1.158536135435558
43.28 1.1528927499406756
43.3 1.1470161589949168
43.33 1.1419110263625132
43.35 1.1379611474399753
43.38 1.1338026384879285
43.4 1.130368613647506
43.43 1.127006123009675
43.45 1.124448429989868
43.48 1.1220659216515523
43.5 1.1197994021066215
43.53 1.1629813198923504
43.55 1.1610132683873577
43.58 1.1595240481438236
43.6 1.158588658822377
43.62 1.15770743048799
43.65 1.1570376801505162
43.68 1.1563702619225646
43.7 1.1562475496678788
43.73 1.155837963701977
43.75 1.1551320953450896
43.78 1.1539317192958964
43.8 1.1523683159995277
43.83 1.151989829921867
43.85 1.151099655030618
43.88 1.1512324797871611
43.9 1.1522314651727408
43.93 1.1544267413203173
43.95 1.1561404850938144
43.98 1.1586280695397804
44.0 1.1630227537519073
44.03 1.1657650417891103
44.05 1.1673559407658192
44.08 1.1687034671898595
44.1 1.171320014383687
44.12 1.1747238069577888
44.15 1.1789855973245797
44.18 1.1839840795184808
44.2 1.1881277943389066
44.23 1.1912960277359748
44.25 1.1930179689656497
44.28 1.1933800682179954
44.3 1.192743366448355
44.33 1.1922169836102448
44.35 1.190941960774509
44.38 1.1892407507376455
44.4 1.1874455472713672
44.43 1.1862427478777315
44.45 1.1858299736520912
44.48 1.1862346933417016
44.5 1.1857485443815772
44.53 1.186122380920651
44.55 1.1863974440644989
44.58 1.1874019246897973
44.6 1.1893532523701966
44.62 1.1916990858578873
44.65 1.194380931592207
44.68 1.1968595711499945
44.7 1.1974257467913108
44.73 1.19828617324253
44.75 1.1995212830415223
44.78 1.1997945364892826
44.8 1.200481022819171
44.83 1.2017319006791563
44.85 1.2027955349750798
44.88 1.2041066714747193
44.9 1.205324115191489
44.93 1.2076278247923764
44.95 1.2101942892844058
44.98 1.212917524991369
45.0 1.2142684957887913
45.03 1.2152363465923501
45.05 1.215994957396637
45.08 1.2166579839292904
45.1 1.2176467563143412
45.12 1.2193050034713275
45.15 1.2197996441972327
45.18 1.2212801437917582
45.2 1.2242121152816985
45.23 1.2268135982489345
45.25 1.2294019051353027
45.28 1.2319026714953234
45.3 1.235640748487724
45.33 1.2405135467708557
45.35 1.2445738322067197
45.38 1.246415567160016
45.4 1.2488575875798333
45.43 1.2534971796970107
45.45 1.2589013632147887
45.48 1.2632680553716895
45.5 1.321757279445193
45.53 1.3250196499293727
45.55 1.3270644477222229
45.58 1.3289998905432585
45.6 1.3301023809032033
45.62 1.3297407865252844
45.65 1.3289679745151521
45.68 1.3287889485533453
45.7 1.3279598651919824
45.73 1.3246357610156223
45.75 1.3206009218005075
45.78 1.3162657132549085
45.8 1.3120803274829307
45.83 1.3082618843528981
45.85 1.3045728665790692
45.88 1.3015496849110109
45.9 1.29850502425638
45.93 1.295463771723665
45.95 1.2908550341872551
45.98 1.286322641640451
46.0 1.2809305789213274
46.03 1.2743583883341
46.05 1.2673357386935173
46.08 1.259845135600571
46.1 1.2521428585854015
46.12 1.2458633506166779
46.15 1.240053907119244
46.18 1.2345552022364827
46.2 1.230331814254786
46.23 1.2262783555793817
46.25 1.2221415031008471
46.28 1.217920765312086
46.3 1.2139627544409741
46.33 1.2107182903454161
46.35 1.207844038849498
46.38 1.2044191661576922
46.4 1.200464884305668
46.43 1.1972168067169269
46.45 1.1956767106154564
46.48 1.194709073895551
46.5 1.19580682043621
46.53 1.1973639257555106
46.55 1.1978896922002493
46.58 1.1979932827915274
46.6 1.198163834859313
46.62 1.1981167820819114
46.65 1.1987358886573276
46.68 1.199671877727863
46.7 1.1993851613617548
46.73 1.1994131630298799
46.75 1.20018572359235
46.78 1.1994883532969371
46.8 1.1971250600197152
46.83 1.1953843016517967
46.85 1.1946085323248212
46.88 1.1931990881753003
46.9 1.190093516116199
46.93 1.1858753215867242
46.95 1.1814096421830091
46.98 1.1762264640699207
47.0 1.1704170885592853
47.03 1.1649789134915733
47.05 1.1598789919612305
47.08 1.155255252921611
47.1 1.1510868033400792
47.12 1.1468564351970694
47.15 1.1428269946925254
47.18 1.1400488757465843
47.2 1.1379325006230752
47.23 1.1357446241613105
47.25 1.1338768299815696
47.28 1.1325732597847278
47.3 1.1309269979360883
47.33 1.1284635874546958
47.35 1.125363100188617
47.38 1.1210816102150505
47.4 1.1172576014732645
47.43 1.115006549294203
47.45 1.1131579569182757
47.48 1.1119373342464478
47.5 1.110157686884143
47.53 1.1087727315826887
47.55 1.1082586285740441
47.58 1.106556864031018
47.6 1.1047691816454481
47.62 1.1043233099585663
47.65 1.1534380789044834
47.68 1.15260876064407
47.7 1.1511816122461105
47.73 1.1508355827148489
47.75 1.149478381326851
47.78 1.1486033780275489
47.8 1.146342984397539
47.83 1.1453978475922102
47.85 1.1450006702371511
47.88 1.143590920875647
47.9 1.1438841751104603
47.93 1.144710174209102
47.95 1.1471056555236658
47.98 1.1481720807832458
48.0 1.149773930569928
48.03 1.1519257174131299
48.05 1.15394648539303
48.08 1.155226594744095
48.1 1.154810181327979
48.12 1.1534148257765833
48.15 1.1529160773853804
48.18 1.1515758873348252
48.2 1.149178124270889
48.23 1.1466095253327702
48.25 1.1446565334611047
48.28 1.144894523041755
48.3 1.145291373036088
48.33 1.1453918596288848
48.35 1.1460623307450217
48.38 1.147624979357084
48.4 1.1477415992488427
48.43 1.149330483212157
48.45 1.150880381757664
48.48 1.1498741904297844
48.5 1.1491375774019092
48.53 1.1494290396429718
48.55 1.1500627949108808
48.58 1.1484115461036126
48.6 1.1454725974655733
48.62 1.1421669305972657
48.65 1.1345088288565424
48.68 1.1269693209162397
48.7 1.1199891063003558
48.73 1.1137045327845676
48.75 1.1080368517764392
48.78 1.102798803727018
48.8 1.0984049613175284
48.83 1.0952471101501162
48.85 1.0929957917176825
48.88 1.090085678040657
48.9 1.0869701553824553
48.93 1.083511199752137
48.95 1.0786074734441222
48.98 1.0738989670430394
49.0 1.0702718176849482
49.03 1.0667821934555148
49.05 1.0631102080333419
49.08 1.0603348999925948
49.1 1.0595123599209095
49.12 1.0585629945824648
49.15 1.0562439419722611
49.18 1.0537777172835405
49.2 1.0513312641896573
49.23 1.0497485222643397
49.25 1.0480513275072236
49.28 1.0469710708320474
49.3 1.046903215140166
49.33 1.047444452279259
49.35 1.0481640320737604
49.38 1.049876978712457
49.4 1.051649750133202
49.43 1.0541967173211457
49.45 1.0573750969721942
49.48 1.0605186933112756
49.5 1.0628712324280656
49.53 1.065455273982655
49.55 1.0682040403430053
49.58 1.0718735961438215
49.6 1.0758591777383628
49.62 1.0806028829499486
49.65 1.0847333866754922
49.68 1.0879894880212793
49.7 1.089767724691451
49.73 1.0914447991844005
49.75 1.0937294437862715
49.78 1.0969888788377946
49.8 1.0995062950192849
49.83 1.1017785768137587
49.85 1.1045710494868508
49.88 1.1073410386971254
49.9 1.1094006834208587
49.93 1.111334878140557
49.95 1.1128798073113066
49.98 1.1150124232668546
50.0 1.1173379574190447
50.03 1.11920720977122
50.05 1.173793557461065
50.08 1.177651270172281
50.1 1.1809563038037905
50.12 1.1836870710557486
50.15 1.1868846486605578
50.18 1.1894052728070874
50.2 1.1912950411732586
50.23 1.1923536653594595
50.25 1.1933634030989995
50.28 1.193843886840729
50.3 1.1950460592113883
50.33 1.1955854870410125
50.35 1.1970443526084351
50.38 1.1994696507581688
50.4 1.202345784060691
50.43 1.2044037589227483
50.45 1.2080620987902282
50.48 1.2125427457456954
50.5 1.2165588351811518
50.53 1.220976602847788
50.55 1.2265780057957905
50.58 1.2318907939489374
50.6 1.2365692921411717
50.62 1.2415379847977408
50.65 1.2469570049373289
50.68 1.2526085727589165
50.7 1.2587556753632536
50.73 1.2643816658067681
50.75 1.2684473252354571
50.78 1.2726542394953788
50.8 1.2763364938246218
50.83 1.2791759670705223
50.85 1.2814083738305593
50.88 1.2835646602205069
50.9 1.2858995360190786
50.93 1.2892082837239145
50.95 1.2931814850311356
50.98 1.2967410578261764
51.0 1.2997414036171533
51.03 1.302369411779603
51.05 1.3040870608348216
51.08 1.3045764232800352
51.1 1.305274307821237
51.12 1.3066665766271146
51.15 1.307645490090751
51.18 1.3071771295136956
51.2 1.3068426371276887
51.23 1.307998442526453
51.25 1.3087266673935078
51.28 1.3095834606694046
51.3 1.3097275788253506
51.33 1.3095826985255434
51.35 1.3099284976886407
51.38 1.3110055420340234
51.4 1.312297903405546
51.43 1.3125980861962507
51.45 1.3132044183702705
51.48 1.3144724439120234
51.5 1.3167533004718928
51.53 1.3186586876635817
51.55 1.3222473237756949
51.58 1.3252973487554318
51.6 1.3281657057923397
51.62 1.3307211249573923
51.65 1.3343247310556887
51.68 1.3380340103327233
51.7 1.3403664005554936
51.73 1.3424876554932552
51.75 1.3450802312493262
51.78 1.3471879977311734
51.8 1.3469965214084045
51.83 1.3459414584107814
51.85 1.3435842004422869
51.88 1.341584548090872
51.9 1.3394447816898851
51.93 1.3374800314538893
51.95 1.3350623017425356
51.98 1.3336141293232666
52.0 1.3323246447994632
52.03 1.3312021889493393
52.05 1.3311562644173092
52.08 1.3311699346660915
52.1 1.330301292747093
52.12 1.3297393638184463
52.15 1.328312150060345
52.18 1.3268247869710867
52.2 1.3249787819112897
52.23 1.323285856647549
52.25 1.320964464942382
52.28 1.318881217970649
52.3 1.316409366727643
52.33 1.314285739837377
52.35 1.3129362874505952
52.38 1.3120780025789445
52.4 1.3107044107987234
52.43 1.3094903981090433
52.45 1.3080251691428253
52.48 1.3076005270873443
52.5 1.306498428418118
52.53 1.3049179351157252
52.55 1.303697802246803
52.58 1.3012892658088078
52.6 1.2985415343635105
52.62 1.296507124039943
52.65 1.2949059212747598
52.68 1.3580065014167482
52.7 1.356946851572046
52.73 1.3559904372040028
52.75 1.3555076057351743
52.78 1.355383861149453
52.8 1.3567165567549562
52.83 1.358559290006749
52.85 1.3607890314267956
52.88 1.361585216443251
52.9 1.362701568261455
52.93 1.3638236999552689
52.95 1.364995286149296
52.98 1.3663462409036666
53.0 1.3674796033159988
53.03 1.3674991866826425
53.05 1.3676496328460817
53.08 1.3684699913736094
53.1 1.3698773359558607
53.12 1.3704948968028383
53.15 1.371074394640868
53.18 1.3711565309342888
53.2 1.3703251152726335
53.23 1.3688357661850643
53.25 1.366828252596647
53.28 1.364116863064239
53.3 1.362205160012236
53.33 1.3605485511402104
53.35 1.3589652744189038
53.38 1.3560810197621431
53.4 1.352631919566938
53.43 1.3497430400925763
53.45 1.3467741406095113
53.48 1.3437176212237385
53.5 1.3407362609465925
53.53 1.337270513483636
53.55 1.334367324703574
53.58 1.3315395530978
53.6 1.327485171262734
53.62 1.3231935212607284
53.65 1.3184146535403276
53.68 1.313724422577401
53.7 1.3092620977708376
53.73 1.305494578788314
53.75 1.3018833004235946
53.78 1.2991780217795945
53.8 1.2963520572030858
53.83 1.2947861384560524
53.85 1.294262808749685
53.88 1.2931163785023578
53.9 1.2932939026334647
53.93 1.2929002834622034
53.95 1.2929622583881617
53.98 1.29346922036882
54.0 1.2937356983062935
54.03 1.2942038772267477
54.05 1.2949351493505845
54.08 1.2956352064177257
54.1 1.2961928932487898
54.12 1.2949313765249573
54.15 1.2925606163066719
54.18 1.2909052055437475
54.2 1.2898677230121083
54.23 1.2898782057725404
54.25 1.2911203223758425
54.28 1.2919790915917149
54.3 1.2932565099613798
54.33 1.2961014281024916
54.35 1.2995899305498415
54.38 1.3013050743990413
54.4 1.3032638252047142
54.43 1.3056750226414595
54.45 1.307485356059061
54.48 1.30905240547559
54.5 1.309951835033064
54.53 1.310503199166482
54.55 1.3113624064939864
54.58 1.3106416678410184
54.6 1.3090351568150473
54.62 1.3056830458968647
54.65 1.3019079619134768
54.68 1.2987931055535193
54.7 1.2946026963683723
54.73 1.2887142175761035
54.75 1.2841631017790958
54.78 1.2799277957695634
54.8 1.2759383328559952
54.83 1.2714010364696864
54.85 1.2669558656203883
54.88 1.2646703810973057
54.9 1.2625831627212327
54.93 1.2612150739756558
54.95 1.2597940537636476
54.98 1.2572801196304073
55.0 1.2543283691512608
55.03 1.2514500189310953
55.05 1.2489364103741556
55.08 1.2458423208107314
55.1 1.242688680779171
55.12 1.2400936980412087
55.15 1.2378659874103342
55.18 1.236312215754576
55.2 1.234081649223072
55.23 1.2318921402478775
55.25 1.2298581354226978
55.28 1.2273828192121727
55.3 1.224020477901693
55.33 1.221526358777536
55.35 1.2192423376788184
55.38 1.2164841576722032
55.4 1.2122551182453496
55.43 1.2082334629065343
55.45 1.203943758993981
55.48 1.2000876808429122
55.5 1.195369365339081
55.53 1.1904640937139541
55.55 1.1838394579550773
55.58 1.1760713059551848
55.6 1.2257497630665728
55.62 1.2183033963890628
55.65 1.210668207273886
55.68 1.2014026928799761
55.7 1.1924566397742236
55.73 1.1832380758017929
55.75 1.17461059343354
55.78 1.1673261480943413
55.8 1.1599022840615716
55.83 1.152892779464881
55.85 1.1457850657512128
55.88 1.1384767242191334
55.9 1.1309126206452362
55.93 1.122835779003315
55.95 1.1148077733097423
55.98 1.1077142181328665
56.0 1.1017299782918561
56.03 1.0963481973363005
56.05 1.0914921613800588
56.08 1.0870448723853003
56.1 1.0832012991708744
56.12 1.07991455011563
56.15 1.0771650098802779
56.18 1.074195387107064
56.2 1.0722907286405823
56.23 1.0700573987338373
56.25 1.0680567624103505
56.28 1.0672231606291143
56.3 1.0664315249584821
56.33 1.0650225631349115
56.35 1.064485480883217
56.38 1.0640136719877542
56.4 1.0634039551438756
56.43 1.0634255546297045
56.45 1.0638948512928568
56.48 1.0647444884242783
56.5 1.0650421421463767
56.53 1.0643417230787622
56.55 1.0636590481430772
56.58 1.0630149400257238
56.6 1.0628604998908455
56.62 1.0632004271201616
56.65 1.062984738503249
56.68 1.0623324915222174
56.7 1.0619551635336872
56.73 1.0623047363815856
56.75 1.0621223821171695
56.78 1.0616826118677114
56.8 1.0608974836639231
56.83 1.0600171945547538
56.85 1.0602140786707221
56.88 1.0609093797583515
56.9 1.0612475763714289
56.93 1.0603335614758758
56.95 1.0584785877493594
56.98 1.0571305650058445
57.0 1.0554291646680536
57.03 1.0536897289871705
57.05 1.0526904761348403
57.08 1.0518631085664198
57.1 1.0499821343196876
57.12 1.0470548415501455
57.15 1.045234422283797
57.18 1.0436538836408993
57.2 1.0417568920420128
57.23 1.039910725646184
57.25 1.0391351738641486
57.28 1.038860543257498
57.3 1.0389846914809193
57.33 1.0397715126197211
57.35 1.0394209435833694
57.38 1.0387053160877122
57.4 1.039214561742701
57.43 1.0398220359603667
57.45 1.0403592761392986
57.48 1.040160319971827
57.5 1.0405179410999936
57.53 1.0410214956828554
57.55 1.041520125344084
57.58 1.0419045466505015
57.6 1.0413764891585475
57.62 1.0407969868295124
57.65 1.0409593784399251
57.68 1.041392046491851
57.7 1.0420525700337282
57.73 1.0429404603623287
57.75 1.0444915955810563
57.78 1.0469469744889717
57.8 1.0499391815182673
57.83 1.0525135069441047
57.85 1.0554162022070377
57.88 1.0580106383736323
57.9 1.0611097051064622
57.93 1.0643646511404825
57.95 1.0678636168980353
57.98 1.0718572144343481
58.0 1.0750364398878902
58.03 1.078402230906216
58.05 1.0824364482856421
58.08 1.085675819669386
58.1 1.0890369303717704
58.12 1.0923546816187835
58.15 1.0962423880045744
58.18 1.0995237586045432
58.2 1.1032498375793711
58.23 1.1078069009922575
58.25 1.1114276948629842
58.28 1.1142274590375674
58.3 1.1167036812549374
58.33 1.119733934555382
58.35 1.1230969156370962
58.38 1.1259790986113791
58.4 1.1295723616447033
58.43 1.133315266265272
58.45 1.1359392974865385
58.48 1.1381977629246731
58.5 1.1409148440123067
58.53 1.1434783265155188
58.55 1.1452583277545418
58.58 1.1473506065002521
58.6 1.1499259812476996
58.62 1.1520367235590947
58.65 1.1528489564750146
58.68 1.153393443906189
58.7 1.1528578444980844
58.73 1.1523889058708832
58.75 1.1523192913550597
58.78 1.1521348800863447
58.8 1.1527038421170417
58.83 1.152739589239026
58.85 1.1529748680639582
58.88 1.2157839558823524
58.9 1.2167652599837482
58.93 1.217752013456565
58.95 1.2188059303682697
58.98 1.2194050656138449
59.0 1.2213824775532662
59.03 1.223023481516947
59.05 1.2236823955270688
59.08 1.2253658532423362
59.1 1.228222394894771
59.12 1.2303705466558377
59.15 1.2325136769575054
59.18 1.2346043617980764
59.2 1.2355541424804783
59.23 1.2365289777438524
59.25 1.238400550558573
59.28 1.2403674765443027
59.3 1.242244562317925
59.33 1.2432735346160446
59.35 1.2436848426800626
59.38 1.2446666650479794
59.4 1.246472099144469
59.43 1.2488294560807165
59.45 1.2509090866514785
59.48 1.2549721024648537
59.5 1.2595133960897402
59.53 1.2633786845511847
59.55 1.2655693300653128
59.58 1.2671310424113522
59.6 1.2686712229625026
59.62 1.2700660712162293
59.65 1.269495563133648
59.68 1.268051029488833
59.7 1.2673635958376581
59.73 1.266545252832619
59.75 1.2663614804181935
59.78 1.2643727992890343
59.8 1.261140882999362
59.83 1.2577842654116562
59.85 1.254127303563267
59.88 1.2494482143469197
59.9 1.244289330690709
59.93 1.239568957947911
59.95 1.235165479733868
59.98 1.2319565470727722
60.0 1.228953906323214
60.03 1.2259564336162936
60.05 1.2228988730429156
60.08 1.220316925775291
60.1 1.2184214597376533
60.12 1.216986716960122
60.15 1.2166439834331946
60.18 1.2159084915254175
60.2 1.2152388187800378
60.23 1.214284115005145
60.25 1.2132089480633277
60.28 1.2127077180842458
60.3 1.2131196003987061
60.33 1.2134886694806215
60.35 1.2126621569152043
60.38 1.211669605274544
60.4 1.2111806102121323
60.43 1.210576043604926
60.45 1.2107007311850513
60.48 1.211669038829091
60.5 1.2127797807316352
60.53 1.214121886186001
60.55 1.2163863004991076
60.58 1.219342174116639
60.6 1.2223012105818705
60.62 1.225786321789007
60.65 1.2288502521605495
60.68 1.2324116157510212
60.7 1.2360793498714897
60.73 1.2395909025497407
60.75 1.2432944756112445
60.78 1.2478130905537008
60.8 1.2528339357856455
60.83 1.2575425081360776
60.85 1.2621701567689139
60.88 1.26651018755238
60.9 1.270520865850079
60.93 1.274391390589672
60.95 1.2785376916713658
60.98 1.2827505704389097
61.0 1.285732874766449
61.03 1.2884702652616256
61.05 1.2919103945451658
61.08 1.2946481923437054
61.1 1.297331096227248
61.12 1.3000980310856753
61.15 1.3032196278871282
61.18 1.3053405688446258
61.2 1.3069849353153298
61.23 1.3085259959180862
61.25 1.3086692403925433
61.28 1.308963580593596
61.3 1.30860411949532
61.33 1.3075459502245086
61.35 1.3060481403603228
61.38 1.3040781010653948
61.4 1.3025666027776601
61.43 1.301144070582537
61.45 1.299398196031806
61.48 1.2971792321234625
61.5 1.2950229107785831
61.53 1.2942371996541375
61.55 1.2933605834216972
61.58 1.2922978915292511
61.6 1.2920064662042492
61.62 1.2916500022777022
61.65 1.2911732768692583
61.68 1.2902105312050522
61.7 1.289077807500938
61.73 1.2889772367915917
61.75 1.2895221159867754
61.78 1.2903229554956672
61.8 1.29167199631591
61.83 1.292998821884006
61.85 1.2937880521685896
61.88 1.2948681027874294
61.9 1.2964159335240228
61.93 1.29853186186383
61.95 1.3002328209585372
61.98 1.3018903515000362
62.0 1.3041428443103034
62.03 1.3065721911126884
62.05 1.308385585107425
62.08 1.3102644985828777
62.1 1.311967367972873
62.12 1.3135911365666828
62.15 1.3152149317509916
62.18 1.3177563531860905
62.2 1.3205680916256504
62.23 1.3236956828667799
62.25 1.326654504192497
62.28 1.3291149876344173
62.3 1.3318699887917118
62.33 1.3343859591957874
62.35 1.3369783964431996
62.38 1.3390544920799878
62.4 1.3411081853827735
62.43 1.3428134123893172
62.45 1.3448134808689038
62.48 1.346863148684087
62.5 1.3483536561958196
62.53 1.3495148559065024
62.55 1.4297493111792572
62.58 1.4312624195649757
62.6 1.4329218821913996
62.62 1.4340482462677415
62.65 1.434475176579446
62.68 1.4348915711965378
62.7 1.4356628770369015
62.73 1.436604153909759
62.75 1.4379344865230854
62.78 1.438782242224147
62.8 1.4398337825511323
62.83 1.4407234707569685
62.85 1.4412243435837404
62.88 1.442581332171061
62.9 1.4442937426737021
62.93 1.4462406509082746
62.95 1.4475227476205899
62.98 1.449151358677865
63.0 1.4503522897690737
63.03 1.4518428658070324
63.05 1.453911084695602
63.08 1.4560322597128752
63.1 1.4581225050591673
63.12 1.460572633942023
63.15 1.4620308296273776
63.18 1.4631201260193571
63.2 1.4634725860405808
63.23 1.4643958538715252
63.25 1.466049040797908
63.28 1.4683142408067005
63.3 1.4706713437456185
63.33 1.4720867664147361
63.35 1.4744471854191428
63.38 1.4773645532785435
63.4 1.4803037901855645
63.43 1.4832598545584867
63.45 1.4856933834586135
63.48 1.4884662015134575
63.5 1.4912118602379276
63.53 1.493609475518511
63.55 1.4960368484516613
63.58 1.4982438317076991
63.6 1.5000335200636714
63.62 1.5015829859576355
63.65 1.5032282860499877
63.68 1.503880173497793
63.7 1.5053185258791235
63.73 1.5055639881400646
63.75 1.505308102694018
63.78 1.5053328883897157
63.8 1.5052900054372171
63.83 1.5044379466642135
63.85 1.5034252242531871
63.88 1.5032274073946834
63.9 1.5029147568703554
63.93 1.5027725341211502
63.95 1.5019974871034052
63.98 1.500448993111708
64.0 1.4993518894893225
64.03 1.4989564874203072
64.05 1.4990785638600368
64.08 1.4999732544509732
64.1 1.500095794152384
64.12 1.4992349493082266
64.15 1.4981663104894407
64.17 1.4981551402445898
64.2 1.4985133545843652
64.23 1.4984181438794475
64.25 1.4973599751765854
64.28 1.4965241231531312
64.3 1.4952917093440694
64.33 1.493578392143019
64.35 1.4927341112881336
64.38 1.491860515589332
64.4 1.4903729562415529
64.42 1.4894884797060062
64.45 1.4889864390951089
64.48 1.4885301688994619
64.5 1.4871741693160359
64.53 1.4848332886141191
64.55 1.4827034019700078
64.58 1.481427581995131
64.6 1.4805115893870158
64.62 1.4787361573996172
64.65 1.4766367784714962
64.67 1.475063571627135
64.7 1.4738403747774278
64.73 1.4730834892644091
64.75 1.4711133739932463
64.78 1.4690040454175008
64.8 1.4652928935040803
64.83 1.4613233676031554
64.85 1.4565684011376434
64.88 1.4507757972184012
64.9 1.4457305366128812
64.92 1.440841037344564
64.95 1.4358050586922129
64.98 1.4307214493843423
65.0 1.4251537424876652
65.03 1.4202211628786021
65.05 1.4158620059348996
65.08 1.4120817703004132
65.1 1.408580767071384
65.12 1.4055610258079263
65.15 1.4026001544666185
65.17 1.3995353664524284
65.2 1.3959401369066353
65.23 1.3924221459161876
65.25 1.3882387822175686
65.28 1.3827438973918391
65.3 1.3767123515803361
65.33 1.37170789106863
65.35 1.3670983039903017
65.38 1.3621440764453387
65.4 1.3575964672420537
65.42 1.3528499757392967
65.45 1.3495262522295344
65.48 1.3466928624498689
65.5 1.3442861317859858
65.53 1.3415560764376975
65.55 1.3387202233560116
65.58 1.336252362021268
65.6 1.3334644530844553
65.62 1.330265754615457
65.65 1.326987083565087
65.67 1.3231934934597451
65.7 1.3187266887043383
65.73 1.313639653179768
65.75 1.308900914526745
65.78 1.304031703826803
65.8 1.2991122352508573
65.83 1.2953432354400378
65.85 1.291885774535358
65.88 1.2888703561739585
65.9 1.28611770794005
65.92 1.2827298770630344
65.95 1.2792904678675057
65.98 1.2768969908752765
66.0 1.2749776090910936
66.03 1.2727800273676848
66.05 1.2702723901570983
66.08 1.2681736569274034
66.1 1.2660838230135543
66.12 1.2643127248759387
66.15 1.262438182043011
66.17 1.261150722684292
66.2 1.2602603422085907
66.23 1.2593558331637624
66.25 1.257292607907455
66.28 1.2546834941732887
66.3 1.2525708063847165
66.33 1.250702186234129
66.35 1.2488068633585327
66.38 1.247384601376884
66.4 1.2454165890166178
66.42 1.2430308747735346
66.45 1.240658785121102
66.48 1.2382376885864426
66.5 1.235625345781425
66.53 1.2331445253337254
66.55 1.2299721112416049
66.58 1.2270945554217558
66.6 1.2242324430607294
66.62 1.2204107088118004
66.65 1.2166117900559015
66.67 1.2137728410415853
66.7 1.2112966739945519
66.73 1.2862888470166363
66.75 1.2829347920311438
66.78 1.2791154337562405
66.8 1.2750752907675351
66.83 1.2704654230201597
66.85 1.266051697412699
66.88 1.2623777950320296
66.9 1.2582908352675117
66.92 1.2536250507039408
66.95 1.2493354892772408
66.98 1.2459328140404489
67.0 1.242605818744083
67.03 1.239583057911346
67.05 1.236694901013633
67.08 1.23393198554453
67.1 1.2312384293371206
67.12 1.228788420768253
67.15 1.2271464321565184
67.17 1.2257935101558382
67.2 1.224976498950117
67.23 1.224002490042712
67.25 1.2228772253460123
67.28 1.2211000637879026
67.3 1.2191902237683772
67.33 1.2177052054296544
67.35 1.215691874183015
67.38 1.2138272862868862
67.4 1.2126386120688968
67.42 1.2118026777181041
67.45 1.2102759465716615
67.48 1.2083201445037695
67.5 1.2062373905995503
67.53 1.2045656771707551
67.55 1.203647014707337
67.58 1.2031789838160394
67.6 1.2031457895741247
67.62 1.2034744148583385
67.65 1.2040188676947718
67.67 1.2041498867502567
67.7 1.2037957296897321
67.73 1.203044972386521
67.75 1.2021128145837714
67.78 1.2001680549029998
67.8 1.1974347359606914
67.83 1.195208461244888
67.85 1.1930271300766553
67.88 1.1915819714062355
67.9 1.190383364451763
67.92 1.189361323160823
67.95 1.188781250685374
67.98 1.1886581448282865
68.0 1.1885567276390128
68.03 1.1874624307579449
68.05 1.1852498854951758
68.08 1.1826640150403653
68.1 1.1798755222048056
68.12 1.1774040706934537
68.15 1.175848101531784
68.17 1.1738874100995937
68.2 1.1713009823822211
68.23 1.1686296509935052
68.25 1.1664556351902406
68.28 1.164955468796899
68.3 1.163341645102401
68.33 1.1615382028239167
68.35 1.1598499000260871
68.38 1.1581892294942928
68.4 1.1559525431781434
68.42 1.1538039337302852
68.45 1.1514802035077283
68.48 1.1490361982243982
68.5 1.1472491859690255
68.53 1.1453678828037155
68.55 1.143330541207195
68.58 1.1412376621758424
68.6 1.1395646715011847
68.62 1.138047650620379
68.65 1.1370421540792892
68.67 1.136489872342992
68.7 1.1364634053358729
68.73 1.137151764503387
68.75 1.1369331256944248
68.78 1.1357398264990488
68.8 1.1356334911690935
68.83 1.1365211292235347
68.85 1.1365639105870464
68.88 1.1369288745057116
68.9 1.136811558627609
68.92 1.1369204434883944
68.95 1.1378732519193722
68.98 1.1385775111417826
69.0 1.1395848178697339
69.03 1.1412798052586366
69.05 1.142159102178576
69.08 1.1428410659893364
69.1 1.1432889316896986
69.12 1.1445562374096983
69.15 1.146720609338311
69.17 1.1493611251283409
69.2 1.1511031701960672
69.23 1.1530103107075143
69.25 1.1554560036115356
69.28 1.1574394735038254
69.3 1.159458645673119
69.33 1.1606922993804976
69.35 1.1618732851478213
69.38 1.1634928747895852
69.4 1.1653850325395019
69.42 1.1674751415201334
69.45 1.1686782298683014
69.48 1.1696472400602027
69.5 1.17048097212586
69.53 1.1711767534953281
69.55 1.1719306323943905
69.58 1.172392017951315
69.6 1.1716693955700568
69.62 1.171024111972797
69.65 1.1702136991612186
69.67 1.1697763035465334
69.7 1.1694115545148893
69.73 1.1695312988130269
69.75 1.1686594948829567
69.78 1.167266369258867
69.8 1.166551137637255
69.83 1.1664354290213392
69.85 1.1663531193493288
69.88 1.1657166571060813
69.9 1.1648735792148388
69.92 1.1634119235559963
69.95 1.1614750702495145
69.98 1.1599402490857593
70.0 1.1587133392022213
70.03 1.1585810633376874
70.05 1.1589934804419173
70.08 1.1592800001483232
70.1 1.1601444621436592
70.12 1.160292995093311
70.15 1.1609463712936303
70.17 1.1624074740893067
70.2 1.1644379225000843
70.23 1.1676475923461198
70.25 1.170639059141076
70.28 1.1730549047188468
70.3 1.1764079091009831
70.33 1.1802088195585907
70.35 1.1844285024074919
70.38 1.1881386623858503
70.4 1.1905190791288054
70.42 1.1926690847154109
70.45 1.1957735725800471
70.48 1.198237886709596
70.5 1.1997619462189388
70.53 1.2016580505763665
70.55 1.2040333376725167
70.58 1.2064692460674136
70.6 1.2084575718683361
70.62 1.2088655861802218
70.65 1.2078293393294135
70.67 1.206042164222685
70.7 1.2034601428367553
70.73 1.1995364590918076
70.75 1.1946466766209232
70.78 1.190241243056185
70.8 1.1855707047309305
70.83 1.1797407670255038
70.85 1.1737328721550346
70.88 1.168150483563638
70.9 1.1635372603663718
70.92 1.1592469394171074
70.95 1.1546337147230001
70.98 1.1501869249972902
71.0 1.145797010067031
71.03 1.1426715695345677
71.05 1.1399010045428017
71.08 1.1371801483392474
71.1 1.1343269076694988
71.12 1.1311230122047482
71.15 1.1281066763262377
71.17 1.1249529531737694
71.2 1.1213703426190924
71.23 1.1177504589725429
71.25 1.1145626178690167
71.28 1.1114271667236975
71.3 1.108845754049397
71.33 1.1065518757525226
71.35 1.1043629922324125
71.38 1.101792733678974
71.4 1.0986657909236666
71.42 1.0956195560838184
71.45 1.0925063297307696
71.48 1.1649266692938531
71.5 1.1621844547590228
71.53 1.1598187040615866
71.55 1.1577042610623658
71.58 1.156167439395401
71.6 1.1548546281159546
71.62 1.1538313638815956
71.65 1.1529633825664385
71.67 1.1524377820328682
71.7 1.1522984337293367
71.73 1.1525416545421248
71.75 1.1534608608672285
71.78 1.1540753703377946
71.8 1.1549113547280045
71.83 1.155884669264956
71.85 1.1564784662477021
71.88 1.15686637488164
71.9 1.157614851358019
71.92 1.158132016542688
71.95 1.1587982777038355
71.98 1.1597185855646333
72.0 1.1607905690790223
72.03 1.162587641779506
72.05 1.1650946816095604
72.08 1.1676429913324775
72.1 1.1697835006789143
72.12 1.1720160711811316
72.15 1.1741775014840274
72.17 1.1766285496299946
72.2 1.1794306707585538
72.23 1.1820590400508038
72.25 1.1843573133970975
72.28 1.1861267228294372
72.3 1.1871446450973475
72.33 1.188739097192137
72.35 1.190147086832045
72.38 1.191305462576041
72.4 1.1924119854732653
72.42 1.193832247844635
72.45 1.1957747741752587
72.48 1.19811075481461
72.5 1.19982893219446
72.53 1.2012669735345773
72.55 1.2032880694512178
72.58 1.2055797548889964
72.6 1.2074099582964153
72.62 1.2094275008241993
72.65 1.2110196785796465
72.67 1.212195158232499
72.7 1.2137178589086766
72.73 1.2157166211888282
72.75 1.2179985251274277
72.78 1.2191463086071277
72.8 1.2208003545804529
72.83 1.2230879400321417
72.85 1.2259219686634188
72.88 1.2281475851568362
72.9 1.2307923139426773
72.92 1.2338392283591009
72.95 1.2364870885819585
72.98 1.2384508978176272
73.0 1.2404841407737055
73.03 1.2427212185248966
73.05 1.2445653170348463
73.08 1.2455904666948698
73.1 1.246797660830441
73.12 1.2474210452509091
73.15 1.2485384925976468
73.17 1.2497993576560689
73.2 1.2511125642378
73.23 1.2524705960872589
73.25 1.2547255370626735
73.28 1.2567735655523908
73.3 1.2581687194393034
73.33 1.2594209716437428
73.35 1.2604256788167956
73.38 1.2621250017521144
73.4 1.2636930995760816
73.42 1.2648322246704726
73.45 1.2659774059992455
73.48 1.2673917236537093
73.5 1.2683639365672175
73.53 1.2692786370542066
73.55 1.2707100827733169
73.58 1.2716489185241562
73.6 1.2719232992037348
73.62 1.2721212596734117
73.65 1.2722173376654007
73.67 1.2728009147467838
73.7 1.2730180585726951
73.73 1.2722742270170375
73.75 1.271598914533016
73.78 1.2707038149820122
73.8 1.269232657222222
73.83 1.2688374862417275
73.85 1.2680977897247263
73.88 1.267416864425472
73.9 1.2670157593553135
73.92 1.267544670082011
73.95 1.2684147922940843
73.98 1.2688014176640443
74.0 1.2694006985707786
74.03 1.269988448118964
74.05 1.270879479197961
74.08 1.2715007589646183
74.1 1.2729466079865324
74.12 1.2744351753732521
74.15 1.2760148713201884
74.17 1.2783850367873528
74.2 1.2802202847607616
74.23 1.2813728872037065
74.25 1.2826915192767063
74.28 1.2842776841769479
74.3 1.28592782457995
74.33 1.2879184206212293
74.35 1.2901291962297006
74.38 1.2923367620058053
74.4 1.2949209870099554
74.42 1.2975195480713315
74.45 1.2988604832445125
74.48 1.2995891257797152
74.5 1.2997554134528364
74.53 1.2999537723702135
74.55 1.300183815798152
74.58 1.2997849056540052
74.6 1.2992121158132552
74.62 1.299214018689414
74.65 1.2990813293821761
74.67 1.2986694585172112
74.7 1.2982152145678667
74.73 1.2980076939318446
74.75 1.2981291176541934
74.78 1.2980147560651891
74.8 1.2982273302418872
74.83 1.2981674725650612
74.85 1.2981627093068995
74.88 1.2981756947843843
74.9 1.2980827363716445
74.92 1.29859980557055
74.95 1.2994040812664513
74.98 1.300565644047298
75.0 1.3014872337144139
75.03 1.3020955353628596
75.05 1.3029190080275443
75.08 1.303955420877434
75.1 1.3049843110681456
75.12 1.3061226902144114
75.15 1.3068775670814725
75.17 1.307193777245473
75.2 1.3071791216009063
75.23 1.3070613586237285
75.25 1.3070049302510178
75.28 1.3074153758171452
75.3 1.3076825286048495
75.33 1.3074075159421943
75.35 1.3072543717070702
75.38 1.3074100189760278
75.4 1.3073231077088725
75.42 1.3072772640393036
75.45 1.3079633136330602
75.48 1.3085611663756944
75.5 1.3093332959020207
75.53 1.3102325367138867
75.55 1.311455457902556
75.58 1.3127965959052046
75.6 1.3140594561179673
75.62 1.3155945600223011
75.65 1.3170305184969275
75.67 1.3196560526456815
75.7 1.323016245693008
75.73 1.326297953738202
75.75 1.329414881414633
75.78 1.3317624562057129
75.8 1.3339891015292067
75.83 1.3369332210026068
75.85 1.339890791553855
75.88 1.3431881818967348
75.9 1.3462644944413495
75.92 1.3494493173008393
75.95 1.3525682318603554
75.98 1.355479992063987
76.0 1.3577208597403767
76.03 1.360350099170194
76.05 1.3634223385276691
76.08 1.3658829500907284
76.1 1.3675644006540304
76.12 1.3687572291765744
76.15 1.3700393803270212
76.17 1.3715822614815234
76.2 1.3733214337989343
76.23 1.374542775684085
76.25 1.3751382581091125
76.28 1.375556423575429
76.3 1.3756657723950914
76.33 1.3761965151095747
76.35 1.3772008909242446
76.38 1.378361470392216
76.4 1.378474228979104
76.42 1.3792092081304053
76.45 1.3793735930115132
76.48 1.3798260055955913
76.5 1.3802309731575655
76.53 1.380740764096526
76.55 1.381389136036029
76.58 1.3813866947039348
76.6 1.3812693039744706
76.62 1.3818789112523542
76.65 1.3823899868718077
76.67 1.3833438170121846
76.7 1.38484411371752
76.73 1.386270829751954
76.75 1.3874905741019354
76.78 1.3879765463618243
76.8 1.3885430130205498
76.83 1.3897843400987748
76.85 1.3912356476861036
76.88 1.3932438955740787
76.9 1.3951581871985892
76.93 1.3964595914983333
76.95 1.3974510433744696
76.98 1.5097273861743263
77.0 1.5102281858802464
77.03 1.510443066002321
77.05 1.510286171283569
77.08 1.5103770557912626
77.1 1.5103827064528372
77.12 1.5101183403134957
77.15 1.5090899048782966
77.18 1.5084759574789486
77.2 1.5083711127259747
77.23 1.509347317204873
77.25 1.509697810025002
77.28 1.5100166763586198
77.3 1.510170147416149
77.33 1.5105532731926228
77.35 1.511388719747932
77.38 1.5125642262104553
77.4 1.5133469193177234
77.43 1.5135179459569357
77.45 1.5136573829916238
77.48 1.5147151550733848
77.5 1.5159536601225576
77.53 1.5163779022729287
77.55 1.5159298639880479
77.58 1.5156158311626844
77.6 1.5158790286936223
77.62 1.5157239121345911
77.65 1.515657115925859
77.68 1.5145900463540354
77.7 1.5125339610491357
77.73 1.5104882204679042
77.75 1.5074247330717074
77.78 1.5043907397868868
77.8 1.5014548999383026
77.83 1.4980660824702134
77.85 1.4941485606708347
77.88 1.4903993167243599
77.9 1.4857892453011494
77.93 1.4810026160922258
77.95 1.4760444756332565
77.98 1.4716345542411138
78.0 1.4671375147508605
78.03 1.4626734383994648
78.05 1.4589770260693449
78.08 1.455866350672494
78.1 1.4536030652608054
78.12 1.4513435172076121
78.15 1.4494199013955578
78.18 1.4472684683721813
78.2 1.445359728431271
78.23 1.4435621007296182
78.25 1.4422578033770181
78.28 1.4410340681006175
78.3 1.4394999677041627
78.33 1.4375242391447527
78.35 1.4350159911618947
78.38 1.432785172161989
78.4 1.430913594573656
78.43 1.4293723312014999
78.45 1.427666214939545
78.48 1.4259248540475702
78.5 1.423553489158258
78.53 1.4206597222907604
78.55 1.4185979543485685
78.58 1.4167023079535292
78.6 1.41507028997663
78.62 1.4134544790102674
78.65 1.4120180352153393
78.68 1.4110445553602073
78.7 1.409907672469702
78.73 1.4085541714886753
78.75 1.4065670168151503
78.78 1.4048300100616051
78.8 1.4039784193249323
78.83 1.4031851336561378
78.85 1.4017209271860638
78.88 1.4002766906751511
78.9 1.3995467637015382
78.93 1.3990174620285234
78.95 1.3983470555390345
78.98 1.3981143263823348
79.0 1.3980102204016682
79.03 1.3985856669884131
79.05 1.3993138938926277
79.08 1.400011258210266
79.1 1.400419967991028
79.12 1.4007533694074943
79.15 1.401213215836041
79.18 1.402432098982325
79.2 1.4034961609963452
79.23 1.4042511314743995
79.25 1.405054571443631
79.28 1.4064935175837656
79.3 1.4084501825063303
79.33 1.4099984701955828
79.35 1.4113461471581803
79.38 1.413079494227483
79.4 1.4144657253171133
79.43 1.415361251811055
79.45 1.4160764679421385
79.48 1.4164148684739042
79.5 1.4161338581360958
79.53 1.4155126306265122
79.55 1.4146588581621689
79.58 1.4131947669366671
79.6 1.4119777515214254
79.62 1.4113905360959602
79.65 1.4115547835337197
79.68 1.411451414237493
79.7 1.4109680972701812
79.73 1.4098206774314515
79.75 1.4090189722790583
79.78 1.4079567816716856
79.8 1.40665491958048
79.83 1.4048648068450353
79.85 1.4032232960434636
79.88 1.4013527226183367
79.9 1.3996108297619987
79.93 1.3981503939395743
79.95 1.3964244765062417
79.98 1.3948927952255188
80.0 1.3942769747386567
80.03 1.3942160282280263
80.05 1.394236620693067
80.08 1.393969450453913
80.1 1.3932192351399881
80.12 1.392161609566423
80.15 1.391243873245362
80.18 1.3906677618492262
80.2 1.390228206408876
80.23 1.390556343065552
80.25 1.3902101670650469
80.28 1.3892744749961254
80.3 1.3884853221489457
80.33 1.3873263939278486
80.35 1.3866933294000492
80.38 1.385558057749897
80.4 1.383678719283242
80.43 1.3806941576059168
80.45 1.3776969020948002
80.48 1.374900238333357
80.5 1.372282399682317
80.53 1.369720533492984
80.55 1.3673114662322474
80.58 1.3652679073730634
80.6 1.3640490833567185
80.62 1.3631520728233115
80.65 1.3625683480906348
80.68 1.361644120210247
80.7 1.3605003170010403
80.73 1.3595264703424321
80.75 1.3590198370757531
80.78 1.3588372791071395
80.8 1.3582254229511643
80.83 1.3577686362556851
80.85 1.357638791788183
80.88 1.3580343534299004
80.9 1.3585260588228254
80.93 1.3595607914011039
80.95 1.3603268738853533
80.98 1.3601018885280085
81.0 1.3598669208436565
81.03 1.3593862467964544
81.05 1.359107347775179
81.08 1.3593208615931889
81.1 1.3600121169709867
81.12 1.3605023010174095
81.15 1.3607859877670214
81.18 1.3608118006231176
81.2 1.3606677672691727
81.23 1.360509121056938
81.25 1.3600104482948125
81.28 1.3594156468990848
81.3 1.3592447429383072
81.33 1.359055991609938
81.35 1.3585446251089268
81.38 1.3580144490405734
81.4 1.3579509232427922
81.43 1.3573172046965416
81.45 1.3568177585240464
81.48 1.3565941241952182
81.5 1.3568089514428812
81.53 1.3568026981458685
81.55 1.3567053071780688
81.58 1.3558894607037317
81.6 1.355210870397237
81.62 1.3540700970731603
81.65 1.3521976721556745
81.68 1.3502497685559312
81.7 1.3481546227658305
81.73 1.3461351374766422
81.75 1.3443242307917662
81.78 1.3426637855739334
81.8 1.340746380495616
81.83 1.3389369992543207
81.85 1.3366591930296616
81.88 1.3340061410029929
81.9 1.3310245430686547
81.93 1.327614580579652
81.95 1.323826861837014
81.98 1.3199230370918864
82.0 1.3165835471388343
82.03 1.3139419954860065
82.05 1.3114069378221427
82.08 1.3085649213317143
82.1 1.305385519712579
82.12 1.3024760449342845
82.15 1.300028963825728
82.18 1.2976005506731088
82.2 1.2956839425494253
82.23 1.2936635063034523
82.25 1.291537085678456
82.28 1.289693350810954
82.3 1.2878731724428496
82.33 1.2862045026958246
82.35 1.2844742669471187
82.38 1.2829511110850125
82.4 1.2817538523455096
82.43 1.2805600405455893
82.45 1.2792754967814564
82.48 1.2777626214085611
82.5 1.2752814223132447
82.53 1.2726753749496345
82.55 1.2705739806027403
82.58 1.2688773615405233
82.6 1.2677852402765188
82.62 1.2665415118733385
82.65 1.2654184942060023
82.68 1.2643407112890008
82.7 1.2633802534500613
82.73 1.262728328197729
82.75 1.261748442582103
82.78 1.260762977341751
82.8 1.259649745584556
82.83 1.2586467990423071
82.85 1.2577317533623662
82.88 1.2568038806473956
82.9 1.2559383703464926
82.93 1.2551784599216078
82.95 1.2550532882949637
82.98 1.2554082477556705
83.0 1.2558440377642552
83.03 1.2562075310452743
83.05 1.2565630401714596
83.08 1.257343845286703
83.1 1.2582112336706592
83.12 1.2589597289222119
83.15 1.2592902262907895
83.18 1.259324332643335
83.2 1.2594369347115295
83.23 1.2594671451772173
83.25 1.2600381259314593
83.28 1.26123472946771
83.3 1.2626915634531317
83.33 1.2633819995170457
83.35 1.2634363666530974
83.38 1.2631276580692246
83.4 1.3748647483095593
83.43 1.3761324233053602
83.45 1.3779402856232403
83.48 1.3795327208595245
83.5 1.379878199057465
83.53 1.3796371630301103
83.55 1.379642323612967
83.58 1.3793342038170053
83.6 1.3783884625099985
83.62 1.377659567565854
83.65 1.3774632994241867
83.68 1.3760641209130564
83.7 1.3742190137097314
83.73 1.3724665527415865
83.75 1.3711566346204918
83.78 1.3696413396454148
83.8 1.3679227058121126
83.83 1.3668412884112022
83.85 1.3656222291439168
83.88 1.364354232242108
83.9 1.3632757192191447
83.93 1.3621102686131146
83.95 1.3614602464738983
83.98 1.3614733984117904
84.0 1.3618088874309693
84.03 1.361559949929037
84.05 1.3610638791750318
84.08 1.3611714242996034
84.1 1.3611547103252863
84.12 1.3614211485687855
84.15 1.3614581595110127
84.18 1.3613382962420966
84.2 1.36162427036125
84.23 1.3619187872482044
84.25 1.3621161702178946
84.28 1.3633108691203646
84.3 1.3648317233259812
84.33 1.366069516713643
84.35 1.367808239493605
84.38 1.3700458122156989
84.4 1.3722567585189218
84.43 1.3749876566911392
84.45 1.377802389764435
84.48 1.3806911873774677
84.5 1.3837687003818724
84.53 1.3868669249516605
84.55 1.390551911495123
84.58 1.393594107866619
84.6 1.3961294012487662
84.62 1.3990748626642375
84.65 1.4022887559696664
84.68 1.4051808847231868
84.7 1.407964749507186
84.73 1.4099487612744308
84.75 1.4114375388657943
84.78 1.4128813985321929
84.8 1.4136657739639584
84.83 1.4146251664656813
84.85 1.415570579580313
84.88 1.4160616244681743
84.9 1.4164902399367967
84.93 1.4179263938250348
84.95 1.4192143437139286
84.98 1.4193885972320275
85.0 1.4189809380631255
85.03 1.4185989097107894
85.05 1.4178388132099744
85.08 1.4170327056907557
85.1 1.4160882958306502
85.12 1.4144108048118025
85.15 1.4133964302707795
85.18 1.4121220181250331
85.2 1.4110843974809977
85.23 1.4108484323000494
85.25 1.4107311739724337
85.28 1.4101171016273766
85.3 1.4096043292419524
85.33 1.409844969565622
85.35 1.4110474394634427
85.38 1.4121923695965355
85.4 1.4129300112391048
85.43 1.413523763014658
85.45 1.413872520894227
85.48 1.414101037598001
85.5 1.4136474891433648
85.53 1.4130126397151235
85.55 1.4129715207666285
85.58 1.4138772093280156
85.6 1.415717140490226
85.62 1.417558837575986
85.65 1.4186401306305563
85.68 1.4194289611214137
85.7 1.4197287712576607
85.73 1.4204344985926969
85.75 1.421530172795946
85.78 1.4228286056542303
85.8 1.4250981586922373
85.83 1.4277353709275844
85.85 1.4302909080992048
85.88 1.4327614843065166
85.9 1.4361882560172465
85.93 1.4399433701280784
85.95 1.4432753257005173
85.98 1.4462600456157775
86.0 1.448524602943905
86.03 1.4506123456018303
86.05 1.452627003781646
86.08 1.4555624235677653
86.1 1.4588577879343412
86.12 1.4614696596166108
86.15 1.4635488335096738
86.18 1.465082503712925
86.2 1.4667911955086017
86.23 1.4684037585949097
86.25 1.4699823921944175
86.28 1.472090429489928
86.3 1.4741221052368894
86.33 1.4753082374557716
86.35 1.4752690815231517
86.38 1.4743913420401522
86.4 1.4733605263393867
86.43 1.4724986860583729
86.45 1.4711101853224768
86.48 1.4698372461394853
86.5 1.468451187510376
86.53 1.4671503046386365
86.55 1.46559879174822
86.58 1.4636423113994113
86.6 1.4623140553698524
86.62 1.4611032951029395
86.65 1.4602341954915765
86.68 1.459919789205826
86.7 1.459730228256032
86.73 1.4585082307597723
86.75 1.4574715703510928
86.78 1.4567306332830796
86.8 1.4559295989238128
86.83 1.4552687305810352
86.85 1.454537294450611
86.88 1.453989750083448
86.9 1.4536879599554724
86.93 1.4534156741102948
86.95 1.4532491202837388
86.98 1.4533061301378416
87.0 1.4530947415543676
87.03 1.4528961675045176
87.05 1.4525207921483194
87.08 1.4523597198604359
87.1 1.4521733003255044
87.12 1.4521051781318102
87.15 1.4520976305719753
87.18 1.4519207352511434
87.2 1.4515962230084885
87.23 1.4514119227237714
87.25 1.4510801794488541
87.28 1.450859010740107
87.3 1.4506781647960847
87.33 1.4500117679636613
87.35 1.449304950269025
87.38 1.4490653402682718
87.4 1.4484754283274066
87.43 1.4478645247514539
87.45 1.4468390073670638
87.48 1.4459644323818832
87.5 1.4450354800222918
87.53 1.4437431816099648
87.55 1.4419362517092462
87.58 1.4399901202693997
87.6 1.4380391080094574
87.62 1.4365323281770446
87.65 1.4355742111629881
87.68 1.434173211587329
87.7 1.4327002938303612
87.73 1.4317288882673878
87.75 1.4309610445984
87.78 1.4304799327801916
87.8 1.4296305162435665
87.83 1.4291830874527316
87.85 1.4291238725864883
87.88 1.4286473712037289
87.9 1.4286939396641603
87.93 1.428497622965429
87.95 1.4284368516654402
87.98 1.4284521827588819
88.0 1.4285461241571515
88.03 1.4281394068560702
88.05 1.4274809045788919
88.08 1.4265572684483911
88.1 1.4252088234176017
88.12 1.4236030422469705
88.15 1.4220937163722491
88.18 1.4206932351840913
88.2 1.4193651694422336
88.23 1.4180955734654022
88.25 1.416913604651259
88.28 1.4155256965838516
88.3 1.4144772463565904
88.33 1.4138376500323153
88.35 1.4129239845084594
88.38 1.4117805360395266
88.4 1.4112991315175372
88.43 1.4111751743918188
88.45 1.4108083355299108
88.48 1.410170901657628
88.5 1.4094282073545346
88.53 1.408724505174559
88.55 1.4075918657472608
88.58 1.4065334028661314
88.6 1.4054183913240383
88.62 1.4041988557407625
88.65 1.403540722062774
88.68 1.4029648177947298
88.7 1.4025584116876118
88.73 1.4020298921947705
88.75 1.401512271607168
88.78 1.40042429696368
88.8 1.3993672710748868
88.83 1.3982767161158274
88.85 1.3974818111407992
88.88 1.3965890073341347
88.9 1.3955950628166158
88.93 1.3945615470943484
88.95 1.3940004439318077
88.98 1.3929353215616358
89.0 1.3916611699616483
89.03 1.3901781043194905
89.05 1.3889753162254834
89.08 1.38755188020966
89.1 1.3863942100318811
89.12 1.3850458449255805
89.15 1.3833797906663783
89.18 1.3818796540804228
89.2 1.380384292102337
89.23 1.3794148751515642
89.25 1.3786717866885567
89.28 1.378297731129157
89.3 1.3777789202542117
89.33 1.3770642327972915
89.35 1.375846459999837
89.38 1.374305968621558
89.4 1.3723486159312543
89.43 1.370532173247842
89.45 1.3689204678623714
89.48 1.3676461758322778
89.5 1.3660912016042386
89.53 1.3644591276210334
89.55 1.362672586313352
89.58 1.3610626822634562
89.6 1.3599116927142105
89.62 1.3588420723675476
89.65 1.3577166341554947
89.68 1.3566374745424994
89.7 1.3550158374914518
89.73 1.3530894768207244
89.75 1.3514583683226657
89.78 1.3495318769705102
89.8 1.3471031796097928
89.83 1.344578699473192
89.85 1.3419248087126916
89.88 1.339110223842041
89.9 1.336056487453707
89.93 1.3333988224347246
89.95 1.3306187525772812
89.98 1.3277333411438559
90.0 1.32503850587098
90.03 1.3227169425253238
90.05 1.3204015546852368
90.08 1.318171590191098
90.1 1.3163582422396554
90.12 1.314721376008645
90.15 1.3134545805009727
90.18 1.3120472324162595
90.2 1.3109884007860264
90.23 1.310007779114906
90.25 1.309052835993137
90.28 1.3080776197393975
90.3 1.30660427756184
90.33 1.305125405413648
90.35 1.3032323680566056
90.38 1.3013232339650824
90.4 1.2996929416352512
90.43 1.2978345112359828
90.45 1.2960820677737401
90.48 1.294138798494811
90.5 1.2921112533075403
90.53 1.2904867709834456
90.55 1.2891797420111881
90.58 1.2879133891126435
90.6 1.2870993830746165
90.62 1.286038528997947
90.65 1.2848898040685781
90.68 1.284442394329477
90.7 1.2836981194103705
90.73 1.2830580473642552
90.75 1.2823786834719932
90.78 1.2818700352952173
90.8 1.2813871809600001
90.83 1.2812124561456644
90.85 1.2810223169882504
90.88 1.2807325853070044
90.9 1.280476441061365
90.93 1.2806047113169974
90.95 1.2799788052266994
90.98 1.3993974236377766
91.0 1.3988711754291718
91.03 1.3986531347986304
91.05 1.3985256734418816
91.08 1.3982920668994852
91.1 1.3983431596561409
91.12 1.3989561037438771
91.15 1.3999133332561755
91.18 1.401102156617503
91.2 1.4023605243831219
91.23 1.4036346594623756
91.25 1.4046333350322115
91.28 1.4053513486344493
91.3 1.4056584851402119
91.33 1.4057553619629612
91.35 1.4060486161077825
91.38 1.4062172405062312
91.4 1.4059486065463795
91.43 1.4060041186781038
91.45 1.4060321546987542
91.48 1.405717512710387
91.5 1.405179667668645
91.53 1.4046599724034479
91.55 1.4047693210434626
91.58 1.4053491902622341
91.6 1.4054064176199923
91.62 1.4057574231623728
91.65 1.4061634015737838
91.68 1.4062959111780557
91.7 1.4067383050598241
91.73 1.4074675000252
91.75 1.408533652207324
91.78 1.409797672649757
91.8 1.4109845357295059
91.83 1.4124890563691
91.85 1.4135868178136446
91.88 1.4138972417158686
91.9 1.4140604434183324
91.93 1.4145705395255495
91.95 1.414866004933112
91.98 1.4145589729901933
92.0 1.4138034730007412
92.03 1.4130308983366948
92.05 1.4115992529057269
92.08 1.4098165218240983
92.1 1.4082194084873174
92.12 1.40670031041391
92.15 1.4049711988917497
92.18 1.4030072079596114
92.2 1.4012254188322795
92.23 1.399434813835762
92.25 1.397519223073597
92.28 1.3960016617393456
92.3 1.394587986327765
92.33 1.3935004474947765
92.35 1.3923412468651126
92.38 1.3920040317849984
92.4 1.3922199490516596
92.43 1.3925163264025595
92.45 1.392316551883593
92.48 1.392046232402912
92.5 1.391778058577746
92.53 1.3910894798327318
92.55 1.3906682066756313
92.58 1.3905804255072884
92.6 1.3901250380080141
92.62 1.3898549253544958
92.65 1.3895198724122992
92.68 1.389407374274046
92.7 1.3897503955553523
92.73 1.390164837057397
92.75 1.390366127202867
92.78 1.3901805543403831
92.8 1.3895868479826883
92.83 1.3892050895349275
92.85 1.389286517296131
92.88 1.3895449187282947
92.9 1.3898969061455906
92.93 1.3903005580365235
92.95 1.3905956552124346
92.98 1.3908163979492059
93.0 1.390495704132027
93.03 1.3904208992856393
93.05 1.3899842323392884
93.08 1.3891655963565128
93.1 1.3881276832594385
93.12 1.3868696531807692
93.15 1.385451067834302
93.18 1.3838657421306042
93.2 1.3818203077615454
93.23 1.3795374672633303
93.25 1.3776593828512607
93.28 1.3763220410477746
93.3 1.3748772359340904
93.33 1.3739089707028571
93.35 1.3731304171636034
93.38 1.372232819078123
93.4 1.3715744503095728
93.43 1.3708745934277013
93.45 1.3706218306857085
93.48 1.3709339922720236
93.5 1.3712243319174402
93.53 1.3710014722747776
93.55 1.3708999997965594
93.58 1.3705200193267173
93.6 1.3698621409560319
93.62 1.369228894888162
93.65 1.3690794782772857
93.68 1.3687323034332521
93.7 1.3689890367038395
93.73 1.3692276882163081
93.75 1.3693368005882014
93.78 1.3696260600803005
93.8 1.3702161602210574
93.83 1.3712372357132316
93.85 1.371942944544851
93.88 1.37227378565146
93.9 1.372469101888651
93.93 1.3728631052459555
93.95 1.3733564993474532
93.98 1.3738853995874911
94.0 1.3739678031897027
94.03 1.3743852540652548
94.05 1.3749345647638083
94.08 1.3754499070691395
94.1 1.3764484113878734
94.12 1.3769356929170582
94.15 1.377043196430935
94.18 1.3772305015838553
94.2 1.3777527299653494
94.23 1.378363083973214
94.25 1.3783696221175608
94.28 1.3782538544753329
94.3 1.3784785459114515
94.33 1.3789854039464065
94.35 1.3796287207085127
94.38 1.3807779160017788
94.4 1.3813470186440768
94.43 1.3819192302166081
94.45 1.3827471179671758
94.48 1.3837037287812612
94.5 1.3841112513110416
94.53 1.3850493179602836
94.55 1.386173739520339
94.58 1.3874466354343309
94.6 1.388797284264423
94.62 1.3903543954671063
94.65 1.3916063185096081
94.68 1.3927951105722318
94.7 1.3941541066844778
94.73 1.3953935195673932
94.75 1.396386605675439
94.78 1.3973307486895743
94.8 1.3983524296190428
94.83 1.399251871565501
94.85 1.4006137627440558
94.88 1.4020475059696424
94.9 1.4036402201551041
94.93 1.4049746467625568
94.95 1.406135382913982
94.98 1.4070159771101043
95.0 1.4077541055211193
95.03 1.408674851788571
95.05 1.4095001907735878
95.08 1.4109171075411275
95.1 1.412361776077296
95.12 1.4139207214247491
95.15 1.415043593872854
95.18 1.4154936814295433
95.2 1.4159374017459492
95.23 1.4164646184145309
95.25 1.4170562587075877
95.28 1.417391119130759
95.3 1.4174275715864908
95.33 1.41763117199663
95.35 1.4174357074052257
95.38 1.4173558169386775
95.4 1.4173299639270622
95.43 1.4180280790931201
95.45 1.4187825254274786
95.48 1.4196212919033084
95.5 1.4199394608892122
95.53 1.4208801672776177
95.55 1.421638398897159
95.58 1.4219974307634518
95.6 1.42194615388408
95.62 1.42241530786279
95.65 1.4234966451036115
95.68 1.4246873622109586
95.7 1.4249744518883118
95.73 1.4251652615468988
95.75 1.4247202702004558
95.78 1.4244494860883774
95.8 1.4248553439479552
95.83 1.4249517744315572
95.85 1.4256918671377858
95.88 1.4266122034630102
95.9 1.4273965546721363
95.93 1.427519518954004
95.95 1.4271689065416555
95.98 1.4264338842145001
96.0 1.4261660022893943
96.03 1.4265408032871252
96.05 1.426338058790975
96.08 1.4263403896694635
96.1 1.4264821020403553
96.12 1.4266948505425214
96.15 1.4271788053454884
96.18 1.4271048584828074
96.2 1.4270939646407064
96.23 1.4269906317859462
96.25 1.4267005893632068
96.28 1.4269517357443808
96.3 1.4279022062924185
96.33 1.4294142252535307
96.35 1.4304124074823545
96.38 1.4309574817295498
96.4 1.431555518093282
96.43 1.4324552961545653
96.45 1.4333719201213122
96.48 1.4339034615241333
96.5 1.4341226436052177
96.53 1.4350808206133525
96.55 1.4363035509556543
96.58 1.437894683620103
96.6 1.439422398747456
96.62 1.4413000419863804
96.65 1.4431289768805466
96.68 1.444654799003295
96.7 1.447089027356787
96.73 1.449670763073161
96.75 1.4520450527211417
96.78 1.4536356454826505
96.8 1.4551791256711526
96.83 1.4575028971515784
96.85 1.459511722261605
96.88 1.46163861340773
96.9 1.4632296061889163
96.93 1.4637872125364175
96.95 1.4640294549177058
96.98 1.4644390106861085
97.0 1.4651885695902744
97.03 1.46611538106387
97.05 1.467107181641781
97.08 1.468430495958398
97.1 1.4691020238368444
97.12 1.4690704628849982
97.15 1.4685818567433198
97.18 1.4671953256407906
97.2 1.4651806204728424
97.23 1.4630742302190507
97.25 1.4601423375652545
97.28 1.45593748136725
97.3 1.4510856594110884
97.33 1.4465052319787106
97.35 1.4426156944838588
97.38 1.4389283019616936
97.4 1.4347293412501623
97.43 1.4302320712034555
97.45 1.4262792665407058
97.48 1.4227638759723547
97.5 1.4194797613188832
97.53 1.4168354931277165
97.55 1.4142613712224297
97.58 1.4118669842574143
97.6 1.4101720271572313
97.62 1.4088711241265741
97.65 1.4076647530604158
97.68 1.4068265715042367
97.7 1.4059395148609217
97.73 1.404556202304558
97.75 1.4031328419351072
97.78 1.4016495671653317
97.8 1.3998619711473639
97.83 1.39788628389234
97.85 1.3959452484076897
97.88 1.39349565283687
97.9 1.3898762293983655
97.93 1.3862546531393776
97.95 1.3832123791110487
97.98 1.3804543241347484
98.0 1.3777183209146842
98.03 1.374981297362215
98.05 1.3726042230447975
98.08 1.3703129610285816
98.1 1.3679088292550947
98.12 1.3658037905643396
98.15 1.3643239441254063
98.18 1.363816114863697
98.2 1.3637704545974751
98.23 1.3635991403983048
98.25 1.3631172354430725
98.28 1.3614416888875491
98.3 1.35911801800241
98.33 1.3572877667456686
98.35 1.3552148219471716
98.38 1.3532958080496078
98.4 1.3510260273950192
98.43 1.3493092598003553
98.45 1.3477782217014591
98.48 1.3460138563559925
98.5 1.3438711591943395
98.53 1.3415669882980088
98.55 1.339230092590209
98.58 1.337163068351891
98.6 1.3352170442595903
98.62 1.333553147996812
98.65 1.3320323214225547
98.68 1.3308217758738323
98.7 1.3297845388116585
98.73 1.3290431528847668
98.75 1.3280862979306236
98.78 1.3272752093126305
98.8 1.326925343639638
98.83 1.3266407496832755
98.85 1.3264388043898772
98.88 1.3257245770876755
98.9 1.324672505626139
98.93 1.323890334846115
98.95 1.3235108401757394
98.98 1.3229571381749345
99.0 1.3221949828125235
99.03 1.3216445076452785
99.05 1.320925384168046
99.08 1.3199097040081207
99.1 1.3195268739407822
99.12 1.3200937177143015
99.15 1.3205740737307363
99.18 1.3207344608358964
99.2 1.3214101300509185
99.23 1.3221911500492343
99.25 1.3230941983820124
99.28 1.323686184729235
99.3 1.324288824817823
99.33 1.3243065432133074
99.35 1.324100214165556
99.38 1.3233193016596074
99.4 1.3222000546979602
99.43 1.3212109766823108
99.45 1.3196112431765226
99.48 1.3178501339467628
99.5 1.3162220440441406
99.53 1.314874812291532
99.55 1.3138532663490878
99.58 1.3128124756462594
99.6 1.3115508300154026
99.62 1.3104674158689382
99.65 1.3095645062995167
99.68 1.308772933297463
99.7 1.308334348299413
99.73 1.3074957773019158
99.75 1.306468367081087
99.78 1.3051872588631406
99.8 1.3041125700034546
99.83 1.3033579024420183
99.85 1.302716139187701
99.88 1.3018238940939157
99.9 1.3011956090143078
99.93 1.3003425471251124
99.95 1.2993127914848013
99.98 1.2982715927345656
