0	46.8529157171361
1	45.573635145177704
2	46.20678892924885
3	47.610378471494776
4	47.583383483024036
5	47.285607036088216
6	45.92975634249197
7	46.335435576525654
8	47.25427279100043
9	47.136947271510365
10	47.5435828641722
11	47.53382131928585
12	47.663095813880474
13	47.30605932694068
14	46.77846803986904
15	45.65526067849468
16	47.59198019847614
17	47.85698267912354
18	47.386829241237415
19	47.09687265803281
20	48.551769276188885
21	45.97962966479916
22	46.425292572837016
23	46.07301384881334
24	47.26302054236305
25	47.360757466498946
26	47.977390419477636
27	46.189463305936066
28	45.750140793586795
29	46.818350414458166
30	46.311432644909125
31	45.027532170198654
32	47.96977831546272
33	45.81538965117723
34	46.64193050088369
35	48.530559973436574
36	49.52077431912683
37	48.35099141175277
38	46.306084931050314
39	47.822547484061346
40	46.97603132296667
41	47.86429316907844
42	46.77245330298774
43	45.818734059836544
44	46.67840374012765
45	46.85289914752035
46	46.197420876381365
47	46.3663703142524
48	47.12742863502258
49	46.25728686733192
50	45.36981018161763
51	46.09290741785511
52	46.560699327752786
53	46.443129761275436
54	45.305844149332046
55	47.72744897293993
56	47.80643917547868
57	48.258859100001175
58	47.30431660019402
59	47.09865505998685
60	47.26720680396395
61	45.912754023917536
62	48.50998331802436
63	46.94740141183472
64	46.82364617179986
65	45.96673989106414
66	46.32693191766907
67	47.974016277898365
68	46.52243986776507
69	47.927064475145706
70	47.99514424473752
71	48.419218105582836
72	46.77845181303565
73	47.89822004311004
74	46.709598794597945
75	45.45154358648938
76	47.40613054410379
77	45.182845416763314
78	45.44867285979095
79	45.34539980707477
80	47.11064386477323
81	45.20081219787579
82	45.63966678934811
83	47.077343799315116
84	44.264080654478626
85	46.402590753771236
86	46.59581622533517
87	46.80296437867049
88	47.08533385142072
89	45.71811633016529
90	44.080492987337195
91	45.75491641102366
92	46.55601348718575
93	46.19314813088537
94	46.761311985304125
95	46.654906493861134
96	46.73668913417598
97	47.25052833868669
98	46.292932934129496
99	45.06390462394902
100	45.573814714664316
101	47.21293762433227
102	44.914190530369936
103	46.32202596395989
104	45.98782782353046
105	45.38813165915509
106	44.58448185948093
107	46.16469959314771
108	45.3701025973306
109	45.819509869890446
110	46.420492489594274
111	45.801127057943226
112	46.2937706820241
113	46.787959948091554
114	47.94055182307869
115	48.23597066035868
116	46.86278179029949
117	46.22191646707057
118	46.19985357029366
119	45.76725098809581
120	45.89536859221696
121	46.26194895565383
122	47.43155912640411
123	45.53239135287511
124	45.859365545230006
125	44.98499413255243
126	45.952279812437
127	45.7646983963469
128	45.813219161896676
129	46.77961124187347
130	46.12494820687323
131	45.8241350450122
132	46.0315160314594
133	48.10120380007426
134	47.12099225383862
135	46.17222332068891
136	46.0739965741587
137	44.06036895344197
138	46.55964874470027
139	45.70613627491416
140	46.005303302279074
141	46.75402217383104
142	47.257871160548845
143	47.70835601374402
144	47.71328018328684
145	46.483821938454014
146	46.73200951927024
147	46.29748088833243
148	46.731772250719246
149	45.35160475229141
150	46.5945988332069
151	46.199043883018184
152	45.79119121423559
153	46.64055465281549
154	47.080987577287075
155	47.27626475280405
156	47.44996083705558
157	46.427214389443385
158	46.265795817212165
159	46.71242092382751
160	46.42714331548869
161	47.23312036000969
162	45.70900888592472
163	46.72128222142173
164	47.43544423579975
165	44.06672142412245
166	46.10055735776662
167	46.575746846854514
168	47.077844301462804
169	47.7083432324157
170	46.30143025144911
171	47.673151169212
172	48.288001631520316
173	47.438483504327294
174	47.553484316138714
175	47.96055660663164
176	47.432348972227054
177	47.3376535544286
178	46.43960538767454
179	46.233785564238985
180	46.45525092049536
181	46.25066281009802
182	46.713224958431795
183	46.85654337981768
184	46.186569219853276
185	45.423504658807055
186	46.746867504513794
187	45.09924693018871
188	47.88559328909765
189	46.0696056707317
190	47.99959886244664
191	47.170661310447855
192	47.22223953661186
193	47.5431231370858
194	45.896480993195404
195	45.739489263024005
196	46.65311042504358
197	46.032039467706454
198	46.75624979605247
199	47.601282171317166
200	46.587780965673026
201	47.28368430394229
202	46.11465811419102
203	46.421541927075324
204	46.383947207358844
205	46.32038544566014
206	46.78003176490956
207	46.22931830639131
208	46.06569210185889
209	46.58363309576561
210	46.677883975860794
211	45.585081131740885
212	47.10759946039119
213	46.3304903629388
214	44.72066110402658
215	45.49613276054352
216	45.29668630608626
217	45.76307621284825
218	47.0824573940184
219	46.298617898051724
220	46.2166153411926
221	45.5181290651403
222	44.86414731945151
223	45.56207798693996
224	45.72619324813679
225	45.90741043563475
226	45.95832862064936
227	47.363088838872955
228	45.04506970300999
229	44.865754943663795
230	45.90664973462865
231	46.56981485533941
232	45.565441517534495
233	45.32559494042621
234	46.803334611877965
235	46.95076691001307
236	46.80976578422016
237	46.49079906976328
238	47.3093069614534
239	47.816407246408524
240	47.30404166221309
241	46.32500639314143
242	47.26839460037683
243	47.317258903732565
244	48.038401691542994
245	47.45298537019705
246	47.044435453988385
247	46.89637511873863
248	46.878486344485495
249	46.38666793947927
250	45.620477819507244
251	47.34813928862147
252	45.90270603098144
253	46.5841654612277
254	46.07230513441925
255	46.05375354600588
256	47.857023405884156
257	46.988474080505014
258	46.24146704761228
259	46.69754796441455
260	46.245480350146046
261	47.122379615663846
262	46.23942576491378
263	44.995876117449235
264	46.98821278872347
265	47.75326505208696
266	46.60822919372604
267	46.97868200938291
268	46.96122868780977
269	47.082951387679145
270	46.59680828433114
271	46.67510229404464
272	46.87598957262469
273	46.518312851047
274	47.086811531980786
275	47.1385136152252
276	46.60341707780137
277	46.79581704740865
278	46.55621570045862
279	45.59149005189909
280	46.772481347267814
281	46.93161946947007
282	45.82877627788085
283	47.22964486262165
284	46.661979225803414
285	47.75453902821395
286	45.16110643451696
287	47.379345430055075
288	45.20422992614281
289	46.84074822388467
290	46.38289801445982
291	47.825004169875335
292	46.70873196476351
293	47.11605927619586
294	46.9434605503358
295	47.50221875793503
296	46.314476481744315
297	45.96193741464097
298	46.182731976301724
299	45.39792250926221
300	45.09422413288704
301	47.91038197408254
302	46.91727539679331
303	47.14714996803958
304	46.22263103018099
305	46.02660953159877
306	46.372257107207396
307	46.52636491119815
308	46.399919337208104
309	45.319263669288276
310	45.879953196662946
311	45.05037038680261
312	46.4092434020617
313	44.93427123798551
314	47.91326213004286
315	47.469046480206245
316	45.97111537253949
317	45.30328463620476
318	45.826940147453534
319	46.66124795184427
320	46.41610688707213
321	45.41344251244187
322	45.71878093226893
323	45.226879287989306
324	47.57492320852752
325	46.728932048745484
326	45.97139416041456
327	47.26162614888064
328	46.36404470144969
329	45.59386557356635
330	44.569922480945515
331	45.31367749354858
332	44.59707287014181
333	45.38691858779512
334	45.597845280718474
335	44.27337105183422
336	44.869766122910875
337	44.953727971655645
338	44.012230426325
339	45.0439159310598
340	44.3013466191224
341	45.017749562067415
342	45.71202733767744
343	44.5661421693107
344	45.86239635689597
345	46.600175265355766
346	46.276446892403115
347	45.736968736167135
348	45.15378987956576
349	46.7131786188961
350	45.42012945780718
351	45.78958810886574
352	46.51213536620518
353	46.20932857383251
354	46.81809714259645
355	44.427766226799214
356	46.20068115753892
357	46.63054440531999
358	46.27967191490387
359	45.90703413294479
360	44.88423332170188
361	44.56932730326693
362	44.83634943939718
363	44.71793333598396
364	46.680836934597515
365	46.25741223988837
366	45.57673316328256
367	45.93449769860451
368	47.04993980864726
369	44.97765870214709
370	44.75448612772836
371	47.00889425626456
372	45.14771043079792
373	45.781912860468104
374	46.14544082593215
375	47.476288260547825
376	45.44621500489095
377	46.883421303375435
378	47.06417981519244
379	47.17860148204756
380	46.086966940437655
381	46.559190935758515
382	46.82134562517057
383	47.2263463985382
384	44.850420090339846
385	46.03950625960319
386	45.082248728466205
387	46.542742239702804
388	45.676847389570376
389	46.55744097278573
390	45.99732361501107
391	45.92429258397483
392	46.66564159301204
393	45.714360986669554
394	47.492962233081286
395	48.055311652020485
396	48.15078391246003
397	44.5743229970786
398	45.28484439631451
399	46.16593187649036
400	45.44764000824208
401	45.16449315996912
402	48.19694908125952
403	46.3927658155022
404	46.94751859242414
405	46.241027008770615
406	46.8986683316404
407	47.246728875893474
408	47.32111116123793
409	46.731436765118936
410	46.19248137138964
411	47.129847354553114
412	47.52147831804962
413	45.82903818250473
414	47.23287130955682
415	47.02659381901352
416	47.46862838190358
417	45.60144792125182
418	47.07964046670723
419	46.21706931777683
420	46.3201108653412
421	45.17153028604983
422	44.72339592517644
423	46.53536750121002
424	46.83336480274891
425	47.859404209405994
426	47.69855743163092
427	46.75819348307238
428	47.63044763395869
429	47.464515575571376
430	48.03382128769195
431	47.10528115448177
432	47.34310103182365
433	47.339233104032886
434	46.26940954200115
435	46.262089556748876
436	46.80201772835038
437	47.68762291926462
438	45.47081678139396
439	48.61612624120596
440	46.774996439459116
441	46.59763300085025
442	45.92692451139617
443	46.201763020970596
444	44.82227469341158
445	47.61342958704865
446	45.86895997819007
447	45.712275449201
448	48.35759471703267
449	46.660447045621396
450	48.06949147564504
451	47.865439277514064
452	47.954591215163646
453	47.15289125898777
454	47.326496699152194
455	47.480532627555455
456	45.85754398101733
457	46.36014862742586
458	45.820249081712085
459	45.223492666096156
460	44.275556039787816
461	44.89111007289164
462	45.8649720019771
463	45.96809225921456
464	43.85746019292524
465	45.191240242518106
466	46.42859663449021
467	47.082269181530876
468	46.497872700511195
469	46.798743612200205
470	44.78450076567508
471	46.1465870018601
472	47.63816504643763
473	45.90961151305406
474	46.36714229334529
475	47.756285495194426
476	45.76004683908622
477	45.20805648324757
478	45.50034839966349
479	45.55193911451161
480	45.63628878099163
481	47.817873278307545
482	46.53145780927851
483	48.42766697519515
484	45.79801110115826
485	45.480541362085816
486	44.949735925411275
487	46.1261475442406
488	44.77660890277881
489	45.87537742164197
490	45.96115410539288
491	46.40142403360162
492	44.82685523769516
493	45.788354621340964
494	45.159603749443775
495	45.35153424236954
496	47.11655283781508
497	45.49007737974992
498	46.86483339290106
499	46.372353631689286
500	45.315419705379036
501	45.44770148261273
502	46.05952670517202
503	46.34906527843306
504	47.12191287348614
505	46.688345360919
506	46.88382477215705
507	46.8930765102272
508	47.536112279030654
509	46.26022444607437
510	46.78949152015468
511	46.56437226118455
512	47.35496350672439
513	46.005033532033714
514	46.10819091135768
515	45.66919891694273
516	48.48557026948046
517	48.55598645013003
518	45.57084210239261
519	46.25759574956298
520	46.37988295727742
521	45.79949140555264
522	46.17306610016052
523	44.96624184422961
524	45.73254743152217
525	44.86722166248341
526	45.50439218912763
527	45.73994147471634
528	46.23823486710565
529	45.68714355375104
530	45.87802833210521
531	45.887949474769066
532	48.42027696642748
533	47.061952991823794
534	46.78322213974842
535	47.42356380122527
536	48.579440587707076
537	45.96155713436675
538	47.03619047358161
539	46.847269621985916
540	46.50507346370615
541	45.98126001217855
542	46.85089422754046
543	46.049315686183625
544	46.53251057433666
545	47.19945079232956
546	45.879990567583235
547	46.81259150772478
548	47.17788093117543
549	46.364871014533975
550	44.67499297541935
551	45.23979522583536
552	44.807850666547026
553	46.712603488259546
554	45.521320445055444
555	46.073658612723094
556	45.613195731263716
557	48.271194000975186
558	45.864982733343346
559	46.84894908458304
560	46.37998544342194
561	46.09663192179136
562	46.437238837081665
563	46.68397058136414
564	45.99274945974204
565	46.03717249383553
566	46.78914102262491
567	47.06683263690987
568	45.8204534871548
569	46.280369971749415
570	47.086506830106565
571	45.48197406998021
572	46.17191999776044
573	45.07978750314699
574	46.998631088299526
575	47.790758552905125
576	47.337527189611315
577	47.316674653099625
578	47.06310812101693
579	46.1353332805331
580	46.33855827710862
581	47.39672084018964
582	46.0965578272024
583	46.81674953705552
584	48.38082640238014
585	48.52479442997021
586	46.53731910720974
587	45.95396513326748
588	46.22869194327954
589	46.27879160022715
590	48.59979614593502
591	45.387874931055535
592	47.47673462878821
593	45.695330618920615
594	46.63927561820483
595	46.247292123605185
596	45.00556237341795
597	45.21007835908436
598	46.99860238705753
599	45.852752143656886
600	44.913293974551536
601	46.42436235491823
602	45.97958657777592
603	45.95088432299643
604	46.77313907994711
605	45.97094059225494
606	47.13660211206483
607	46.54683035786585
608	47.75002508335348
609	49.415544404004116
610	48.21393018505078
611	46.16115799779406
612	46.51531715850308
613	47.744883503422095
614	47.85565018412159
615	47.39291062573973
616	46.29683663300217
617	47.02909036133579
618	45.25682691456063
619	46.77769645702538
620	46.46297083680595
621	46.99451037668829
622	47.64464487666904
623	48.17564290751407
624	48.15816828329742
625	47.28335885729115
626	47.60537859308469
627	46.49869182140461
628	45.32493336332968
629	46.23182355336772
630	47.40241617764658
631	47.46777943957955
632	48.00240921486429
633	46.847836878665845
634	45.1689211253501
635	46.55660875899346
636	46.8523753907432
637	46.19519167330267
638	45.72333353316145
639	45.66334434899134
640	46.60849617343801
641	47.11866071394441
642	46.41007524202646
643	45.188434332826105
644	45.037624651728905
645	46.76077075874403
646	47.5240175191416
647	47.54154559270664
648	46.98783677395553
649	48.96988953064827
650	45.43881961456584
651	46.823853034535006
652	47.03599698338101
653	46.47103191744072
654	45.63551064629945
655	45.214796280329516
656	46.4676765325526
657	46.6033221101914
658	45.69580689214958
659	44.866564653153304
660	45.61157826231901
661	44.92225017744579
662	45.7730519178091
663	45.48239359766089
664	46.48114756434507
665	47.32188671228489
666	46.56946220341511
667	45.08250170506893
668	46.16542276853215
669	48.359393679790195
670	47.97412334489856
671	45.70084238954815
672	46.473677274593314
673	45.66817056821698
674	45.56734221898083
675	47.077059773401004
676	47.13648507726776
677	47.24493983526724
678	47.425659705116175
679	46.190069461459025
680	46.99192320589176
681	47.353990733094406
682	46.5567892320457
683	46.33261852393154
684	46.918405479391964
685	45.94417786221253
686	45.91061064350724
687	47.25521584555827
688	45.95889400927128
689	44.79598273996981
690	47.51875363256564
691	45.68033534323022
692	46.110233370797275
693	47.35058128638808
694	47.701446221277685
695	47.006260997852664
696	46.59434073150261
697	47.989829190034065
698	47.19998849388845
699	45.69555996164473
700	44.17637503552479
701	45.626861040165714
702	46.61059057538628
703	46.881822111138256
704	47.585320028114545
705	48.24594562416713
706	47.73244490166
707	46.34364143027973
708	46.96486827297668
709	47.48465695641737
710	46.392569742217916
711	45.5945818913705
712	46.651867275713535
713	47.362339088463244
714	47.67949040240303
715	47.72175385177942
716	47.24100614551169
717	46.55833817797368
718	47.04514135758806
719	46.35021276068884
720	45.37215371525374
721	44.7183610135948
722	46.3920093338424
723	45.56445410590773
724	46.74634026704834
725	46.712477850281445
726	47.87435980960171
727	47.329452390149854
728	45.99896878380941
729	48.588841824015695
730	47.635808151243666
731	46.35759516935266
732	45.44775353543646
733	48.24606776073446
734	46.06147162617783
735	45.86389814705611
736	45.31681422730639
737	45.9069120979127
738	44.2482379791769
739	46.08813877841129
740	45.9863197686957
741	45.43511424214106
742	45.825643145766584
743	48.29036703037837
744	48.18570966125441
745	46.30072824358684
746	45.56863742633619
747	46.94339434548604
748	47.63181943256331
749	46.513884276821756
750	46.30222596327307
751	47.24373611290565
752	47.658117768349
753	46.840292758423715
754	47.3976319120468
755	48.8307758096084
756	46.5543095091699
757	46.850393290156504
758	46.27641844277463
759	46.54421902521796
760	45.424748803672266
761	44.542847391770785
762	45.456760498729295
763	45.98549085184804
764	45.45279135246856
765	44.709213193820084
766	46.528911570092646
767	45.216627449086324
768	46.91266115351705
769	46.40704149795749
770	46.74884933269545
771	47.2933694285117
772	47.64330712747328
773	46.975393848384186
774	46.14536362308507
775	46.631097817576915
776	47.04984603197971
777	48.205804458983806
778	48.51594813976494
779	46.75683439385265
780	45.073544190328974
781	46.19276448927271
782	46.53543226097848
783	48.28335235900239
784	45.387675691988484
785	45.258227536427
786	46.062156473786274
787	47.229904940011416
788	47.26208134435007
789	47.03924102209381
790	46.93001375806567
791	46.5943286965361
792	45.0878735220446
793	46.56489579352054
794	45.823567084874284
795	46.336181142452766
796	44.128354310409826
797	46.75445201735925
798	47.43731912558524
799	45.63004105942136
800	46.79509641326302
801	46.82866579914048
802	46.142652870566664
803	46.02687994019609
804	45.87602188724247
805	46.65572453836469
806	46.305658258269716
807	46.149069959677966
808	46.178314578355824
809	46.409988972337324
810	48.251410686360444
811	45.65273656959072
812	46.7578368413927
813	46.75162162246859
814	47.35194362677001
815	47.1124640422907
816	46.533058801702644
817	46.97403020836492
818	46.69598192459656
819	46.809726658096054
820	46.475578246434566
821	46.46602455723715
822	46.911410146772134
823	46.462632348911484
824	46.00269413385263
825	46.18152271504862
826	46.3709519621977
827	46.69365603562659
828	44.43411706458406
829	46.020355240831954
830	45.78680676990256
831	46.68347229230918
832	48.339742563979804
833	45.985851236938906
834	45.95697757102766
835	46.265525107832374
836	46.11598806496825
837	45.978216412514186
838	44.498750077950675
839	45.58494557951782
840	46.09614570643768
841	43.97941576443428
842	45.5479781586054
843	45.78184970311529
844	45.62431676988549
845	47.30073157249494
846	46.10327043272732
847	46.2541816042475
848	46.12621386809954
849	46.729215623617506
850	45.61466464454419
851	46.65816916280843
852	46.576277918710964
853	47.182074931309295
854	47.96207038874528
855	46.22293526499313
856	46.567128519211984
857	46.78442874313229
858	46.44056810028823
859	45.63838100663125
860	47.2793512768947
861	45.24500024214413
862	47.56305137113523
863	47.60648701813995
864	47.2154518935137
865	45.2108527321905
866	45.66255698504361
867	48.097458407349876
868	46.56583686962445
869	47.24877148984158
870	46.98814244175928
871	46.13499856774563
872	46.87286407150263
873	47.258216123613785
874	46.88917165898381
875	46.81631861289214
876	45.445557453082856
877	44.814266156041
878	46.84473258077937
879	46.02251309128756
880	46.348032942996724
881	45.727995659899264
882	46.54307217490671
883	45.818064895271554
884	46.014156826649774
885	45.35781246334087
886	46.806144928923686
887	46.74224445271379
888	46.7366548730301
889	45.376626331810634
890	45.578548582960025
891	45.56380806231077
892	45.0320136615306
893	46.26452544456925
894	46.297667155530306
895	45.84603654807741
896	44.08173703136061
897	45.520139012105744
898	47.02675501709634
899	46.914521352779225
900	46.35167683185245
901	46.802664906536435
902	45.53261554398508
903	43.838035459136535
904	44.346794341192755
905	46.849732897990535
906	47.816039284676
907	46.56902317456802
908	47.18585681900368
909	45.73806116043729
910	46.67556832134354
911	47.55364116472221
912	46.51168926878699
913	45.51348716908585
914	46.47587874023934
915	46.8126846097251
916	46.301390139600024
917	48.04038567409019
918	46.24335538229953
919	46.1409879202019
920	46.78389293653981
921	45.301925047247025
922	45.28597005932421
923	46.208117669246555
924	45.57035785557096
925	45.62840628432065
926	46.98711743094021
927	46.81477026062289
928	46.728204787277164
929	48.04385765533715
930	46.90280700083548
931	45.79969431787562
932	46.33801226659834
933	46.97182302893273
934	46.69489158152992
935	47.03801211728273
936	45.73697596903011
937	46.09028368858964
938	45.23395011071762
939	45.305883298635464
940	45.348127350344896
941	46.33909178119634
942	46.3087620256926
943	47.49701927161619
944	46.69052912641181
945	46.25027986168082
946	45.75618979832364
947	45.85994982128934
948	46.986875961318574
949	46.90813161612103
950	45.81325591508004
951	47.11463452813566
952	48.035456658943495
953	47.142531953941536
954	46.9677442728345
955	46.89123970358759
956	46.96843199111452
957	47.332038228662746
958	48.29675423055176
959	48.10640624416579
960	48.563313249703725
961	46.76677775552009
962	46.525097970922744
963	45.6774367211796
964	45.52697107228022
965	45.61756609566657
966	45.74943746599836
967	45.77876736177465
968	46.4013688760537
969	45.96667830060531
970	46.44120330750792
971	46.11876347659398
972	46.57134461685756
973	46.90804579495174
974	47.193267743045304
975	47.74918421722498
976	47.15195381378269
977	46.57140255935418
978	47.41741558964077
979	48.17653283571525
980	47.01878427340216
981	46.58700714593833
982	47.623967338102915
983	45.217613848172974
984	46.08492217212455
985	45.187373318514
986	45.02946766257857
987	45.1649838143743
988	46.64806022273565
989	46.57399809581033
990	46.926020223493616
991	47.632881998382146
992	45.97688873255525
993	47.33588369651176
994	45.63694585502503
995	44.91872900944036
996	45.08294210466955
997	46.053927297331704
998	45.479273208674016
999	46.65058528771884
1000	46.171576805236434
1001	48.08252847655861
1002	46.86433284751845
1003	46.03751790742226
1004	44.43783619768855
1005	44.60008395651736
1006	45.08134036427991
1007	46.008496289862244
1008	45.94007755895869
1009	46.88783005472267
1010	45.850018343204994
1011	45.51223227899218
1012	45.61825304778245
1013	46.273736930914
1014	46.61675156248755
1015	45.35723270988279
1016	45.62554155664658
1017	45.508071998249136
1018	47.08727582613391
1019	47.253508966390726
1020	46.566558417572466
1021	46.293504021063846
1022	45.651758226835696
1023	47.28536526878259
1024	46.0754289567184
1025	46.65479040999975
1026	48.12685183676053
1027	47.100559378400106
1028	48.11561377325322
1029	47.232175937687195
1030	47.621586778692205
1031	46.49852489251942
1032	47.4871823728254
1033	47.81970896434593
1034	47.66958958196249
1035	47.19077853650714
1036	46.61739033452258
1037	47.380495996289284
1038	47.52887828122644
1039	46.87071778490821
1040	47.12854252240325
1041	45.722705377609216
1042	45.80195802872681
1043	44.95187126747168
1044	45.985960131014345
1045	46.68931630978098
1046	46.6911614434326
1047	45.43205115722737
1048	44.70478598368261
1049	46.31790175145814
1050	46.66145461060525
1051	45.23694121186138
1052	44.56406782888075
1053	46.61075346998594
1054	45.39874314718417
1055	45.284681549833145
1056	43.9779215905579
1057	45.36038029570836
1058	46.56954075962629
1059	47.467666619197516
1060	47.47110157387123
1061	48.337630038379686
1062	47.07183603910462
1063	46.9363885115104
1064	45.06210895462599
1065	46.360315412607825
1066	47.675057253790605
1067	46.98185639557143
1068	45.82453457370762
1069	46.17688051076414
1070	47.7209298846066
1071	46.134407665964865
1072	47.10392460535712
1073	48.05593071708837
1074	45.927738437708285
1075	46.90883289285921
1076	45.4429822082316
1077	47.611883969145765
1078	44.20583912151624
1079	45.67237565095509
1080	45.652712601447796
1081	45.85017424517659
1082	47.17949607403097
1083	46.11281945434758
1084	45.74107469355281
1085	47.250047043636755
1086	44.79446376691163
1087	45.86734203152861
1088	46.802575213666096
1089	48.36812106292504
1090	46.92722651247594
1091	45.46592153064539
1092	47.621829437016444
1093	45.99233357003379
1094	47.180060961711995
1095	46.88306421029399
1096	47.064171431880716
1097	47.64790197017395
1098	47.28104051429899
1099	46.86111691929518
1100	46.410123556372405
1101	46.48087879680094
1102	47.48903838834845
1103	47.51429165124439
1104	46.33179509342389
1105	47.311715070599035
1106	49.161593885893
1107	47.74365329675604
1108	46.89711262775161
1109	46.50803810812941
1110	47.39744720964501
1111	48.4525106590075
1112	47.22950978187559
1113	46.74465663664458
1114	46.11552605369477
1115	45.912405351001674
1116	45.87689934541049
1117	45.99205389067475
1118	44.94658430691071
1119	45.11103886495039
1120	45.68528531822207
1121	46.31761559524185
1122	46.34883707534001
1123	45.596363208134804
1124	46.33874904091545
1125	46.37305430141534
1126	47.1145235615955
1127	45.86020645008593
1128	47.23803708826755
1129	44.83654433330721
1130	47.15375167042481
1131	47.07748898258698
1132	46.661790119784975
1133	46.81685771104192
1134	47.161058436129494
1135	47.02803116332518
1136	46.81605963143485
1137	48.231664884204264
1138	48.45935242604742
1139	48.25357090929973
1140	47.23909872717354
1141	47.26269816091836
1142	47.462498341191704
1143	47.797540839695394
1144	47.436889475946494
1145	45.54071093514325
1146	47.668944985914266
1147	48.933421875191236
1148	46.93904291598489
1149	45.166577815015245
1150	45.476897193978715
1151	46.39359605814757
1152	47.27774334999537
1153	46.88488146887897
1154	46.16433342188621
1155	44.73539521121058
1156	47.10822304220274
1157	46.78899351584543
1158	47.14621914529971
1159	46.70498009383663
1160	46.4229168705194
1161	44.89099259888586
1162	44.924350305021825
1163	46.213291376590654
1164	45.9708437243209
1165	45.621326742102035
1166	45.375408158482664
1167	47.12921363320285
1168	46.363079435916475
1169	46.20597520913262
1170	45.09253664908537
1171	45.72951078645532
1172	47.22434850643418
1173	45.480947840990645
1174	46.624452018120934
1175	45.80121465842469
1176	46.338998012793596
1177	46.531140529765885
1178	45.41289235225589
1179	45.49782188838184
1180	47.007411234881886
1181	45.15386478456976
1182	45.7333980265974
1183	47.27001989574256
1184	46.970980686211135
1185	47.1316637849632
1186	48.63384700680564
1187	47.21883483079396
1188	47.36493031913835
1189	47.27448722721503
1190	49.107716569991744
1191	47.7179763949008
1192	46.40412231275822
1193	46.67806765979866
1194	47.4254309045833
1195	46.61275413899017
1196	46.77749356935442
1197	45.64938148767954
1198	44.77557114027929
1199	47.79360182074783
1200	48.686399406550265
1201	46.1247942445639
1202	46.63127178592222
1203	46.255507662416726
1204	45.5663471583534
1205	46.118840756277244
1206	47.64151340361602
1207	46.788128174747165
1208	47.57585718952195
1209	46.457047642176995
1210	47.91009251284401
1211	46.780673793597636
1212	48.14940928476811
1213	47.66363806285617
1214	47.305690257142246
1215	48.30922870188065
1216	45.53048654047982
1217	46.351074361290294
1218	46.206996764199374
1219	44.49267624530415
1220	44.511888241732464
1221	46.30334705544385
1222	45.295414704400386
1223	45.897916788745924
1224	45.40239949180696
1225	46.80450434275568
1226	47.435825867684336
1227	45.38094943568362
1228	44.81266169276192
1229	43.60398598621148
1230	45.29818679809356
1231	46.406659510801035
1232	45.440720433324415
1233	46.15969358097266
1234	44.822102556797425
1235	44.8241678786167
1236	45.37621091148901
1237	45.78301129234443
1238	47.443170113257715
1239	46.394279101936135
1240	45.374202198131904
1241	46.22323022556137
1242	46.051388264860144
1243	46.610229792302306
1244	46.86831041627425
1245	46.43838860529127
1246	46.213423930352256
1247	47.23558548172645
1248	47.671613469502184
1249	48.34466403797962
1250	48.26496144629848
1251	46.769715462610286
1252	48.05259402425705
1253	46.92165065511638
1254	46.76643874315691
1255	47.84494911918381
1256	47.47518400390704
1257	47.590293439866
1258	47.32980311713198
1259	47.11942862135728
1260	45.530491169201674
1261	47.27420500011012
1262	47.50886932793617
1263	47.39682837608419
1264	46.521956493143975
1265	46.277917983419705
1266	46.70208441715669
1267	46.77403848043432
1268	47.22637121977356
1269	45.33872128786404
1270	46.58993170087447
1271	48.003061699413365
1272	47.43708945357598
1273	46.025555852771
1274	46.26406054740933
1275	46.51388726621861
1276	46.58765146165193
1277	46.9707527280888
1278	47.493366629181246
1279	45.76066854034237
1280	47.13982493835219
1281	47.37655317010012
1282	46.29304275018329
1283	47.519165548074625
1284	47.84012328948273
1285	46.70592188300126
1286	46.07311936647272
1287	46.9195527671923
1288	47.26724447752529
1289	47.883130190529315
1290	46.518239670784226
1291	47.28006149796533
1292	47.130306295096396
1293	48.095735345471184
1294	47.43868299300456
1295	47.66170362424209
1296	47.78509735231179
1297	46.53703435873332
1298	46.535168310988595
1299	45.90225319007688
1300	46.24503117897803
1301	47.59075594319487
1302	45.42490657738994
1303	47.34536777647239
1304	47.923699412593365
1305	46.30309077375038
1306	47.02571815630645
1307	45.95258860174173
1308	45.90555044871763
1309	46.25181594876147
1310	46.82247375220245
1311	46.78583121078626
1312	44.315041540051226
1313	45.72468896995607
1314	46.19448335646826
1315	47.00480731735282
1316	45.98683962054252
1317	45.91012677044162
1318	46.95050710289883
1319	45.124320942325994
1320	47.407149634812136
1321	45.7528230281459
1322	46.04997866128889
1323	45.12196743909021
1324	46.18860217827821
1325	46.486154844393255
1326	48.01409548575344
1327	48.73918991849242
1328	48.01107078122679
1329	46.487958200222124
1330	45.88970184889056
1331	46.40675540550743
1332	47.696704207911885
1333	47.20631258692748
1334	44.818430040766025
1335	45.61546614556803
1336	45.57058604025194
1337	44.84169651822892
1338	46.06200040515384
1339	44.60464778017299
1340	45.11765981998994
1341	45.61165692130822
1342	46.6781209314074
1343	46.97816100822872
1344	46.88000738692288
1345	46.24551133599998
1346	47.620877427216826
1347	46.52426367419314
1348	45.43789424556877
1349	45.00214911000809
1350	45.15971535127605
1351	46.34760770429697
1352	45.56981474902139
1353	45.33862693293156
1354	45.65386000304335
1355	45.636261838228556
1356	45.609057103166926
1357	46.101289745669554
1358	46.39400819293836
1359	47.20775594912324
1360	46.78710803492457
1361	45.965059944930985
1362	46.25074928318919
1363	46.64003833202454
1364	45.865193796492676
1365	46.01524185585588
1366	46.73701733729762
1367	47.173505215162756
1368	47.33954442233239
1369	46.182619611528835
1370	47.025345613813194
1371	47.52057247345154
1372	45.89428375141174
1373	45.96062805886502
1374	46.7058158008459
1375	46.71762297823541
1376	46.06695914531694
1377	47.632352181143276
1378	47.0605991246504
1379	46.71492955969468
1380	45.49575215979607
1381	46.57908843385521
1382	44.95276238490838
1383	47.325316746757565
1384	46.26529423100972
1385	45.23569086937996
1386	46.0352175563146
1387	45.67073069829991
1388	47.2362831990878
1389	47.46285994296947
1390	46.817343183904875
1391	47.166572837571195
1392	48.45569121964643
1393	47.645910506054676
1394	47.37309651891673
1395	45.44369804512151
1396	45.66284526910883
1397	45.289032494979146
1398	46.67397850076297
1399	47.5210249013195
1400	46.962555184404906
1401	47.85190252975874
1402	48.55177153215857
1403	45.32634443476813
1404	45.23006567074809
1405	46.641681733465504
1406	45.82015362909877
1407	46.134348132284295
1408	45.761724197431306
1409	46.521865972569714
1410	46.02202142342931
1411	46.482138659437275
1412	47.752048855729626
1413	45.47940577626653
1414	46.158030984169436
1415	46.97150868502082
1416	48.55922091577759
1417	48.37713828970612
1418	46.484655875098674
1419	46.728606749253444
1420	46.668458946915955
1421	47.36809969874389
1422	47.38180457955966
1423	45.54200587009941
1424	45.98936488858437
1425	47.33507660949388
1426	48.167954774745766
1427	48.26260581900758
1428	47.79219403414548
1429	48.107645377566044
1430	49.689652988436535
1431	47.605542578130034
1432	47.372606380931146
1433	47.060788811840766
1434	47.457238405318805
1435	48.07183719643125
1436	47.50595308960862
1437	46.38847668853322
1438	47.101530655284144
1439	46.548429565320895
1440	47.869891370429656
1441	45.59723180774476
1442	45.87796229788751
1443	45.55902306060619
1444	47.30597177148321
1445	47.494421869003794
1446	47.25070423879149
1447	46.96207057276742
1448	48.420237647772424
1449	47.841519100905835
1450	45.897172731858404
1451	48.03615698676145
1452	47.76457614136351
1453	47.98124214052408
1454	47.541969805548554
1455	47.1180434351565
1456	46.86440866606276
1457	46.243469585025125
1458	45.68141933955057
1459	46.753830367560234
1460	46.88723464534274
1461	46.957425410459784
1462	46.29804038099542
1463	47.360444027072965
1464	46.82518505651651
1465	46.41495561860929
1466	46.85203130107093
1467	47.659304762560254
1468	46.33010354784722
1469	46.95053608313084
1470	47.09694505169891
1471	45.02872114706555
1472	45.52584714372705
1473	44.35537623419212
1474	44.87279676207694
1475	46.30512759228015
1476	46.631029236610445
1477	45.683095097719274
1478	44.75118058813072
1479	46.468963703805244
1480	46.025075502896506
1481	48.37012944897048
1482	47.74755405299063
1483	46.57699852524568
1484	45.8810131207179
1485	47.156868723541095
1486	48.2512542883893
1487	46.93259649162381
1488	47.83315782338294
1489	46.221904446664105
1490	46.94577477732388
1491	47.5918295856094
1492	49.678188138210594
1493	47.0589545681562
1494	47.52707221766636
1495	46.20538284489563
1496	46.72749253747509
1497	47.709719107659545
1498	48.218020368009725
1499	46.91357122110269
1500	47.09687851399039
1501	47.50309276101305
1502	48.90755985418897
1503	46.11556318564219
1504	46.38632519021456
1505	47.98183426854122
1506	47.62440187867345
1507	47.68484634712961
1508	46.89664849486622
1509	45.717600234475306
1510	47.43559886564778
1511	46.446811963681746
1512	46.75806104918243
1513	46.84166007553678
1514	47.327623579040754
1515	46.12283340049762
1516	49.94299678713243
1517	47.013159524980566
1518	47.548118626221694
1519	47.12551914941386
1520	45.47691025891845
1521	46.63084982858488
1522	47.74008861903099
1523	46.28158428225552
1524	48.56936373151841
1525	48.521202423603285
1526	46.68841806875788
1527	46.35324645198974
1528	46.46339435284939
1529	45.62182273838037
1530	47.275625677535224
1531	46.695293610074614
1532	47.027900996237534
1533	46.78261368544621
1534	46.82432141207398
1535	47.0935680019325
1536	45.99223465009226
1537	44.94804477990682
1538	46.80231610960302
1539	47.10359986389208
1540	47.36900628934658
1541	45.91515443257929
1542	46.99721949802138
1543	47.298438810356146
1544	45.02837465662468
1545	45.98087759562027
1546	48.42326379903674
1547	47.6623041975397
1548	46.15164982933989
1549	47.605599468329814
1550	46.67491659222816
1551	45.69388084035899
1552	46.87205831987866
1553	48.42891143364184
1554	47.632774193743835
1555	46.99309076513407
1556	47.89867650233114
1557	46.135585289714356
1558	46.967780304414234
1559	47.77076269280825
1560	47.30312370207387
1561	47.81030523043257
1562	48.126031687214834
1563	46.65472700573288
1564	47.859891564187244
1565	47.12393433739143
1566	46.116800186326515
1567	47.16262730778227
1568	46.1010711534388
1569	45.71185873454594
1570	44.56656640691946
1571	45.99047208033067
1572	46.624531749695464
1573	46.96655745317638
1574	47.06346264819092
1575	45.44007687367497
1576	46.25901003701176
1577	45.90200760425224
1578	45.91895767875665
1579	48.47562097487532
1580	47.95828774884415
1581	45.51913345591547
1582	46.17915816518855
1583	46.05465961283332
1584	46.680059012538
1585	45.89399893870117
1586	47.29192684853851
1587	46.965020603347526
1588	46.005096423253775
1589	46.71501298353966
1590	46.83386741648143
1591	46.1776366803079
1592	46.572543198634314
1593	47.176561149136745
1594	47.07821570774336
1595	45.35936854313653
1596	47.33995007267692
1597	46.37092361196926
1598	47.53193276395947
1599	45.42975859535099
1600	46.70487293929461
1601	47.196734326101016
1602	46.890682948121764
1603	45.81356396938078
1604	46.00885361225425
1605	47.15828438614007
1606	46.36331604517541
1607	45.65770065600715
1608	46.29462365186692
1609	44.628322230856256
1610	45.894685182076955
1611	46.424280313651145
1612	47.275924128950926
1613	45.88724025421301
1614	45.76912087099848
1615	46.73103890107793
1616	48.6555245814418
1617	45.45213344785833
1618	45.75798329231839
1619	47.36674420482088
1620	47.13333992581734
1621	45.827422622140055
1622	45.842768333134025
1623	45.93349521262509
1624	46.209408115552456
1625	46.352207788412976
1626	47.01223069185488
1627	45.859277907037416
1628	46.23955249605775
1629	46.466118618932796
1630	45.9482065823803
1631	45.44954992847341
1632	45.95593681433757
1633	45.56207833502168
1634	46.031278729342596
1635	44.95344142808065
1636	43.63231978953883
1637	45.24553643073755
1638	44.99711425398112
1639	46.66571139152495
1640	46.31773008401195
1641	45.48731729234949
1642	45.05734500723383
1643	45.84642652022222
1644	46.00379267149422
1645	46.361463699334024
1646	45.34455842746179
1647	46.524365738256265
1648	46.17716192776905
1649	46.14457081241012
1650	45.74928742834399
1651	46.08613148367532
1652	46.456883320881595
1653	44.361730870200795
1654	45.56372536588116
1655	46.768444918780176
1656	45.08748152626249
1657	47.70619430726428
1658	45.73253281646227
1659	45.00442026268751
1660	46.320398691776994
1661	46.90947014043302
1662	46.16380793370015
1663	45.50002583336418
1664	46.5240013352455
1665	47.78052833697189
1666	47.22426480214389
1667	47.04905525024502
1668	46.94064675319983
1669	46.14923226925191
1670	45.67373978545247
1671	46.30059910440005
1672	46.25084654960379
1673	47.93669712721964
1674	47.621644011792874
1675	47.26699085985895
1676	47.65313268569367
1677	47.95996352800729
1678	47.17711861181218
1679	46.37037264932042
1680	46.984094396986805
1681	46.45805910021114
1682	46.60172440528518
1683	46.202057899308414
1684	46.82947577371434
1685	46.29503661779451
1686	47.22794106248301
1687	45.23371973916616
1688	44.66179412593853
1689	45.39439190237838
1690	45.9468274435077
1691	45.88525154348311
1692	46.628939513801015
1693	46.171995956369805
1694	45.54244477974949
1695	46.478324929358266
1696	45.79048651701941
1697	47.038194846384094
1698	45.654496237595765
1699	47.102481130648506
1700	46.730667097083014
1701	45.544390158550804
1702	45.06417265695392
1703	46.18490736884208
1704	45.64881713001759
1705	44.791465901620114
1706	45.886548098047065
1707	46.05230646964755
1708	46.030587917377126
1709	47.155384823836535
1710	45.062579178561975
1711	46.99102810739032
1712	47.50729948165725
1713	47.09728493542407
1714	45.56434913019403
1715	48.187840553393805
1716	46.607661952805536
1717	45.7649331062522
1718	47.73252832049247
1719	46.70545826217692
1720	47.7654071918571
1721	47.85473893273144
1722	47.641364860328174
1723	47.039569674665714
1724	48.34729553428762
1725	48.791417491878086
1726	47.17428034058447
1727	46.274964209678956
1728	46.86429303587076
1729	47.96068749792822
1730	46.51001007586027
1731	45.193830239076114
1732	46.463606098181124
1733	47.85089347459226
1734	46.505403729508956
1735	46.01552634035702
1736	46.917999517777496
1737	46.16506418081688
1738	48.1909591089686
1739	48.33786878947507
1740	48.76906292409565
1741	47.884935913244504
1742	46.98735468455291
1743	48.91227905739331
1744	47.72164701732306
1745	48.43229268952627
1746	46.312203063845196
1747	46.56067826228996
1748	47.2908555300384
1749	47.702533763762275
1750	46.610172081234204
1751	46.35803573289445
1752	46.70691719362316
1753	47.12534177078074
1754	46.6952123280331
1755	46.6205633132006
1756	48.01097260931449
1757	47.314075257636915
1758	47.37215199412219
1759	45.68343927918544
1760	47.77778912870518
1761	47.879438697463925
1762	46.31656713942899
1763	47.60787292840665
1764	47.91129841028545
1765	47.920525235631025
1766	48.7748356893185
1767	46.79052689691625
1768	47.43665320306548
1769	47.385528061352105
1770	46.32947389257559
1771	47.52003563609251
1772	48.69249624377283
1773	45.85457121511582
1774	47.02040433627787
1775	47.52502658462634
1776	45.67281311634569
1777	46.52339022095959
1778	45.568538314231745
1779	46.52416126622153
1780	46.23160402146537
1781	45.48926628939566
1782	45.67193803799825
1783	47.150795495441464
1784	48.2847182738509
1785	45.490676193854455
1786	47.1291514481968
1787	45.86070593226655
1788	45.733569737097
1789	46.11335785643169
1790	46.61405402043355
1791	45.714057010299705
1792	45.279701051996184
1793	48.067340505180965
1794	46.43328101193396
1795	44.816918131926464
1796	46.557244061003736
1797	45.40678664186697
1798	46.78581801976525
1799	46.49755178348863
1800	46.60788868325084
1801	45.29111490731147
1802	45.79709263035995
1803	46.656798976219385
1804	48.199921456844805
1805	47.871518403298104
1806	48.10763759578962
1807	46.787894443669735
1808	46.789977083537245
1809	46.365731774541885
1810	45.923879563857305
1811	46.35635018213965
1812	46.53290007285716
1813	45.209776856962236
1814	46.67939292635496
1815	46.90269235785224
1816	45.32967918081543
1817	46.366710897193805
1818	44.659920918529416
1819	45.02311815084956
1820	46.39053990262001
1821	44.81993784834976
1822	45.60959575416546
1823	45.66114088919338
1824	46.755118880426934
1825	46.30215316269654
1826	47.44038742865022
1827	48.969156846241766
1828	47.685507200290935
1829	46.357171130677024
1830	46.744713330513434
1831	46.07502928014954
1832	45.97349583226754
1833	47.79138237225502
1834	46.814953704115204
1835	46.120450977333455
1836	47.57185841059866
1837	45.916834495788116
1838	46.531288678096104
1839	45.4673503976673
1840	46.183062231265545
1841	45.483640059092146
1842	47.52852603066948
1843	46.731809279325425
1844	47.2729397299073
1845	45.76513074800713
1846	48.3409188940723
1847	46.852205075938855
1848	47.483257513548594
1849	46.41171987814308
1850	46.995210371821784
1851	47.23819024685994
1852	46.7735821846331
1853	47.37403818768976
1854	48.29644516877782
1855	46.63219647879412
1856	44.90385476981655
1857	46.98167361915878
1858	47.20856634088445
1859	47.51046661662835
1860	47.20574862085864
1861	48.43758921905812
1862	46.86299504332913
1863	46.05415344789584
1864	47.99370745031768
1865	47.41339184109133
1866	47.36390332936884
1867	48.044652081971876
1868	46.97672695697832
1869	47.81188971747688
1870	46.94567402325107
1871	45.722835492287416
1872	46.569626746633965
1873	46.06441664845221
1874	46.44966344495663
1875	46.67096403332419
1876	45.82098665614026
1877	46.481028862681775
1878	45.994622508642394
1879	45.442913058641295
1880	46.613492822168965
1881	47.159696099900096
1882	47.27028126397344
1883	46.09975504467153
1884	47.28631539255036
1885	44.747559094394
1886	46.39453250811075
1887	46.40693449128479
1888	46.94077793664618
1889	47.2694206715918
1890	46.26999896741456
1891	47.56219173399388
1892	45.088109501283405
1893	45.91940257617431
1894	47.059079498736686
1895	45.713994333543354
1896	47.51960747304029
1897	47.09934015568288
1898	46.43000613615018
1899	46.16097810380773
1900	46.57703484626879
1901	47.41240891974579
1902	46.34967387510305
1903	46.85306586546674
1904	48.44651886119483
1905	45.763965660435204
1906	46.16799234889462
1907	46.40061776205242
1908	47.57646414722536
1909	46.140980920357805
1910	46.33356428410593
1911	45.54959601872757
1912	46.97539125504495
1913	44.991592916835515
1914	47.294537442809656
1915	47.38994613984939
1916	47.024043712133825
1917	45.71515716400411
1918	48.05882242044275
1919	47.0564181178354
1920	47.7512222280465
1921	48.264539508970486
1922	47.3611880913771
1923	46.72933650083146
1924	46.55733322887487
1925	47.84370282895332
1926	46.31646747046632
1927	47.316103598743744
1928	48.30007518585094
1929	45.77314582356431
1930	47.56295651479287
1931	46.552844531996136
1932	46.25907484375024
1933	46.68200965500917
1934	46.12350396302176
1935	45.34141408253454
1936	45.90316593726629
1937	46.409399483973765
1938	46.32634084987872
1939	44.563052950384765
1940	46.39411017906866
1941	45.803070264319636
1942	47.6938601566646
1943	47.91328314090396
1944	44.985609268352356
1945	45.741229454620935
1946	44.99053785397082
1947	45.34783503950495
1948	45.267794592970375
1949	45.70139719797904
1950	46.24603051405069
1951	46.271399757159315
1952	47.25880852432313
1953	47.66960067370253
1954	46.90923897990107
1955	47.39826033803007
1956	47.12987471647812
1957	45.7549615028503
1958	46.86941108532369
1959	44.56615909566813
1960	46.93845932496035
1961	48.049851490354264
1962	45.95335966150162
1963	46.13681541654932
1964	45.612052553007466
1965	45.313178645855025
1966	45.15208502470553
1967	46.1857650035046
1968	45.687462404718445
1969	45.550817065245624
1970	47.697134731316574
1971	46.03595142737383
1972	45.81331007780594
1973	43.95412265468307
1974	43.91791203834616
1975	44.67626413701111
1976	46.016693829145
1977	46.305972984014545
1978	46.323563372099436
1979	45.97081126336679
1980	45.94263654608482
1981	46.40860788028193
1982	47.33680505162997
1983	46.651313316689745
1984	47.834755512502085
1985	47.60781683177973
1986	48.08746292333253
1987	47.18193017906126
1988	48.728617645015696
1989	46.66377872347595
1990	46.62740840537597
1991	46.415031809902565
1992	46.06332567383026
1993	44.96781017390434
1994	44.744800109736694
1995	46.69343001476382
1996	47.93956980086093
1997	47.548839162783565
1998	48.77648579648785
1999	48.42170812848787
2000	49.42010744498263
2001	47.18414564175958
2002	48.13006761241298
2003	46.46924924849233
2004	46.70860652553336
2005	47.433489428304995
2006	47.60341565085391
2007	48.58992248686052
2008	45.55383176184048
2009	46.100955206693214
2010	46.63559673035972
2011	45.357854097516224
2012	46.415063232068555
2013	46.12943465909902
2014	47.39176809651856
2015	48.226201608257114
2016	46.77006951194211
2017	47.20159530227326
2018	45.4443823428793
2019	47.78395210402336
2020	46.28055163425772
2021	47.12446031198665
2022	46.07498475189915
2023	45.64945026798843
2024	47.01993579007467
2025	47.068143219056516
2026	48.267091063613655
2027	47.288467875116744
2028	46.959550955337455
2029	48.494562124716474
2030	48.42639699716842
2031	47.01101577505338
2032	48.043188506953236
2033	47.69314567671392
2034	48.22280986998137
2035	47.587052874494816
2036	45.64473452756605
2037	49.047452459100086
2038	45.886085297879774
2039	46.127055967231044
2040	45.853890212825064
2041	47.677693719544244
2042	47.055422544807975
2043	47.45290394827555
2044	47.343870962459775
2045	48.056359246623614
2046	47.1857537609445
2047	46.11265764147469
2048	46.80935709324034
2049	47.25148892120482
2050	46.870279720696566
2051	47.21073264026164
2052	46.32113443998801
2053	47.568836316129534
2054	47.89408811834049
2055	46.71678331777059
2056	46.33561747516153
2057	44.72954877531794
2058	45.61670155533818
2059	44.440541886801334
2060	46.01152504299318
2061	46.35375058846361
2062	46.32168762042339
2063	46.27893515863873
2064	46.68788356056925
2065	45.99567626775758
2066	46.847403838531726
2067	47.72762631068812
2068	48.19158358135342
2069	46.221233116176236
2070	48.11216406476633
2071	48.16936325845913
2072	47.417445405040354
2073	46.70082686931469
2074	46.978500854134694
2075	46.17370227153687
2076	46.79256210007009
2077	46.54823528370415
2078	47.2995607905011
2079	46.10756159991648
2080	45.88792441906716
2081	46.93051976068948
2082	46.39705225720531
2083	46.25328723626034
2084	46.65186213852127
2085	47.299058348747266
2086	46.878415700309496
2087	47.38524398867438
2088	47.30093178686694
2089	47.46431312424971
2090	46.907205230648366
2091	48.2868532741593
2092	47.92571719786924
2093	47.12782575786218
2094	47.56860339502399
2095	47.255221738332054
2096	46.96504913206702
2097	44.84750177515839
2098	46.10667034861211
2099	46.679968539605
2100	45.53023802440573
2101	47.75532527689649
2102	46.65784906021424
2103	48.42341375218939
2104	47.838317545988865
2105	46.797005194402274
2106	45.93598593240786
2107	47.14895352718077
2108	47.1876437291264
2109	46.71510637733565
2110	47.25700315200555
2111	46.20127421841212
2112	46.76147044220734
2113	46.95293496983932
2114	47.45698859113863
2115	46.38533425757528
2116	46.72071847474571
2117	45.5737350433794
2118	47.605017507928935
2119	46.4478530588811
2120	46.8783923512082
2121	46.264595310943704
2122	46.620688845558455
2123	46.94905402968683
2124	45.83870019227641
2125	44.802412680132356
2126	45.83392009324999
2127	45.23623346478035
2128	46.17508247870353
2129	45.78536617204692
2130	47.165557104008975
2131	46.50221797634652
2132	46.45955419980086
2133	46.521137075544345
2134	46.49616455280247
2135	46.02439584767733
2136	45.653285944492
2137	47.10446473894456
2138	47.50987806793688
2139	46.47931657023373
2140	46.62427939929506
2141	46.694213649693566
2142	46.18382394633409
2143	46.03337352699855
2144	45.663488201663995
2145	46.64096367109664
2146	44.62685196818071
2147	45.69085552134989
2148	45.57218511552865
2149	45.13379686841149
2150	45.326057761107776
2151	47.14098813847846
2152	47.054310118267416
2153	46.46617441029575
2154	47.08593440755655
2155	47.648018243244
2156	48.098683464834316
2157	47.82270532001049
2158	46.04060026993894
2159	46.465126082199696
2160	46.181619569566315
2161	44.51870451742468
2162	45.79152870776996
2163	46.245404247070134
2164	45.582740806539896
2165	45.8989151475759
2166	47.04768989301476
2167	46.46690532267934
2168	45.795719161339704
2169	46.30973712203748
2170	48.41892263173106
2171	45.60241722706457
2172	46.27772853779255
2173	46.47962253006784
2174	45.4106597059141
2175	45.94364950484707
2176	46.33479355047152
2177	44.96199404928984
2178	43.652620831550706
2179	44.69790131979091
2180	47.17837856798246
2181	47.097068952600615
2182	46.750914826402784
2183	49.03565456333034
2184	47.13214287275762
2185	47.655877083508166
2186	46.40028399959398
2187	46.823353709049265
2188	47.20334297476892
2189	45.83810835231054
2190	45.84168007040484
2191	47.52987040856834
2192	46.8385267706103
2193	48.426607785797955
2194	46.85280430870372
2195	46.831051309299816
2196	47.350714225530076
2197	46.48362262313605
2198	46.84254252256773
2199	46.36849828038754
2200	47.40455868686074
2201	47.60560471564719
2202	46.952995407764945
2203	47.60600168610081
2204	46.06419603855771
2205	45.99597170500518
2206	47.57758399261794
2207	46.15446338524622
2208	45.881743925779936
2209	45.829143422064014
2210	46.802232599674014
2211	45.256870311598384
2212	47.48107980105684
2213	46.40355654548286
2214	47.75593570311811
2215	47.230047762711344
2216	46.01037721132088
2217	46.609352839923005
2218	47.89953944254721
2219	45.795058044704
2220	46.25810644433825
2221	45.880896722216264
2222	46.50671251217229
2223	45.637298209703
2224	44.954703092251414
2225	47.57562699885645
2226	47.412841527239834
2227	48.41767860870277
2228	47.96794691128653
2229	47.602075744609955
2230	46.2579508090828
2231	47.20670706466669
2232	46.120823079343275
2233	44.51311610216214
2234	46.366968413521455
2235	46.8215591593769
2236	46.152584327962735
2237	46.24468802731147
2238	45.41430176940619
2239	46.57670488842553
2240	46.40411580630456
2241	47.59563734842877
2242	45.169183644158046
2243	46.686343285815305
2244	46.60613592656026
2245	47.504323843234005
2246	46.190633161751656
2247	46.91830481179744
2248	46.317525627431245
2249	46.49130431923485
2250	44.812360930125415
2251	45.8771588920331
2252	46.73499683456145
2253	47.318585674061886
2254	45.65774739166354
2255	46.35089237714184
2256	47.28835945918839
2257	44.933895319038925
2258	47.40355051864682
2259	47.52497325859596
2260	46.191293127953664
2261	46.01745809634218
2262	45.328949913937
2263	46.43218994108664
2264	45.16104530133693
2265	45.82241068940324
2266	45.37808283530295
2267	45.151123692747674
2268	43.90550494981978
2269	44.69993965876377
2270	45.43210319672502
2271	44.66920195816007
2272	45.91603220244424
2273	45.61631238999206
2274	47.16877136849947
2275	46.66348984990446
2276	47.27033189643509
2277	46.84592592049713
2278	45.99482882148555
2279	46.47860278332158
2280	45.71814624599842
2281	46.64924380987558
2282	46.13621561216571
2283	46.97061918986207
2284	47.26307581704663
2285	47.3414809181356
2286	46.751732698221645
2287	47.151254186213755
2288	46.20051034212677
2289	46.980968608982906
2290	45.1543486651967
2291	46.34984157381275
2292	46.436737011982885
2293	47.57881203664359
2294	47.74892229307788
2295	47.155788317925534
2296	46.99142094097757
2297	48.42075982399191
2298	48.4362206944524
2299	48.3844049867729
2300	45.81001825408688
2301	47.346872252825065
2302	47.42066212654448
2303	47.34344370465933
2304	46.27461368287173
2305	45.66058327761579
2306	46.51637602563356
2307	45.52040749673989
2308	45.3448768523194
2309	45.23506695863554
2310	46.55019423993391
2311	45.9693674256708
2312	46.79452748554765
2313	46.685865530497125
2314	45.616558696912776
2315	44.64930753864271
2316	45.13722626408776
2317	47.07053153076748
2318	45.437172352699015
2319	46.362785156285504
2320	44.71798200971779
2321	46.08940855684842
2322	46.01735432355544
2323	45.877733227443265
2324	43.89816569608121
2325	46.441797262425375
2326	44.43975654805293
2327	45.99000902996879
2328	45.42027327173657
2329	46.55839242992392
2330	45.44015184993544
2331	45.03519130077741
2332	45.668777983826914
2333	45.72384184673077
2334	46.43620660873659
2335	45.83789610560932
2336	45.48030139071692
2337	45.30357606280644
2338	45.344273839874994
2339	44.82563797561473
2340	46.72134563073836
2341	47.44701900142571
2342	46.513784324109785
2343	46.784497060764565
2344	47.472056016746365
2345	45.85385164777273
2346	46.69790891465574
2347	47.83674934052763
2348	46.469531251047925
2349	45.69625764889405
2350	47.3407453150817
2351	47.54695761958411
2352	46.93869179515303
2353	45.62055210157172
2354	46.073075954853714
2355	46.76848424993513
2356	45.12565732498795
2357	46.5070619728519
2358	45.44005440309966
2359	44.77996417549883
2360	44.461690408746435
2361	46.04582622638809
2362	45.640981163267455
2363	45.22091807261589
2364	45.55827115024509
2365	46.936296419385926
2366	47.1220722992767
2367	46.583419693149416
2368	44.41279677876885
2369	46.18256990454279
2370	44.94212345411881
2371	45.86730265869263
2372	46.0936483753821
2373	48.05944186260734
2374	46.68576293748329
2375	45.44596455817781
2376	46.92575397402789
2377	46.8295572928284
2378	45.881181880833374
2379	45.77264041961321
2380	46.48196893425246
2381	46.09832712900581
2382	46.74128413656393
2383	45.83310644957444
2384	45.69828166168623
2385	43.45437929351071
2386	45.94084942716095
2387	45.445831196172826
2388	46.17667609148401
2389	44.99942780557331
2390	46.45722833146227
2391	45.78119735468674
2392	46.76953972940411
2393	46.65908216253653
2394	46.33053850517362
2395	46.457436346131246
2396	45.03748293101513
2397	44.71269690832547
2398	46.616144597966866
2399	47.67211313084961
2400	45.22268210931122
2401	44.48743124330023
2402	45.21032122114199
2403	45.73665313433659
2404	46.3251178066197
2405	46.684096814646836
2406	45.285784890287914
2407	45.900416627260086
2408	47.23351812957488
2409	45.416799583620154
2410	45.952711652229866
2411	46.15636355063678
2412	46.308321580797625
2413	46.65385328711511
2414	47.10499140301155
2415	46.21522715512129
2416	47.783171190861076
2417	45.566287303425725
2418	45.20341942127828
2419	44.61849918716956
2420	45.16885751101138
2421	46.42178080310471
2422	46.731733491675385
2423	47.837348194504756
2424	46.25003777754497
2425	47.197093625361035
2426	47.04261371592
2427	47.50026136248128
2428	47.2092124216077
2429	45.992982251293185
2430	45.92060968204494
2431	46.53293110907764
2432	48.31329510594393
2433	48.25835614491996
2434	44.86139323681206
2435	46.761626772338886
2436	47.047720391647054
2437	46.60956674274289
2438	46.44512571063292
2439	48.14276044526953
2440	47.25679006346868
2441	48.893335972765165
2442	48.061176050283116
2443	44.64665355126339
2444	45.120912783618564
2445	45.44153362107852
2446	45.201703371011966
2447	45.87847279917177
2448	46.92197338561675
2449	45.1446258428443
2450	47.60655689169534
2451	46.58686647273293
2452	46.469078456052706
2453	45.959323539204036
2454	46.563820623624316
2455	45.73950900216812
2456	45.51653335978699
2457	46.516348586736775
2458	47.20284394551832
2459	46.37431703110559
2460	46.430289322748884
2461	46.00988138524805
2462	46.275501158374574
2463	45.812112245234
2464	46.499462493268474
2465	46.24705728965471
2466	47.61881386629103
2467	47.39896857021534
2468	45.391069516361256
2469	46.19184312752386
2470	46.147752467593364
2471	46.96682405114009
2472	45.78685271195238
2473	46.12448165132753
2474	45.893830131399916
2475	45.44648203651693
2476	47.01832334561652
2477	47.033582710898635
2478	46.34545693615034
2479	47.94729568827443
2480	44.86516549724448
2481	46.43412566488206
2482	45.97742829945245
2483	46.35942520865991
2484	47.18583574990189
2485	46.64051173191538
2486	45.599182183738485
2487	44.68078766668872
2488	45.048338066504286
2489	46.592384362011096
2490	46.26255276885697
2491	43.80972505723061
2492	46.23801434608416
2493	47.93573391657552
2494	45.87760796414045
2495	47.47154493145106
2496	48.4805531427046
2497	46.16950797242904
2498	47.486503859459305
2499	46.18552543071873
2500	45.835098808530454
2501	46.864167156756324
2502	45.514318361063616
2503	46.6971247401402
2504	47.03602192491324
2505	45.8400864878266
2506	47.2521093103161
2507	47.11814214381422
2508	46.61344451277814
2509	47.37192872157899
2510	46.52617365569449
2511	47.17895875041896
2512	48.615269415740954
2513	46.56718006570058
2514	44.863554585389
2515	45.35918255355473
2516	46.63680499016691
2517	45.4473217948435
2518	47.26571964759719
2519	45.22394394588173
2520	45.716564262146925
2521	44.39459759514281
2522	48.00012067562544
2523	46.91061088506204
2524	46.16739204477489
2525	44.22359637571097
2526	46.12060888605582
2527	47.841624009722715
2528	46.86109988251753
2529	45.55380809730787
2530	45.26347514119163
2531	45.81745040597557
2532	46.88606187804299
2533	46.57535435762043
2534	46.93962069013246
2535	48.31118888789309
2536	46.73351931036727
2537	47.27342578052301
2538	46.26427623130983
2539	46.69591300111203
2540	46.28597997560709
2541	45.89933114912731
2542	46.74394449158798
2543	47.01902708681593
2544	45.85640890954545
2545	45.47188316359713
2546	45.25076369198683
2547	47.23645786634451
2548	46.50532506405337
2549	49.01082101489446
2550	47.07624916953814
2551	47.83208069543195
2552	45.79390188792043
2553	45.929382368103965
2554	45.007627467834126
2555	47.089697349992676
2556	45.06877170827949
2557	46.41157229490407
2558	45.83199569195111
2559	45.69957173540881
2560	45.10543993404151
2561	45.58634983479538
2562	46.04026836595041
2563	45.62859741537654
2564	46.29130501683672
2565	45.67360509109671
2566	45.50498028790652
2567	45.82488960229659
2568	47.25915017310147
2569	46.55465332231002
2570	46.25199725112431
2571	46.806924461956925
2572	47.75625239280586
2573	46.372880044730316
2574	47.93114348274014
2575	47.90789744375581
2576	45.966965799304674
2577	46.28501012741751
2578	45.35891076208116
2579	46.430391312350395
2580	46.40403319853231
2581	46.871094500130994
2582	46.28107557019473
2583	45.74756266532782
2584	47.142428759161426
2585	47.57497723526851
2586	45.51403385838008
2587	47.92917893757384
2588	46.6864193454146
2589	46.41796642554686
2590	47.835907799349094
2591	46.41070917153935
2592	45.745119073708295
2593	47.26593295089361
2594	46.87579586038616
2595	46.88165443133377
2596	47.02559595972907
2597	46.23266645250141
2598	48.058354086910406
2599	47.464761467128966
2600	47.176689295876585
2601	47.3910960862777
2602	45.74299635784696
2603	46.94181476518281
2604	45.71777039526023
2605	45.75340516809849
2606	46.8790047607429
2607	47.72953256493664
2608	45.58244219338948
2609	45.81431758356657
2610	45.61739049918827
2611	46.474751467065914
2612	46.122233066149384
2613	47.48702458656681
2614	45.484296907894226
2615	46.957773971352665
2616	48.73375988073355
2617	47.26853924992026
2618	46.042672303720096
2619	46.616881562363126
2620	46.55413327337263
2621	46.10503045297519
2622	47.958471002957296
2623	45.557416599696296
2624	47.20958117593994
2625	47.252508901023866
2626	47.52998360087276
2627	45.99058986975882
2628	47.034714682381114
2629	46.48822378316101
2630	47.90686320440681
2631	48.11007805437489
2632	47.97160394031396
2633	48.15714622621962
2634	47.82289941080104
2635	48.36500356763025
2636	46.725920870325886
2637	47.03002489228497
2638	46.21687744222843
2639	45.589261974285556
2640	45.079975880620424
2641	45.94750857676394
2642	47.80531131558361
2643	48.192958370112464
2644	46.896000393932255
2645	47.384306144168235
2646	46.80968309029695
2647	46.13303691509643
2648	47.59562663330736
2649	46.02575645833241
2650	45.74361821442919
2651	46.496107549653004
2652	47.0333521191071
2653	47.913339350372304
2654	45.90885634484407
2655	46.908356258596974
2656	47.25740784285699
2657	46.64275310056355
2658	46.76416363776854
2659	48.400572632776466
2660	47.8132602398223
2661	47.77462129823458
2662	47.069009712596035
2663	47.249939001004265
2664	46.683696608653584
2665	46.94917858189264
2666	46.36399664572157
2667	46.95719820904182
2668	45.75611481629687
2669	47.069058485646615
2670	45.88464273501253
2671	45.705280314379706
2672	47.20180498942938
2673	46.55590114921477
2674	45.49198434190555
2675	46.87454290239983
2676	45.71708060246996
2677	45.71835006389072
2678	46.307691475928166
2679	46.648806320202965
2680	46.04604292296794
2681	45.62076175406872
2682	46.32195350745963
2683	46.6662583333708
2684	46.0432238703634
2685	48.09210978899696
2686	47.416616104050746
2687	46.980130745023516
2688	46.151095515797245
2689	46.419688827900806
2690	45.54801065508688
2691	45.982570814353224
2692	48.687008625735345
2693	47.671782712402376
2694	47.53281718101591
2695	47.45046125018235
2696	47.33554361912727
2697	46.73128376353778
2698	45.95855763991029
2699	45.10949384250273
2700	46.32966857051381
2701	47.790432034026885
2702	47.645866916219894
2703	47.53723742486661
2704	46.71326484622368
2705	46.78044808844859
2706	46.52053457864536
2707	46.247944312647256
2708	46.963446454542265
2709	44.28253065508067
2710	47.63397935458463
2711	46.67261033595548
2712	46.639529393798156
2713	46.310424904625336
2714	47.55021533617769
2715	47.7140946656342
2716	47.10615350009517
2717	45.826501267421015
2718	48.210639782262845
2719	46.043325634137744
2720	47.670384649933666
2721	45.56094707690055
2722	47.03481640974271
2723	45.75830141740088
2724	45.5292355458627
2725	45.93461949275345
2726	46.342259452948035
2727	46.6116727503397
2728	46.61794616309528
2729	45.471042596163855
2730	46.62082622422329
2731	46.234200432712164
2732	46.515275140636476
2733	46.02181827753084
2734	44.73891724650662
2735	45.776875670155384
2736	46.352232370517626
2737	44.89736926634462
2738	46.25967403890182
2739	46.57600620565546
2740	46.94686448159995
2741	46.21649924163892
2742	45.90965887223491
2743	45.212292738445925
2744	44.83807453341482
2745	43.74036187930503
2746	46.15900778791863
2747	47.18194968818175
2748	44.736180947759316
2749	45.24028865871011
2750	44.76084944573835
2751	45.48017584605793
2752	45.32861039735574
2753	45.77752544446434
2754	46.2625513335375
2755	45.737563797510376
2756	47.82562816372442
2757	45.65962511781451
2758	47.807668228279546
2759	45.83231070156258
2760	46.73784311546461
2761	46.50423735954709
2762	46.90048904759432
2763	45.843391218455196
2764	45.393697474374356
2765	44.85133711094435
2766	46.5524110358072
2767	46.94227042634367
2768	46.28454220143039
2769	48.04296436230723
2770	47.00139353473327
2771	46.651045942398085
2772	46.07813118445792
2773	47.286055016194354
2774	48.948302919450825
2775	47.08421549510332
2776	47.28589441185457
2777	46.26818868219521
2778	47.00361499947653
2779	47.85920064123376
2780	45.81938383299747
2781	45.74129413769322
2782	45.39008324872854
2783	45.337882000173536
2784	46.32775521826377
2785	48.08007854628126
2786	48.49993052594917
2787	46.00672213441829
2788	45.29324335855798
2789	45.897481949862886
2790	47.735882668460974
2791	47.45422466353357
2792	46.38135838264694
2793	46.80328747926022
2794	47.22720028791747
2795	46.085425079675716
2796	47.34805822668829
2797	48.14079257813715
2798	45.93794649211471
2799	46.194180828543814
2800	46.783966008437645
2801	46.485503649975406
2802	46.8529157171361
2803	46.78289650362529
2804	47.739290520769174
2805	47.37394771901503
2806	47.342234971893724
2807	45.84377767261857
2808	45.70433025222369
2809	45.22788384632955
2810	45.87783569785607
2811	46.39223598609966
2812	45.32840936698574
2813	45.80695142927435
2814	47.36683829173766
2815	46.14732224658618
2816	48.11009996901742
2817	45.66597659669853
2818	45.038299263468275
2819	45.768064842087156
2820	47.09508321981218
2821	46.116045491743805
2822	46.78297093841883
2823	45.47573995318125
2824	45.25727465807685
2825	48.06546773061744
2826	46.91580160486061
2827	46.41801336197901
2828	47.392634658610866
2829	48.60469303656543
2830	46.973945415103685
2831	45.885930376927526
2832	46.67348167996082
2833	46.199305509558194
2834	46.45474592517222
2835	45.276931541620804
2836	45.790032610094464
2837	46.14171105223247
2838	45.226449380897165
2839	45.173205036567374
2840	45.69920201114342
2841	44.57612242706617
2842	46.15624458350081
2843	45.687404746714236
2844	45.341306908920146
2845	46.05190810988367
2846	46.4186778233324
2847	45.90738312401118
2848	45.78545166418031
2849	45.79048787035277
2850	46.423491027443156
2851	46.28910006800619
2852	46.44265222627194
2853	46.42675790541447
2854	47.91913678126847
2855	46.491453689769926
2856	45.50509419835886
2857	44.8597676845461
2858	45.30081257453715
2859	47.255773040812024
2860	47.02611841263049
2861	47.52470308394512
2862	47.39940519941275
2863	47.84065229299886
2864	46.71114373752271
2865	46.64856833513984
2866	46.728949124137905
2867	45.04664748386414
2868	46.307512825020375
2869	46.60269274349159
2870	46.465812406960936
2871	47.23481047988137
2872	46.71705701133343
2873	47.87236941898278
2874	45.59293917596607
2875	46.45660283849243
2876	46.395538196992106
2877	46.25233594669772
2878	44.67053766691046
2879	46.50083345953584
2880	45.630863677530336
2881	46.345190344402766
2882	45.10178188052714
2883	45.454687931745205
2884	44.91033508549947
2885	44.40825119215327
2886	47.04339670389432
2887	48.07541649185923
2888	47.441352154097814
2889	47.05609387321365
2890	47.113861785148025
2891	47.80057934076781
2892	46.09838729147594
2893	48.016955672927566
2894	46.97420415861025
2895	47.970803248225096
2896	46.62187412661261
2897	46.40165836200464
2898	46.45409980694058
2899	46.29325520019303
2900	47.16640917182669
2901	47.262400329447196
2902	48.37354912710857
2903	46.932609467318215
2904	47.413078830362956
2905	47.116879370709185
2906	45.82971002096087
2907	46.84377495192096
2908	46.432215998911644
2909	44.79624799810769
2910	46.3201442732519
2911	46.04557652909433
2912	45.74873962254655
2913	45.23425718135031
2914	48.74819330267568
2915	46.20843176600011
2916	47.36836225713315
2917	45.31266831620618
2918	44.76699959693312
2919	44.47934834348585
2920	46.348987479926095
2921	47.829138949857
2922	48.88601425127426
2923	45.71440016314706
2924	47.63231569719182
2925	46.46285682866452
2926	46.89089630904108
2927	45.892447259690975
2928	46.44136156219265
2929	45.64726458856672
2930	46.06243225055562
2931	45.59542164755814
2932	46.45587271107046
2933	47.59702742766152
2934	46.68312361578314
2935	45.25551471555242
2936	46.70592000818216
2937	45.82744529967916
2938	46.162197036265425
2939	45.980131123458364
2940	46.592515693979784
2941	47.14531580005939
2942	46.46135738087346
2943	47.53246484198314
2944	46.31477327207064
2945	48.454827484243715
2946	47.62702908186844
2947	47.33305401597454
2948	47.42024669711211
2949	47.92456867490238
2950	47.41860569046495
2951	47.095978553737424
2952	46.59894228112707
2953	47.0349188821625
2954	47.15755259222481
2955	47.75696441061739
2956	46.25600645602804
2957	45.81334517898726
2958	47.20078611845327
2959	45.035386762360446
2960	45.373335180172646
2961	47.18674580129032
2962	45.24561335683206
2963	45.75891223046709
2964	45.402589057057895
2965	45.76029583787117
2966	47.12883984878008
2967	47.27683048725845
2968	47.32521653430468
2969	46.857989136350604
2970	47.67925741972426
2971	48.38433318420671
2972	46.644326703555095
2973	47.18530040012827
2974	47.624920245741315
2975	46.34862307438097
2976	46.932793031297045
2977	48.09412813651382
2978	46.328203024995126
2979	47.84700602495145
2980	46.986453041894634
2981	45.115259367640384
2982	48.26369440339339
2983	48.21832485448789
2984	47.66434406096821
2985	48.620524341969315
2986	48.92895562049935
2987	49.34290599149029
2988	47.619470875803124
2989	46.357150941581324
2990	46.505862392739736
2991	48.36497356929442
2992	47.90134130135329
2993	47.17546542900669
2994	47.49198077002323
2995	47.70130156143493
2996	48.2665751074672
2997	46.355236143461134
2998	47.92395771092712
2999	48.00609801557644
3000	46.57645816822249
3001	48.91875221485316
3002	46.49613332653277
3003	47.48335086596241
3004	47.431331243596055
3005	46.67525404688894
3006	47.68895034786742
3007	47.15930527601567
3008	46.91439187020657
3009	48.32175398964619
3010	46.91462389160287
3011	46.71542429324151
3012	48.897826838581146
3013	48.79415368933587
3014	47.24945101657067
3015	47.96563431138252
3016	47.18094005109256
3017	47.62081662313331
3018	47.40670746283969
3019	47.083269201749
3020	46.83526533634995
3021	43.978580881085456
3022	46.40009459269045
3023	47.00767797661027
3024	47.464961085772245
3025	46.49112953979352
3026	48.65668160074152
3027	48.01284490285255
3028	45.21379016061333
3029	46.529423141737944
3030	46.61688554934935
3031	46.46080623168703
3032	46.29345598714387
3033	46.571134854281716
3034	45.408991726441954
3035	46.861014174735224
3036	46.35786681348767
3037	46.75317781350461
3038	46.2731616737974
3039	47.57576498979475
3040	46.6235123003852
3041	46.0191545363447
3042	45.492912748063894
3043	48.258488150312154
3044	47.482462677370165
3045	45.77506341758253
3046	45.40246296334973
3047	46.3225955058431
3048	47.148828076469115
3049	48.42585267457131
3050	47.88210481929622
3051	46.83090553172665
3052	46.73298993094107
3053	47.129504581168504
3054	45.98204991500401
3055	45.7671287420973
3056	44.788472091548236
3057	46.065823709858684
3058	45.814669670508415
3059	45.04949128839456
3060	45.81590908712902
3061	46.48970700509329
3062	46.60853799913331
3063	46.334069845669916
3064	46.28702202991028
3065	45.820589974071815
3066	46.85818752545459
3067	45.91995512291741
3068	45.378655539622635
3069	44.98343812767411
3070	47.069472718549214
3071	46.17613881603129
3072	45.83509789531862
3073	47.65516839521417
3074	46.12060224152824
3075	46.397999249116104
3076	47.097970602289564
3077	47.83725319705535
3078	45.571793280766784
3079	45.08755521179242
3080	47.542574620593385
3081	45.5254340816866
3082	46.17101765690626
3083	47.078537293540435
3084	47.76444446301117
3085	46.50639078559144
3086	46.30697245681936
3087	44.94553707442131
3088	47.975894053517685
3089	47.07751539855563
3090	46.37727391516345
3091	45.137275021347605
3092	47.32671845634968
3093	46.769326275222525
3094	47.00715090717097
3095	48.21411770115054
3096	47.64782498291561
3097	46.19409926020342
3098	46.99697993310936
3099	46.80920866543518
3100	47.087061821080276
3101	46.451122111220506
3102	48.819011201156
3103	46.727911477581856
3104	48.03091372441573
3105	45.70461546969013
3106	44.77435094489148
3107	43.05301380832348
3108	47.017903795598734
3109	46.727800432834094
3110	46.64621173164915
3111	47.207069914043245
3112	44.50775480048158
3113	43.8249883225041
3114	46.32327373334616
3115	46.1818769462384
3116	45.74731862469859
3117	46.064361518521686
3118	45.87719090785123
3119	45.500406515974156
3120	45.31994246064837
3121	46.98357118913425
3122	46.15420046817119
3123	47.12444228417898
3124	44.774833691756385
3125	45.77698112159953
3126	46.59466480122661
3127	45.87384832214307
3128	46.83772036199845
3129	47.69129505342148
3130	45.69159179619118
3131	45.718313334517894
3132	45.073477850517854
3133	47.27584622985506
3134	45.847460331629634
3135	46.84394337294076
3136	46.83572463498116
3137	46.718636238956186
3138	46.69715640815477
3139	48.08785854248546
3140	49.19807779403402
3141	48.02346569108714
3142	45.98246331238296
3143	44.13552821785374
3144	45.93858486297731
3145	46.07057851547169
3146	46.559321091584096
3147	46.2133680778391
3148	45.95654065789331
3149	46.538561600893935
3150	45.311535406128414
3151	45.93457923399269
3152	46.49616896912703
3153	45.77926781455625
3154	45.62423055338966
3155	45.83115242764856
3156	46.826975621994855
3157	46.893636219641365
3158	45.85386546757647
3159	45.96952628678431
3160	44.677624517338
3161	45.5833187289699
3162	45.35119406493583
3163	45.444027664331685
3164	46.60487267382009
3165	44.63911939370968
3166	44.41190487443975
3167	44.088550398306005
3168	46.21711509274877
3169	45.46190143740482
3170	45.24927642513442
3171	45.34276370119809
3172	45.97085714960432
3173	46.458555726211195
3174	45.947250567528805
3175	47.07927085284687
3176	46.20792786391817
3177	44.88519055103378
3178	47.3140668370066
3179	46.09395008457653
3180	46.04393202245859
3181	45.04807847974059
3182	46.39575229933415
3183	45.40929634125487
3184	44.88047635866843
3185	45.7590646405525
3186	45.49758475161737
3187	45.36975189322166
3188	45.82425445677066
3189	44.54638037131317
3190	45.80897481992313
3191	45.77556350706145
3192	46.90373266650418
3193	45.68915326909187
3194	45.07188402821548
3195	45.84073431623526
3196	45.50798228006446
3197	45.78149485940155
3198	45.08779868559658
3199	45.89484304183526
3200	45.914506043108545
3201	47.00143132682282
3202	45.87294027808076
3203	46.39375840348347
3204	46.7547458189569
3205	46.265769398029946
3206	45.220238946172245
3207	46.329463907540635
3208	46.92942241243449
3209	45.09417161672516
3210	45.68325197417207
3211	46.78805208065878
3212	46.33823899115544
3213	46.64422778600661
3214	47.01542705260177
3215	47.700931405066726
3216	46.29547335830813
3217	46.56157057147156
3218	45.92245514889507
3219	45.3980190344645
3220	45.853847796490946
3221	46.105258526599265
3222	47.056963464372195
3223	46.962037825203055
3224	45.744101104898824
3225	44.08311827757541
3226	47.31048001008006
3227	47.67512845629181
3228	47.680239020934984
3229	47.95657420934084
3230	46.72327495118446
3231	46.68366092180642
3232	46.95710491432563
3233	46.55052956596242
3234	47.563930756210304
3235	45.91481489055915
3236	46.78183426211401
3237	47.03926551063859
3238	45.64902153739369
3239	47.31223453711226
3240	46.88149917587964
3241	47.79090182426746
3242	47.368996995317126
3243	47.415067769097114
3244	46.488982356876775
3245	47.65204113557275
3246	46.20502577818389
3247	45.622308989623846
3248	46.62632007868652
3249	46.13271026526908
3250	44.853512237711215
3251	46.435725544108664
3252	46.933801257886685
3253	46.595297626874164
3254	46.15416748014917
3255	45.04997050950095
3256	45.872832230274476
3257	46.443653036674874
3258	46.3632618006571
3259	45.05544991266163
3260	47.23256186838524
3261	46.03846710372037
3262	46.61732812879934
3263	46.84744989134601
3264	45.607883054523754
3265	45.3269286562711
3266	46.973188270364304
3267	47.33247869554951
3268	46.62212236401324
3269	45.72953322956427
3270	46.1355213529817
3271	46.69183580573845
3272	46.434365709661975
3273	46.49283962446067
3274	47.238257485387095
3275	47.48967873054522
3276	45.5756243835886
3277	47.10431057442808
3278	46.15411753245157
3279	46.67693908047653
3280	47.19234265544897
3281	47.47248067926154
3282	49.176327457207044
3283	46.691813611422035
3284	47.01619604608018
3285	47.11026241680702
3286	46.225867592796824
3287	46.21410071129508
3288	45.57245765596392
3289	46.71350077734238
3290	47.68785832456403
3291	44.647934674378305
3292	45.04999023321291
3293	45.95541182522504
3294	46.65018670558263
3295	47.6814218627697
3296	47.744535726765065
3297	47.35097029688692
3298	48.134934716415
3299	47.75994516671022
3300	47.27475937573692
3301	46.16660239134286
3302	47.547823327483826
3303	46.821754382767864
3304	48.410234338645864
3305	48.03601968340232
3306	47.35324698842908
3307	46.88525239284566
3308	45.884833277130305
3309	47.45271887297699
3310	48.58827346267825
3311	47.07635629850325
3312	46.785431087269
3313	45.76261170071975
3314	47.34476127816335
3315	47.150110250648105
3316	46.45615779217284
3317	47.604627879651545
3318	47.00209959577112
3319	46.180296092515896
3320	45.87944197273363
3321	46.17441521455867
3322	45.421720776929405
3323	44.63824879034955
3324	46.954864268623744
3325	46.94087367601282
3326	46.94292712723625
3327	47.47629684211671
3328	45.984327458057564
3329	46.28132806763693
3330	46.11765142241945
3331	45.18510581622473
3332	46.8128822411754
3333	44.57563833095386
3334	44.95925213025811
3335	45.682423114040574
3336	45.89138419040908
3337	47.981981166895146
3338	47.04284138695336
3339	47.18542700432203
3340	46.72901040050505
3341	46.87664769081593
3342	45.70761865302189
3343	46.8799694580077
3344	45.40918470949218
3345	46.300592122332056
3346	44.45386029047252
3347	45.682594125261495
3348	45.87553714079209
3349	45.801210689242
3350	47.49586768428994
3351	47.884062073813425
3352	46.52495291073548
3353	45.0156192859957
3354	47.578952481066324
3355	46.98067436663792
3356	46.939474558311375
3357	46.37504876430069
3358	46.10240837924582
3359	47.26667092932801
3360	47.195677352682225
3361	46.949412095622016
3362	45.43244931374781
3363	46.64555345907046
3364	46.29500358446084
3365	47.191437518963916
3366	46.794600707439464
3367	43.974979921200976
3368	45.65241454019538
3369	45.76978272225196
3370	47.12199665288524
3371	44.9452621404111
3372	46.629095384011286
3373	47.454615536195824
3374	47.03156192487922
3375	46.871862614394736
3376	46.16036841323005
3377	47.45792234435712
3378	45.98675037765722
3379	47.15805258547878
3380	47.795245916614846
3381	46.57311692673619
3382	46.383142262003176
3383	46.594588430035564
3384	46.03244012491586
3385	46.216367738283104
3386	48.09416878139306
3387	47.81133852920572
3388	48.11723676810224
3389	46.89657288710641
3390	46.369757691670586
3391	45.29927393536373
3392	46.123622589062876
3393	46.505924307625605
3394	46.92956564960254
3395	46.02760199717879
3396	45.157315747375485
3397	46.2044091833752
3398	45.091570057039156
3399	47.24956815012462
3400	44.19446588892701
3401	45.875622317932326
3402	46.35563303896376
3403	46.181509414546404
3404	47.51280272368613
3405	46.72793137767196
3406	45.37350042497023
3407	44.96717612884513
3408	46.54733180666294
3409	45.34551466995359
3410	44.75761500398656
3411	46.50465284547277
3412	45.965529634448814
3413	47.126310604938645
3414	46.1421265255719
3415	47.9284708330035
3416	47.8393051089567
3417	47.0008678908686
3418	47.19830733392494
3419	47.23010306891225
3420	45.42758754275988
3421	47.785593871978
3422	48.33534772044853
3423	48.579141492113784
3424	47.307883756322106
3425	47.60146355563956
3426	47.27616595164005
3427	47.63955852406916
3428	47.54531894885126
3429	47.28124982804719
3430	47.71944757419845
3431	46.36508121215761
3432	45.032841635559876
3433	45.35511369599073
3434	46.74299229859615
3435	46.41787524242375
3436	46.86686996628065
3437	45.57328514688252
3438	46.20578593381605
3439	46.75750211198906
3440	48.22472398224872
3441	45.85613062414492
3442	44.40875516122412
3443	45.8900110671222
3444	45.81697001174104
3445	45.84029497331759
3446	43.85914978924073
3447	44.683581916033
3448	45.17896309245121
3449	46.32990412236691
3450	46.39005021420833
3451	46.17183242729212
3452	45.402272024869006
3453	46.32189816558063
3454	47.38228652292987
3455	46.90019797394554
3456	46.004958261382775
3457	47.26300921456925
3458	45.26238903005484
3459	45.00186878284181
3460	44.84922704992437
3461	46.818334693438615
3462	46.91153837476394
3463	47.47454134793085
3464	47.85382225478035
3465	46.69088407198783
3466	44.79932041333441
3467	45.51489954120131
3468	46.52734950995109
3469	46.609439220369964
3470	47.869632071249875
3471	45.70720071810687
3472	46.22662220868495
3473	46.33804760729561
3474	47.05409681390445
3475	47.569438137415766
3476	46.73659217154707
3477	45.6241348745378
3478	47.39289151176804
3479	47.858981205808
3480	47.08012154354555
3481	48.017192541873534
3482	46.816201111264114
3483	46.379629505534616
3484	45.83146554497406
3485	46.69044954742241
3486	46.13847605189917
3487	47.310141130089114
3488	47.62068295099298
3489	48.25152559030442
3490	45.83438431022337
3491	47.60094555524392
3492	48.138123697837194
3493	46.85037517177684
3494	46.78735822184625
3495	46.645237486927
3496	46.052788640689286
3497	45.3535527511889
3498	44.836645894438064
3499	45.897145765998104
3500	45.8153987228871
3501	46.80062919035509
3502	47.97458107071646
3503	46.90457767716917
3504	47.52917016482786
3505	47.77463083643945
3506	47.0957989773246
3507	47.684379190729295
3508	47.36462113267626
3509	46.213142153320725
3510	46.243659024921264
3511	46.78397276440657
3512	46.207328844484394
3513	49.042628513699164
3514	48.12085519664511
3515	48.53129256452082
3516	48.500913107805864
3517	46.09958228333669
3518	45.64354675066464
3519	47.589482678580666
3520	47.79664338830564
3521	47.45811043428798
3522	46.93237746984231
3523	46.2149486629827
3524	45.87798443485994
3525	45.98190393281958
3526	46.901313027488875
3527	47.50828817485488
3528	45.938365376446015
3529	45.45061765615902
3530	46.22038814223269
3531	47.292269292220304
3532	46.809727280006506
3533	47.42197093877076
3534	46.41323326506564
3535	47.76728642083279
3536	44.160083462088224
3537	45.570888263452495
3538	44.834177047287604
3539	45.936805981526
3540	47.317905849304516
3541	46.00540743506522
3542	47.72341591087091
3543	46.39880167394436
3544	45.76118782254234
3545	45.35984430532704
3546	46.4692291160552
3547	46.98411479040903
3548	45.627750679229095
3549	46.44902359044746
3550	46.71950881975944
3551	48.02640479018416
3552	48.57310323489979
3553	46.78744577506669
3554	48.01312240087437
3555	47.528838554232735
3556	46.24061777268057
3557	45.89822017586206
3558	45.73467614238373
3559	49.12612825202506
3560	47.47657071023475
3561	46.59927480992371
3562	45.6722436038745
3563	46.80088917453499
3564	44.642753322617864
3565	47.50291751376125
3566	46.551892254158304
3567	48.48722604931515
3568	46.78951803654826
3569	46.540250695835375
3570	45.819570388669646
3571	45.49769076945018
3572	46.55403727740903
3573	46.888559387115706
3574	45.85037255498928
3575	46.7589500879468
3576	47.352234173594866
3577	46.201689766319056
3578	46.87925339012909
3579	46.831134205538596
3580	47.49652918479085
3581	47.30128635810954
3582	47.518783683158915
3583	46.59295604851814
3584	47.62940458426957
3585	46.250262703999795
3586	46.47433303365236
3587	47.79121944023521
3588	46.31566540454072
3589	47.09864747340393
3590	47.96619294450663
3591	47.43799916392729
3592	46.42621863476503
3593	45.54419622196979
3594	46.35235562258047
3595	47.54770265998609
3596	45.7701733942187
3597	45.467512197508874
3598	46.91675063393153
3599	46.29616587763798
3600	46.30141429532544
3601	46.5206753393295
3602	46.04590994643984
3603	44.89886111877979
3604	47.51248034349235
3605	47.64992068975915
3606	47.41200594395835
3607	46.752327024493724
3608	46.17621974269087
3609	46.53952297696687
3610	47.6220296923147
3611	46.61535280560787
3612	47.029189207925974
3613	47.71089633350993
3614	48.36300822359092
3615	47.62620503508887
3616	48.072089725769295
3617	45.871139622393606
3618	48.0864318465172
3619	46.224513582441524
3620	47.76281862154955
3621	46.21453563886989
3622	47.14053898493012
3623	45.50553657924379
3624	43.971632242531605
3625	45.959048204433834
3626	45.903452429766254
3627	45.87510296880372
3628	45.958741087957456
3629	46.3395735207824
3630	46.0959672386913
3631	45.15516229221843
3632	45.9993473534249
3633	46.24623152369027
3634	47.0577343688906
3635	45.53321208403722
3636	44.55504012440327
3637	46.01139036294178
3638	45.92685563640262
3639	45.11344978353345
3640	45.20513022196614
3641	44.8170105690862
3642	46.135857376472295
3643	45.198253936431925
3644	44.76863977325844
3645	47.50539882883833
3646	45.64028151587593
3647	46.3287565800422
3648	46.373451868975934
3649	45.1499535248405
3650	45.89596670704428
3651	46.55628441748762
3652	46.52841809446323
3653	46.19597879075484
3654	46.6131881944733
3655	46.10851892159878
3656	47.09918546172434
3657	47.59743374244794
3658	47.13027849284068
3659	48.552075276896204
3660	47.78473044747879
3661	46.86186600346617
3662	46.91441206103336
3663	46.551583698743094
3664	46.66723936597303
3665	47.47211364001902
3666	47.54213993848334
3667	47.75919158289988
3668	47.189125248865125
3669	46.7777657283964
3670	47.007653721670565
3671	47.53930073105978
3672	46.599348909697305
3673	46.311128681058115
3674	45.92958656296291
3675	46.970812107682484
3676	45.857429206154755
3677	46.87518839661264
3678	46.50958362761352
3679	47.14459006264552
3680	48.17624241946917
3681	46.39110332122729
3682	47.005839211621556
3683	47.14922232734267
3684	46.55096910807646
3685	46.716524015735864
3686	46.37639111186444
3687	47.34093679096627
3688	46.617840270024125
3689	47.36337913206864
3690	47.08567009770311
3691	47.609802590861044
3692	47.02392060357323
3693	46.602164456059576
3694	46.89002184612876
3695	47.28673660112814
3696	46.99726466449261
3697	45.84168461713081
3698	45.56171207409902
3699	48.71496148827749
3700	47.947734387585825
3701	45.464604434313095
3702	47.44779571862416
3703	48.32595140030292
3704	47.41461462390195
3705	48.22328224453121
3706	48.92059273336945
3707	47.91538576042145
3708	47.80115844485315
3709	47.580963024811965
3710	45.973326396192945
3711	45.604230627847556
3712	46.00731039855738
3713	45.27158498810736
3714	46.69495142812841
3715	45.24932552866011
3716	47.378446726226976
3717	46.69846161048407
3718	47.44565331211902
3719	47.291195482810636
3720	47.05534787557891
3721	47.86254512317497
3722	46.92741611874768
3723	46.779633203228116
3724	47.166544748915754
3725	46.82109066229438
3726	46.910971033872215
3727	47.99077822891823
3728	46.618772252751754
3729	45.58791455397876
3730	47.649362849244554
3731	45.57372636674087
3732	46.320019438561346
3733	45.8206436830437
3734	45.8128720412842
3735	46.12496147657738
3736	46.559713103121396
3737	47.12526479711735
3738	47.823710145182574
3739	47.942108969362245
3740	47.001001088873046
3741	47.36696922894897
3742	47.8512673881127
3743	47.18977044556782
3744	46.401730499866964
3745	47.17265331198767
3746	44.965112378800356
3747	45.988257956467805
3748	46.66870742696473
3749	46.09549593063091
3750	47.80474384729317
3751	47.25353060452718
3752	46.20262499107612
3753	47.3432276322943
3754	48.10446288908044
3755	47.35991529948827
3756	46.58664289457978
3757	46.48500757168745
3758	46.623814303219504
3759	46.43711419564131
3760	45.51598519983696
3761	46.25882088656198
3762	45.824460820880844
3763	46.957118510204296
3764	47.02238739331344
3765	45.4282769113994
3766	47.18966128462437
3767	46.304193116927664
3768	47.14779769501932
3769	45.80499635536978
3770	45.54568348825966
3771	46.56930802145796
3772	46.85228272999446
3773	47.15195823771329
3774	46.93446228262373
3775	46.49738468925763
3776	48.01714037783532
3777	46.95331230114665
3778	47.09988950794391
3779	48.13880319252447
3780	47.1725738128055
3781	48.23368179394617
3782	46.95256878391261
3783	46.01397239829354
3784	46.604600636222706
3785	48.166297668469056
3786	47.72666997590063
3787	46.26095109234062
3788	45.97690861085907
3789	47.356067944854644
3790	46.36317063946095
3791	45.336320914245846
3792	45.21041311269742
3793	45.749992883053274
3794	47.40680828243197
3795	46.37451018024949
3796	45.918237080039006
3797	46.72991594327942
3798	45.531402190598904
3799	45.72221534672912
3800	47.75421878839853
3801	48.15816740240008
3802	47.49546265161624
3803	47.25172444227089
3804	46.93116532572061
3805	46.83939479270459
3806	47.5603297615717
3807	47.24783100338635
3808	48.0690813144639
3809	47.5368793920956
3810	47.10049881540081
3811	47.99821613673071
3812	48.072046732009014
3813	47.504557495271435
3814	48.74344626814499
3815	47.87935802137147
3816	47.510135741971666
3817	47.94628300934317
3818	47.50919105188407
3819	48.72292733638904
3820	48.07055149888386
3821	48.03663138620936
3822	46.48418257260908
3823	49.02348097060795
3824	47.6278898165332
3825	46.9245369922038
3826	46.92116827664317
3827	48.12393201243375
3828	47.45190769161855
3829	46.80648376825919
3830	47.57616193409372
3831	48.300018456896744
3832	47.71822147730022
3833	47.523979738814774
3834	48.58152481800936
3835	47.33287798887283
3836	46.90312228569567
3837	46.5609367035647
3838	47.44546857764934
3839	46.593633444198375
3840	46.77635225140074
3841	47.310579743027496
3842	48.57844528627708
3843	47.349393813787934
3844	47.01498389581291
3845	46.00795448608635
3846	48.39278869635267
3847	47.25317726258164
3848	48.034718038746625
3849	45.64883341287283
3850	47.47936232429407
3851	46.14820972706447
3852	46.60206766991276
3853	47.49190503158026
3854	45.835553037881624
3855	47.33028980206655
3856	45.87755412766541
3857	45.7131292212237
3858	44.563132631126734
3859	46.287783508343466
3860	46.60519104522592
3861	47.844996530706965
3862	46.86196817643105
3863	47.83114452488158
3864	46.41107103269232
3865	45.87515336918215
3866	46.40808780948887
3867	48.23612658465745
3868	48.31934586968788
3869	48.58661851725042
3870	48.504009463081516
3871	46.2925212298488
3872	47.19495447860326
3873	45.93033486090473
3874	46.88576542670206
3875	46.611621440508
3876	47.44280044638064
3877	47.66955772348959
3878	45.990836789003595
3879	45.340191502253795
3880	46.186598957689235
3881	46.1193211793077
3882	45.859696518940105
3883	46.123495557382995
3884	48.76876398217965
3885	46.4547875847759
3886	46.20157198653793
3887	45.774858303584125
3888	46.92401529174335
3889	47.845758896927855
3890	48.27436296619453
3891	46.79581597605476
3892	46.66118467198784
3893	46.873211662206934
3894	48.37291555547299
3895	46.19837829342334
3896	45.34853481237937
3897	45.50421198133444
3898	46.72709033159623
3899	46.911826583807596
3900	45.925139072747065
3901	45.01159588694222
3902	45.46186181952147
3903	47.38552189644797
3904	47.83029840098246
3905	46.58425181626174
3906	47.203454713308254
3907	47.50419494286809
3908	45.70438969105953
3909	43.77389129818087
3910	45.174374133403255
3911	47.07381342478366
3912	46.51874534593147
3913	47.266172371507785
3914	47.436847619753756
3915	46.196874278010405
3916	48.0060923604193
3917	48.30946539024707
3918	47.09720903399898
3919	46.384227190052066
3920	47.491346810650676
3921	47.61691998120069
3922	46.686137733022925
3923	47.364074694240074
3924	47.258523236332145
3925	46.944907565017566
3926	47.725932264398935
3927	47.99063111386045
3928	46.498453564926955
3929	47.24586024272105
3930	48.70764203012114
3931	46.8281514895108
3932	46.85146715484907
3933	46.52099522536403
3934	47.83966839877212
3935	47.70202283194307
3936	46.73691655337679
3937	46.08242854180277
3938	49.3962641956467
3939	48.6736283725037
3940	47.950399270188996
3941	47.18602221530596
3942	48.57329883986757
3943	47.73863696078827
3944	46.56684105903767
3945	46.953783106815266
3946	46.904915470120244
3947	46.296948691082434
3948	47.78517078254581
3949	47.479001463180985
3950	46.244358610305284
3951	46.968578266318936
3952	46.19986274404033
3953	46.645370582272534
3954	46.357540493660146
3955	48.21412879889159
3956	46.418782333509256
3957	46.36693064893965
3958	45.19891722872574
3959	48.396443800099746
3960	47.46051634373317
3961	47.81092833638264
3962	45.91149285928099
3963	45.34011679185221
3964	46.424323884214175
3965	45.948097847414
3966	46.88410088634584
3967	45.77116005169466
3968	47.61481613220841
3969	45.896624619587115
3970	49.52425105616551
3971	49.483704372981
3972	48.05437053723891
3973	48.323928733412906
3974	47.39127609529372
3975	45.912133088578614
3976	46.916826869326655
3977	47.191904988847206
3978	47.01202715690948
3979	46.640461968696
3980	46.04852752876052
3981	46.149614561635744
3982	47.92698511718152
3983	47.471105341235216
3984	48.0449359584701
3985	47.702708626921854
3986	47.59503625363266
3987	48.30267108229347
3988	47.874209354642716
3989	48.93496173307716
3990	46.39196633120408
3991	46.20666720329651
3992	48.48674397325258
3993	46.575283085762585
3994	48.594814943813326
3995	47.46281832764404
3996	47.70891883006257
3997	48.162210824158805
3998	47.65273537727536
3999	47.56322151333962
4000	47.15664665682071
4001	47.18500759459
4002	47.77783564059835
