0	41.810329348061266
1	40.52531447838075
2	41.35207557547289
3	44.37537426721928
4	42.94265349911024
5	43.113287488975836
6	41.54136873441765
7	41.73130220269447
8	42.18334979962673
9	42.8612554740349
10	43.403799804213946
11	43.09885729637196
12	43.16310751403499
13	42.02592807802926
14	41.96239372421488
15	40.694309163641016
16	42.58244348473222
17	43.810190239124175
18	42.857007654590355
19	42.59385395731827
20	44.22932375481359
21	40.688794840625455
22	41.44740215682391
23	40.63972689725166
24	41.82246986103251
25	42.84496529381309
26	43.55056589318546
27	41.48493312497693
28	40.767195643783715
29	42.35722547178642
30	42.1313815446293
31	39.82150262169756
32	43.10838543141165
33	40.72263306435864
34	41.95805064769147
35	44.210179932287026
36	45.410168293169946
37	43.79762430215695
38	41.078636198640226
39	43.72128352554173
40	42.704064421432506
41	44.071562623947365
42	43.14691826713027
43	40.11254364283357
44	41.9084383258192
45	42.162826518961644
46	41.10369650354205
47	40.205199769871484
48	42.84083124290087
49	40.92239799124267
50	39.94891502587976
51	40.88423218489637
52	42.91200161632558
53	41.57593894917982
54	41.037852894621444
55	43.30245160646334
56	43.8696333119401
57	44.67298876129811
58	43.06148362289643
59	43.23520712972274
60	42.56229859847397
61	41.35183739578685
62	44.667013295885674
63	42.26841225300385
64	41.85212922546122
65	40.94646928005987
66	42.065112469652206
67	43.598197462334234
68	42.09728996939228
69	43.804458915217175
70	44.28385754795874
71	44.47024587072195
72	41.92347868929588
73	42.49463159284501
74	40.80437397135953
75	40.2684490215328
76	42.26436705802462
77	39.3933466633704
78	40.17564682517278
79	40.20051447994656
80	42.01538919874551
81	40.76983419805755
82	40.03952000081626
83	41.82923458508632
84	38.4018494265507
85	41.529785428244416
86	41.507518248890605
87	41.84890570051336
88	41.37803233095605
89	40.19787730915789
90	38.88425624531438
91	41.063427119916895
92	41.59428098697357
93	40.783778963363524
94	41.520627550802
95	41.758101390103455
96	41.44606625506142
97	42.44893100056789
98	40.47114305772661
99	39.641373832720745
100	40.869743218233126
101	42.8700244843707
102	39.234410436982884
103	41.02916161209338
104	40.712993750902534
105	40.72815889807865
106	39.32903437410316
107	40.86659201523606
108	39.46738649568111
109	40.83109859444935
110	41.312065969110904
111	39.83829767284888
112	41.07943615487955
113	42.161545391352526
114	43.54409503635108
115	44.02317837441384
116	41.925150420244314
117	40.450625480957974
118	40.3731368266581
119	40.78632629081107
120	40.31642973947236
121	41.11826967759171
122	42.4704206761227
123	40.7356507395547
124	40.124507764694485
125	39.53608564825523
126	40.35508654931496
127	40.34849932839105
128	40.54506708713247
129	41.40193754950624
130	40.01697880781448
131	40.43920434726977
132	40.26182292400456
133	43.86621408741611
134	42.22366971141101
135	41.11137097921268
136	40.274895859828895
137	37.806241622071035
138	41.798995733756186
139	40.69537362546367
140	40.84884978769425
141	41.974910991757156
142	43.21843509360968
143	43.67971421603066
144	43.632582536301555
145	42.48979558317615
146	41.804587702734764
147	40.99268983135745
148	41.33052166615088
149	39.757919381212005
150	41.28144352842536
151	41.166192330881266
152	40.45407725061981
153	41.89794548165492
154	41.949970500303166
155	42.99202158750612
156	42.98803830164219
157	42.31332482764977
158	41.64439575617413
159	41.22735643176051
160	41.05480031094921
161	42.2663754808635
162	40.46924574832731
163	41.77879951837672
164	42.940592018114955
165	39.38504479035402
166	40.886040922251546
167	41.62300414429307
168	41.95066212849695
169	42.752199923382136
170	41.52801129732412
171	44.009406025296244
172	44.16382067884103
173	42.690035888397944
174	43.211967952646944
175	43.22160704955126
176	43.105020601224616
177	42.199454234483355
178	40.617947066603485
179	40.539360274302474
180	41.43456828435331
181	41.14711699232385
182	41.022447664175004
183	41.71582953553432
184	41.100477985975786
185	39.95765646947147
186	42.293992233069794
187	39.78275374577399
188	43.25236622388697
189	40.14359656554608
190	43.47095984379906
191	42.270350892309736
192	42.890969754014904
193	43.007900470620825
194	40.90642575341361
195	39.6192985120845
196	40.93343087217064
197	40.32098549702978
198	41.042683246875086
199	42.69922531273624
200	42.17674412561862
201	42.260307576354144
202	40.214279329889095
203	40.88697072349493
204	41.215068223460214
205	40.4489878913102
206	41.54619270033525
207	40.20626683688645
208	40.324780806502666
209	42.17414668362056
210	42.4778865017756
211	40.501580706753344
212	42.09007507618007
213	41.44121413105473
214	38.99628519665721
215	39.869545898508754
216	39.83004108181803
217	39.75809527736828
218	42.06058442686732
219	40.44061424768178
220	40.74223345509238
221	40.24086596607248
222	39.031094542555486
223	40.50341804879489
224	39.97080518717139
225	40.24457357088025
226	40.52630841254242
227	41.48698817913254
228	39.29886399707868
229	39.347885546624894
230	40.79930898828829
231	41.614535736380795
232	39.433448804460305
233	39.40578365273089
234	42.503001024555616
235	42.17087125728943
236	41.78823214453509
237	42.013586193695
238	42.73226826510385
239	43.76748063140998
240	42.9144640518319
241	42.30492945501884
242	42.725768373360786
243	43.28532074227884
244	42.53561797161518
245	42.85709723452912
246	43.61370091848472
247	42.54000637892824
248	42.112378713815694
249	42.23680465507534
250	40.30372129481564
251	42.473247612025055
252	40.48917376570274
253	41.52453179702636
254	40.3247477016252
255	41.12969095667401
256	42.38287421795105
257	42.21421279441782
258	40.2564084718583
259	41.76386414155285
260	41.35131225562444
261	41.83252403311929
262	41.2755426899137
263	38.90539876547001
264	41.65984942846255
265	42.28136432308814
266	41.71433977106952
267	41.5286603850478
268	42.3591248274034
269	42.53184492668771
270	41.32861091892584
271	42.412851815757854
272	41.642739927158615
273	41.69398680580149
274	42.01981508129896
275	42.54810450165202
276	41.61330227657812
277	42.01128523287463
278	40.64217742199184
279	39.67859269956434
280	41.95321964197286
281	41.15250488292035
282	40.410991745199944
283	41.95198098694189
284	41.938735309863745
285	42.98993974060316
286	39.89821943188008
287	42.706463957723265
288	39.701339385003934
289	41.76311230839979
290	41.66419227526947
291	42.83139055813424
292	41.061058437885265
293	42.29701159400224
294	41.960636386724445
295	42.83636983433329
296	41.41192212950603
297	40.93340198379458
298	41.29814698395454
299	40.011054839163684
300	39.098993925275686
301	42.72104003760068
302	41.53149069663631
303	41.82179799009685
304	40.495438850707224
305	39.97033264284084
306	40.64210592227181
307	42.06559242085539
308	41.767483079153635
309	40.56020785282251
310	41.17124539524093
311	39.657404233218244
312	41.72126512637879
313	39.22448095398603
314	43.57579253767841
315	42.003525872845664
316	40.126094439189956
317	39.17978596672633
318	38.95369317934229
319	40.595425929383296
320	40.99068488426355
321	38.981788745817866
322	39.831736352323254
323	39.07378606233527
324	42.05859603990257
325	41.266558718262004
326	39.760740165944576
327	41.27800475201288
328	40.46107926928062
329	39.24960271457174
330	39.00602498824494
331	38.69620929097527
332	38.40252870336958
333	39.913400823424006
334	40.19364465286387
335	38.09821488145684
336	39.049485856606005
337	38.91704429071169
338	37.884140754908415
339	38.83627331633345
340	38.25411222116712
341	39.63670082164637
342	39.94391969579938
343	38.56236268512811
344	40.8740910263063
345	41.415024679496554
346	40.960462426893216
347	40.668798245964076
348	40.243331314174654
349	41.79260487043898
350	40.48570134948964
351	40.37791349453935
352	41.38062249020553
353	40.92610264047473
354	42.66689618913663
355	38.368611170711766
356	40.590930493449875
357	41.06837353202795
358	40.996549269114944
359	40.42048161869676
360	39.94766058888402
361	38.569729297156584
362	38.57107225560817
363	38.002619731130444
364	40.79190681094876
365	41.446653426529174
366	40.08130390096018
367	40.226259162368265
368	42.35149710225666
369	39.410254176166205
370	39.2706471781108
371	41.658239099969265
372	39.24221046639773
373	40.484987538324134
374	40.645375382348604
375	42.35256676894915
376	39.74986635030227
377	42.08528499170363
378	42.34689908131368
379	42.331883992286976
380	41.018342681194234
381	41.424025900569625
382	41.62391528451397
383	42.41735141646073
384	39.32896876482147
385	40.5183301098608
386	39.01880165878731
387	40.26385906445428
388	40.35153202242109
389	40.48685371134185
390	40.59866615730943
391	40.264492884847904
392	41.95687752120167
393	40.67665466204456
394	43.24275151089502
395	43.206053378771934
396	43.921496761480164
397	39.36495165748411
398	39.78548539408271
399	41.24574046500743
400	40.149118880439715
401	39.22291956620087
402	43.82867962256095
403	41.51458168914627
404	42.175098453496815
405	41.15348639096019
406	41.285785523991144
407	41.73851147156212
408	42.67452625371744
409	41.977608873481934
410	41.42644513322299
411	42.69392611260962
412	42.99981244075218
413	41.53240126227217
414	42.53929136791626
415	42.32167620921897
416	42.76934879775848
417	40.546523601053316
418	41.37611843029597
419	40.71325884916096
420	40.7581579106343
421	39.685827774348105
422	38.392636227642235
423	40.86193174942993
424	41.855563393464934
425	43.44706164423096
426	43.344076655806994
427	42.056040132611585
428	43.36830153648466
429	42.38241463885187
430	43.9379682095836
431	42.94689383594299
432	42.58596265706201
433	41.959495721444306
434	41.301042451548774
435	41.79234442691689
436	41.923935113084816
437	44.012166423895586
438	38.930949700760905
439	43.394668195083305
440	41.53622054800105
441	41.780636869416874
442	40.589512242594935
443	40.63763288182717
444	39.64503703561657
445	43.31547935916074
446	41.21158105612602
447	40.55207307749713
448	44.603593603645855
449	40.27857606004693
450	41.64158549464907
451	41.932394822234876
452	42.385350367526335
453	41.74165606082268
454	43.151101866349364
455	42.718985223205465
456	41.08318091058229
457	41.13152579563315
458	41.62056757017564
459	40.567448420372905
460	37.844769349739266
461	38.77229099203705
462	41.05612564778694
463	41.79740395672201
464	37.2346454973173
465	39.23604632661646
466	41.055230887198235
467	42.13159395224225
468	41.48457634397838
469	41.859453759140045
470	39.10894391269057
471	41.580895857346874
472	42.557443043357864
473	40.85423617078314
474	41.204723091464864
475	43.22436967258885
476	40.69493841166585
477	39.804685230380485
478	40.459594192758445
479	40.08847614233897
480	40.29138293738826
481	43.124178115854114
482	41.964683391078815
483	43.93420832725466
484	40.560925087704256
485	40.05135777600054
486	38.77555545897156
487	40.33147725362091
488	38.8262425197382
489	40.29115936817702
490	39.47841299304883
491	40.50562744764334
492	39.57049195494537
493	39.78797441826899
494	39.346546124035484
495	39.75173405137463
496	41.430419820727046
497	39.67844371087256
498	41.734359051328454
499	41.23711477970173
500	39.992603644341045
501	39.771951832781774
502	41.39959183286077
503	41.31020064360556
504	42.598251277169894
505	41.27155184301591
506	42.10242417209605
507	41.07165518315535
508	42.837114120339585
509	41.23086368944087
510	42.30840957644644
511	42.61751091659638
512	42.93326849023306
513	40.6273295501159
514	41.167307463926406
515	40.29156079523591
516	43.879154843702366
517	43.53898816947887
518	40.23193616101258
519	40.936657027168835
520	41.60031579027313
521	41.0978708728475
522	40.91452019265119
523	39.463192385818495
524	40.838595032629485
525	38.95318349966612
526	40.3189562614686
527	40.504796570500005
528	41.305622113008006
529	41.069632716309755
530	40.68851814406044
531	41.6971377771878
532	44.026790417495846
533	42.6169212715092
534	41.8884567279351
535	43.64573791904688
536	44.75053310305138
537	40.625061673623705
538	42.17414575349585
539	41.89542943913548
540	41.97764564557769
541	40.47993673354422
542	42.08284187206958
543	40.65319508319034
544	40.9077762387858
545	42.22499992594436
546	40.91935206235851
547	41.59389163998306
548	42.233982709783284
549	41.98658703945565
550	38.79743504986517
551	39.94963672775968
552	38.86022937806896
553	41.36445112899396
554	39.608855416647145
555	40.56977624013137
556	40.76819961353469
557	44.13765157377601
558	40.58039836070157
559	42.298463275759346
560	41.136147238653656
561	40.683883102025625
562	41.68223725094109
563	40.752036271441526
564	40.044329053765296
565	40.94796551105249
566	40.86228585327263
567	41.33257294040937
568	40.21005545844499
569	41.45748620186197
570	41.24291660766247
571	39.81040481021167
572	40.712923774634014
573	39.783495554942505
574	42.344906043899414
575	42.94419683699156
576	42.99277142114216
577	43.36990464937428
578	42.1103447614932
579	41.15119218958788
580	41.487775154567714
581	42.719348708371484
582	41.484908968473384
583	42.329739770300506
584	44.21729805600091
585	44.34657844048143
586	41.70130002842433
587	41.52088916946203
588	41.59962527105777
589	42.09781143828676
590	44.23788423803304
591	40.53805692273197
592	42.386821357929826
593	40.089680648061034
594	41.540890333855494
595	41.272485932556094
596	40.014733890686614
597	39.55354879307535
598	41.344029224071086
599	40.70446446882932
600	38.560005560306124
601	41.5209167791147
602	40.64863090601859
603	40.97050787119501
604	41.32562863617209
605	40.97608399039169
606	43.316893246134754
607	41.8103797215185
608	42.999177362456834
609	45.3649777899128
610	44.08919277381367
611	41.6051348348494
612	41.42031910952973
613	43.32797770372489
614	43.41187063056983
615	43.07386999850291
616	41.614349176956566
617	41.99188997300844
618	40.08350337348354
619	42.04301351730436
620	41.334265383707674
621	42.85824776946385
622	43.3485604834267
623	43.8533415592109
624	43.713003355563714
625	42.23064396029955
626	43.33635120329934
627	41.66503337317691
628	40.618561560922764
629	41.34024249081516
630	42.86060241001272
631	42.8849890545038
632	43.2166053386648
633	41.926943897202655
634	39.08053967627503
635	41.13524001844417
636	41.74777534003361
637	40.75956024391774
638	40.541907608601456
639	39.56379677382057
640	40.87436532209103
641	42.01776749593033
642	40.760622409438696
643	39.93602905662274
644	39.4440596447478
645	42.45617186084167
646	42.776126237521616
647	42.05679245458595
648	42.65788665884539
649	44.215485723871225
650	40.542955080729335
651	41.60625819991279
652	41.992622217868124
653	41.075283999933724
654	40.68427445920171
655	39.15868195539827
656	41.107649090345305
657	41.67239592557315
658	40.32164910555267
659	39.52266568646194
660	40.79128190273437
661	39.54112011402625
662	40.87956942767427
663	40.198311536806955
664	40.84850402835069
665	42.518210582657
666	41.02032351198038
667	39.30694097953732
668	41.58686939073805
669	44.027980149214294
670	43.25498731094592
671	40.27147152082948
672	41.89767314962344
673	40.32938338926175
674	40.40126551251351
675	41.93456638227223
676	42.08696841785265
677	42.6476444297086
678	42.233738293520176
679	40.42567422021446
680	41.96717332250971
681	42.58670888112955
682	40.695624317891635
683	40.63188793785384
684	41.70342551542508
685	39.983285382128976
686	40.78271418044866
687	42.831013097000245
688	40.61681599088809
689	39.91301215511482
690	42.82969792187593
691	40.019437458058356
692	40.82268429216066
693	42.44319191860698
694	43.716197882024154
695	41.716491141066506
696	41.946155313801874
697	42.608157052602266
698	41.848910685689845
699	40.68752318598419
700	38.17355257029146
701	40.34106198272788
702	40.812994074766316
703	42.085857731158576
704	42.89228032910022
705	43.73442099206948
706	43.26683818512534
707	41.23959045858203
708	42.82865748290404
709	43.10424133262726
710	41.51916416651667
711	40.32651237854136
712	42.38667894982245
713	43.22058816007069
714	43.11324484049972
715	43.233663054064095
716	42.312420741302965
717	42.68175828398649
718	42.484814077160536
719	42.074848637818754
720	41.3252281623182
721	40.7647918165182
722	42.07905873890558
723	40.47699834398591
724	42.26060865634532
725	42.19693192104302
726	43.16842622824387
727	42.98089412412514
728	41.47651883010558
729	43.85212435360935
730	43.5272271302848
731	41.70794987343313
732	40.862894528694504
733	45.31035387510788
734	41.15999902298723
735	40.87493349952223
736	39.25076822682282
737	40.83422564014883
738	39.40238896474176
739	41.0421083596448
740	41.465066636149395
741	39.17583339289884
742	40.04801867626821
743	44.16050348502026
744	44.32463087421217
745	41.71929570634255
746	41.73535286228887
747	42.106309562439534
748	42.61451783322109
749	42.6679004046032
750	41.510552440787535
751	42.676519416469105
752	43.243266865943646
753	41.73937852719285
754	43.269849486259815
755	45.55683854628293
756	41.86084753235273
757	41.66818542520994
758	41.07593524032712
759	41.743597900889114
760	39.81269381189499
761	39.39125860955495
762	40.29615507746939
763	40.81308057650423
764	39.88230682477663
765	38.42793038685059
766	40.32377245096309
767	39.51512956170125
768	42.119352585343634
769	41.31104722163525
770	41.72537833976053
771	42.30862370384871
772	42.7567253754515
773	40.511968058924516
774	40.507746896062
775	42.22930897615084
776	42.01382456683627
777	42.76882290562036
778	43.537874855373836
779	41.32706805261503
780	39.02563366273406
781	41.05424565686927
782	41.29518108025793
783	43.858155384403425
784	39.71308421435133
785	39.80877610847041
786	40.96560719178967
787	42.1265182729149
788	42.50354078906018
789	42.418392971276205
790	42.173870626731556
791	41.838792456363166
792	40.06434047189677
793	41.372903885056886
794	40.58530002207728
795	41.333862423006885
796	37.476321146226944
797	41.84239194020475
798	42.94532622885504
799	40.65665853902874
800	41.57845288291399
801	41.73993253694768
802	40.18183230971587
803	40.239149421658205
804	41.6008030511145
805	42.47964065931842
806	41.49273367206441
807	41.77347377169789
808	41.369659495688396
809	41.43529721223844
810	43.78474883830936
811	39.94631938998812
812	41.875139821205806
813	41.798009937051326
814	42.651023126392374
815	42.21588487956649
816	40.26143280547601
817	42.0720183651325
818	42.34532069351134
819	41.311233011631835
820	41.625155009573305
821	40.80903621516847
822	42.16764526718594
823	41.69099903014137
824	41.365253068441
825	41.8997633231904
826	40.8959084265892
827	41.000718502433095
828	38.74855115019538
829	40.75219701926978
830	41.55486414390126
831	42.13950166841733
832	43.48849028476424
833	40.26793794687339
834	40.60269847949207
835	40.46029020440667
836	41.49044994556089
837	40.368663316480216
838	39.30174778551079
839	39.33812043375904
840	40.36123138791556
841	37.69827540472124
842	40.529513268343266
843	40.70718545604558
844	40.251878130385826
845	41.72394579772004
846	40.658699911530476
847	40.052171099229675
848	40.338548540096006
849	41.11935250241899
850	40.22307619005164
851	41.95508876023076
852	41.295987629997626
853	41.74286569733598
854	43.223020228697095
855	40.81645523979556
856	41.74032038425182
857	41.954113690519364
858	40.233650422437584
859	40.009710730264224
860	41.82822886905871
861	39.71483387927577
862	42.54543155899269
863	43.008962524579196
864	42.105373865585214
865	39.56773637936067
866	40.2195419066706
867	43.976201482434035
868	42.70441184646378
869	42.88249066117163
870	42.1239022259159
871	40.58516186233756
872	42.21666366164534
873	43.419989944672906
874	42.29482379753531
875	42.36500298800125
876	40.219569856939394
877	39.96647359601905
878	42.55976755320823
879	41.42016184958751
880	41.61410750270458
881	40.94016781540754
882	41.27498584234025
883	40.4814623488886
884	41.44678336532166
885	39.435187957272895
886	42.09113587714891
887	41.61329366640671
888	40.96385202920531
889	39.464195886018906
890	40.8417461464474
891	40.483528521572566
892	38.962994288170066
893	40.75522892031028
894	41.298820072302625
895	39.822646638146466
896	39.09830836978188
897	39.737156726812515
898	42.22596007769456
899	42.59035607607901
900	41.18228251488149
901	42.214463585754416
902	39.724036703808714
903	38.64001209154991
904	38.818816139652746
905	42.08144896317232
906	43.92900544404972
907	42.22515926806628
908	42.162701477002614
909	40.45000819202226
910	40.61368836247763
911	42.92195686182467
912	41.96611797197421
913	39.66497712172834
914	41.64850194338063
915	41.43952316231954
916	41.20939774909906
917	43.73588620525003
918	40.63498230352639
919	41.12244364597332
920	42.01528589091886
921	40.14341799180786
922	39.60451780174482
923	40.15710655867352
924	40.93264729658518
925	39.68138392357054
926	41.5866898037767
927	42.40916967075366
928	42.64805919637343
929	43.82950661090847
930	42.2424723816168
931	40.55124524857879
932	41.425018955622264
933	41.99341497894172
934	42.15542580184255
935	41.8104428765197
936	40.40794229995511
937	41.00784380552686
938	39.54934194281199
939	39.661417878098405
940	40.13374791632757
941	41.91247579066622
942	41.10671442269977
943	43.492950476399905
944	41.43410191133918
945	41.993022633755864
946	40.46759452032237
947	40.992414345489415
948	42.65552840637748
949	41.06621681116282
950	40.623612632815
951	41.140578417993076
952	42.83205083413233
953	42.72524905165938
954	41.497177287799445
955	42.041682211723646
956	42.13768818474593
957	42.702066315067434
958	43.12474118108436
959	43.82760376209177
960	44.33692691037856
961	42.00643832983498
962	41.44262023922846
963	40.70443813906317
964	40.52897280720542
965	40.47938599813174
966	41.717995331832476
967	40.9199314006487
968	41.27759642522739
969	40.74316139821242
970	41.298109028388495
971	41.28375463855717
972	41.55810270382661
973	42.340263511814996
974	42.7158275171933
975	44.44455931040059
976	43.03137608817683
977	41.661609634187144
978	43.109324515022834
979	44.312498916177255
980	42.69497527627672
981	42.82023022730865
982	43.55843615381948
983	40.9280108249626
984	41.36473185503491
985	40.52295494015776
986	40.01665181544406
987	40.31416577947032
988	41.64343705361063
989	41.130304095456616
990	41.79210365941009
991	42.713527774329805
992	41.04207527900481
993	41.66479468334459
994	40.511649044679025
995	39.715425184294865
996	39.56232600985173
997	41.129025442681396
998	40.08739823767644
999	41.62679377333443
1000	41.268148249197374
1001	43.97268183726277
1002	41.78599987475522
1003	41.01388643311207
1004	39.14890609002149
1005	38.74335749540663
1006	39.09029234060338
1007	39.55671960855411
1008	40.38201332829131
1009	41.62479261248567
1010	40.48950141928694
1011	40.74116527725448
1012	40.82602127058448
1013	41.667993418631774
1014	41.90894595544534
1015	39.319307604208156
1016	40.846008603317266
1017	40.81184893095826
1018	42.167527686135
1019	42.7755479228146
1020	41.41856800962392
1021	40.92492522172051
1022	40.4564272467579
1023	42.59165892445871
1024	40.93638945407855
1025	41.96502451176965
1026	43.758890368969375
1027	42.401400962067754
1028	43.51152833145085
1029	43.01204495293098
1030	42.79417205278509
1031	41.645208709961054
1032	43.3149429821836
1033	43.50900511266958
1034	43.46303683057941
1035	42.025267973810536
1036	42.090276359686754
1037	42.93428041222038
1038	42.66289287602499
1039	42.552384078308194
1040	42.42342763838431
1041	40.051771794794625
1042	41.16294692656172
1043	39.602943630997444
1044	42.30336437963376
1045	41.3476977575919
1046	42.39879499722615
1047	40.90715248156735
1048	38.78319119169559
1049	41.980574249150685
1050	41.45692824381834
1051	40.89281434517788
1052	39.580228173869074
1053	41.265093504060744
1054	40.64538808853872
1055	40.38836043672197
1056	37.99546015545957
1057	40.62395393652539
1058	42.284202850847834
1059	43.9257086017319
1060	43.54872430823955
1061	44.197165680064565
1062	42.4550091973007
1063	42.433726866350455
1064	39.53384616619271
1065	42.10153744953108
1066	42.51243111562733
1067	42.32815283359689
1068	40.720289492867856
1069	41.061320065221466
1070	43.725330480878235
1071	41.5289115121341
1072	42.87666950938112
1073	43.89719039058868
1074	41.20610165792541
1075	41.81142780191746
1076	40.287287924836455
1077	42.633542474991124
1078	38.941137423249536
1079	41.66784197694546
1080	39.71462821352376
1081	40.310179214368205
1082	42.321034263614294
1083	41.03098613162728
1084	41.07082359125584
1085	41.94723662773407
1086	39.318208065837304
1087	40.53845358174211
1088	42.41882378092237
1089	43.787396982136215
1090	42.18880078054601
1091	40.649029298708705
1092	43.96123036661345
1093	41.925060429871145
1094	43.085909079592014
1095	42.72846190705268
1096	42.631136282496676
1097	43.10433802545492
1098	43.52777123599411
1099	41.50179421886994
1100	41.6766492395593
1101	41.97024446890788
1102	42.81311904768631
1103	42.82102357780778
1104	41.32482023724506
1105	42.579966667304596
1106	45.32047402245288
1107	43.555865262124016
1108	42.42827115362843
1109	42.8005762927742
1110	42.36007509901833
1111	44.47370540859888
1112	42.0421946373166
1113	41.36402504822735
1114	40.96161523143532
1115	40.69174771720195
1116	40.11318883047062
1117	40.8836033073434
1118	39.49672200009178
1119	38.79720357513166
1120	40.43241405259341
1121	41.852461269001395
1122	41.46565970317893
1123	40.493329148233244
1124	40.9788839150285
1125	42.573734811203316
1126	42.65687645699239
1127	40.71580034098455
1128	42.37221186380452
1129	39.179623346384986
1130	42.402240113797056
1131	42.54281649796239
1132	42.57793463659038
1133	41.63374214871921
1134	42.699272521234995
1135	43.07286146659851
1136	42.28261508203439
1137	43.92043831398833
1138	44.11937010172968
1139	44.60881168627887
1140	42.77500606519273
1141	42.87353408562362
1142	43.323077631359894
1143	43.59664324026605
1144	42.620466638295106
1145	41.25869774435939
1146	43.19458732741903
1147	45.007259664598195
1148	42.66586168833147
1149	40.01736923177523
1150	41.476805267901206
1151	41.575391605883055
1152	42.646859050672916
1153	42.17204064668924
1154	40.47549621209779
1155	39.2093547099032
1156	43.37172834125109
1157	42.46069394368032
1158	42.836985507166865
1159	41.141048805861814
1160	41.64314474442483
1161	39.305777130076564
1162	39.99882123902459
1163	41.26829432150625
1164	40.32051243689042
1165	40.081093465889
1166	40.84705933474104
1167	42.18907198568264
1168	41.606679789689444
1169	40.81051479318262
1170	39.79538113104634
1171	41.24468865531279
1172	41.49447086208945
1173	40.36259888578966
1174	41.39768925361823
1175	41.31316868946771
1176	41.11368158338598
1177	41.90788412711836
1178	40.00362773397745
1179	40.20748654348346
1180	42.15417625486942
1181	39.484613419137474
1182	41.65918170337669
1183	42.62787527955999
1184	42.4763771068573
1185	41.97604949588552
1186	43.12211172529814
1187	42.73663610598449
1188	42.0447395255451
1189	42.96125239237362
1190	44.423045247483806
1191	43.331586366440725
1192	41.67371444810324
1193	41.787467879843746
1194	42.97278222397171
1195	42.595703712793714
1196	41.97095618370645
1197	40.69201271414242
1198	39.750792274841054
1199	43.252486783874375
1200	44.739930437713554
1201	41.84316330507396
1202	42.30374058795449
1203	41.74363858454552
1204	41.30214686416257
1205	41.325981022068284
1206	43.6082545266966
1207	41.82182761533873
1208	42.90176087670778
1209	42.15429396754239
1210	43.84278734053576
1211	41.009417261270556
1212	42.72184395089163
1213	44.03386081290784
1214	43.83378480000519
1215	44.232435153652155
1216	40.059554176563054
1217	42.20481791172013
1218	41.43595974324397
1219	39.352302964773365
1220	39.98262853773216
1221	42.975172879416355
1222	41.67431783754568
1223	39.92834237060055
1224	40.45835777462227
1225	43.94179764889869
1226	41.560419291352446
1227	39.8759285645535
1228	38.58166425057059
1229	37.674440878183646
1230	40.228086030903135
1231	40.28103755453219
1232	40.428479853226825
1233	40.98224337994809
1234	38.877113228012455
1235	39.08140678545888
1236	40.061409384337196
1237	40.90495606424
1238	43.305136371663906
1239	42.576699616089996
1240	41.194381239519494
1241	41.23184394539938
1242	41.79067134910184
1243	41.328884482196635
1244	42.03411134639425
1245	41.75174536258015
1246	40.527085600553406
1247	42.581400355337536
1248	42.60078797421832
1249	44.15886362887223
1250	43.866240368713626
1251	42.154430217383684
1252	42.57576390399947
1253	41.71307508805657
1254	41.61679091558027
1255	43.745631254696164
1256	42.62356735039708
1257	42.59794182771685
1258	42.69206186773756
1259	42.38798126633123
1260	40.74278193067837
1261	43.4964378129768
1262	43.586476585802345
1263	42.664778714304816
1264	41.642061832659415
1265	41.70312228153208
1266	41.42773171279353
1267	42.95769558258088
1268	42.339804526910264
1269	40.31374517266859
1270	40.93038640011103
1271	43.45400780949772
1272	43.18686370416165
1273	40.11580817347199
1274	41.28724780298515
1275	41.55455343417444
1276	42.1276524972059
1277	42.307440907040366
1278	42.44013811999073
1279	41.008977474680464
1280	42.613181460112685
1281	43.117114817540795
1282	40.867440691099496
1283	43.21628892247585
1284	42.56943231165122
1285	41.94219677265282
1286	41.256031266523074
1287	41.975310421898975
1288	42.745017376372516
1289	43.58610722854889
1290	41.30149497909839
1291	42.88973639531722
1292	42.326431307764416
1293	43.1025133369728
1294	42.00781179838576
1295	43.495742846119
1296	43.14352239646292
1297	41.078759120458415
1298	41.59628471498332
1299	40.971034347716326
1300	42.00349239659553
1301	42.28855480604234
1302	39.67854989171219
1303	42.35287289342673
1304	42.39825915056741
1305	40.617241208764035
1306	42.470355960437516
1307	39.76912087124124
1308	40.00542149931168
1309	40.78719692126507
1310	42.11362729037994
1311	41.969926042486236
1312	38.369631411954735
1313	40.50950223526458
1314	40.97092226569271
1315	42.40450835602415
1316	41.49621929593923
1317	42.01313034452138
1318	42.08772952003693
1319	40.0760425890905
1320	41.9052476913546
1321	40.90770245878576
1322	40.83613120459429
1323	40.340213625768456
1324	40.90190052460717
1325	41.47481618373033
1326	43.444311835950785
1327	44.41399371369735
1328	43.50882273774255
1329	41.1981395380072
1330	40.29535592713126
1331	42.48725616006366
1332	42.67247236091909
1333	41.90924855131169
1334	39.30635806000116
1335	40.61828070751632
1336	39.66834772138675
1337	38.561957970840346
1338	40.849452205812156
1339	39.195538874572485
1340	40.51292263022594
1341	39.89831205194239
1342	42.344013020286816
1343	41.445874014731146
1344	41.91181167052612
1345	40.73524103141452
1346	42.49519863433382
1347	41.65133723648606
1348	40.44586861562294
1349	39.27372033537671
1350	39.31757259147323
1351	40.95584518437611
1352	39.66424693916289
1353	40.44901016461895
1354	40.45939443150549
1355	39.933252683415304
1356	40.197339009319464
1357	40.156021120466875
1358	41.120652058076494
1359	41.62760390282415
1360	42.199235038514885
1361	41.02427098228947
1362	40.61352616254512
1363	40.75765991559419
1364	40.58329856062254
1365	41.29577169048873
1366	41.739029261425415
1367	42.69955665867918
1368	42.61325680179331
1369	40.1213723673828
1370	42.06812538472264
1371	42.40810297338917
1372	40.21477839129287
1373	41.11005462330801
1374	41.881100652892854
1375	41.69990411643073
1376	41.18608272841503
1377	42.424693475327615
1378	42.122990040970755
1379	41.12264574804272
1380	39.025850668184184
1381	42.1217071567111
1382	39.344087870855546
1383	42.753470820944635
1384	40.5559932172652
1385	39.518948883153655
1386	40.11917288219499
1387	40.275613626247925
1388	42.238096446009
1389	42.84733718430523
1390	42.16041982337103
1391	41.89638067556663
1392	44.582896408151356
1393	42.857186504675944
1394	42.86732740695319
1395	39.638846875606596
1396	40.164776990937206
1397	39.77810329554335
1398	42.71301011427628
1399	43.19016285075247
1400	41.989645049854516
1401	43.1215671576033
1402	43.67939464551375
1403	39.20309152049042
1404	39.85883377580696
1405	41.90486420539774
1406	41.470631316738036
1407	41.41793461940928
1408	39.64474023203051
1409	42.191039086167414
1410	41.168157686383736
1411	41.138334085331465
1412	43.020348124540334
1413	40.17779537200014
1414	41.46918252266264
1415	41.175982296654205
1416	43.593174322028304
1417	44.00206314710199
1418	40.84902339530208
1419	41.67656505751939
1420	41.88811203238308
1421	43.118570964986965
1422	41.939785428697455
1423	40.539640148503175
1424	41.75307148970149
1425	42.86886129902949
1426	43.92997021063623
1427	44.89955718332874
1428	43.45494396356979
1429	43.74741203150759
1430	45.57613163518266
1431	42.66734196790357
1432	43.12392561191045
1433	42.459701431922966
1434	43.17867149961395
1435	44.350155663809616
1436	42.92471108669329
1437	41.54458256939663
1438	42.65489846174332
1439	41.64627101174221
1440	43.19022393171231
1441	39.999006371459465
1442	41.24774876686743
1443	40.470604626523965
1444	42.680426973118124
1445	43.07280272989067
1446	42.13004047552435
1447	43.058385421578
1448	44.654422276980036
1449	43.848536086894214
1450	41.7485812244898
1451	43.321234270938085
1452	43.465282708711186
1453	44.128229969453805
1454	43.05067347052365
1455	42.80057709803913
1456	43.28927404263499
1457	41.627668142975956
1458	39.95547705669044
1459	42.08243220025471
1460	42.79401849245392
1461	41.56028333632865
1462	41.407451164062984
1463	42.33400781244295
1464	41.59800694198509
1465	41.37323637202784
1466	41.840820590186475
1467	41.981183348576835
1468	41.00582938193621
1469	42.15169160213819
1470	42.10075882288248
1471	39.44757075627
1472	39.963475669607554
1473	37.80935229963216
1474	38.96191584795804
1475	41.33587967983097
1476	40.8533038294001
1477	40.733660150898935
1478	39.338320005686484
1479	41.757423050956305
1480	41.095579816892545
1481	44.8122690088258
1482	43.488783841987136
1483	41.41413552763468
1484	40.343175257019915
1485	43.052822311467544
1486	44.1040952719802
1487	42.0628866927235
1488	43.62378541082039
1489	41.08875923203614
1490	41.746667096435786
1491	43.25869939482141
1492	45.94117673309902
1493	42.156126313836616
1494	43.27913333706577
1495	41.6543013715571
1496	42.32141235710955
1497	43.64282164766601
1498	44.30508227909901
1499	41.704321295993005
1500	42.32185406445248
1501	43.49667057069227
1502	44.58423023935954
1503	40.762774972024154
1504	41.05834124395738
1505	43.37505443984667
1506	42.94118425071197
1507	43.385848584641494
1508	42.12204972345348
1509	41.11442478803265
1510	43.13678029332675
1511	41.46162265030166
1512	42.78716783557512
1513	41.578839343044486
1514	42.97526032434031
1515	41.15405024769559
1516	46.32472874396949
1517	42.58258786976666
1518	43.61093540941549
1519	42.44043118538185
1520	40.57523425692196
1521	42.13913392103858
1522	44.17995469935229
1523	41.64189501125407
1524	44.88045006230597
1525	44.38142806557162
1526	41.651494027612905
1527	41.13454184401342
1528	41.616418436986386
1529	39.59293653226684
1530	42.58996174660034
1531	42.08057713218824
1532	42.714917896338214
1533	42.270255311202824
1534	42.51991042766016
1535	41.65415420085434
1536	40.9149724804298
1537	39.65472568527538
1538	41.14551971362354
1539	42.31861025665179
1540	42.77121463294464
1541	41.544440740725555
1542	42.092823508744786
1543	43.07423771546712
1544	39.75363798514591
1545	40.65349474122527
1546	44.11075347166709
1547	42.46570245556077
1548	40.78813646665852
1549	42.38555956044509
1550	41.78885607035549
1551	40.89109850982794
1552	41.150867625967315
1553	43.92802357676006
1554	42.96252651293702
1555	41.86847821503114
1556	43.26370480230701
1557	41.73652810287282
1558	43.08884676243157
1559	43.69887843742903
1560	42.61421318160987
1561	44.05135225580282
1562	43.40653800787912
1563	41.963203582546164
1564	44.29338492270719
1565	42.27203503135975
1566	41.61119155698212
1567	42.84608941473398
1568	41.22487955555666
1569	39.87669343717044
1570	39.48602987844866
1571	41.223655170511016
1572	41.634630293804335
1573	42.187393962270505
1574	42.91931893269735
1575	40.10145743863061
1576	40.90695450449549
1577	41.49986287986827
1578	40.76531957865518
1579	43.706014056038484
1580	43.307359135879295
1581	40.324959986179735
1582	41.0045614142818
1583	41.03851133854853
1584	41.86894769128517
1585	40.336117292819665
1586	42.79320203434669
1587	42.28505417213144
1588	40.269135839692396
1589	41.718121288915
1590	41.3312590741115
1591	41.5626227894756
1592	42.347177630353684
1593	42.68144004950911
1594	42.58436168789331
1595	39.908701534696995
1596	42.82200022755027
1597	42.10090210336966
1598	42.77318554032326
1599	40.93398811595744
1600	42.10664176602369
1601	42.26989109959608
1602	41.84747197729533
1603	39.54047816981562
1604	40.941027252133466
1605	42.2112862030268
1606	40.74511392728432
1607	40.62976123811157
1608	41.05541595068615
1609	39.61672144073904
1610	40.447631611817435
1611	41.63323427100678
1612	42.26749449730061
1613	40.646651627661605
1614	41.16142379210448
1615	41.82393047376182
1616	44.7917683149052
1617	40.02418143843337
1618	40.280322308662555
1619	41.83815718681455
1620	42.436332015505634
1621	40.78469253454774
1622	40.253177883790144
1623	40.05144106026261
1624	41.25773050902708
1625	40.81851357661708
1626	41.92116215062002
1627	39.94929812279745
1628	40.607787276797325
1629	41.40859865261224
1630	40.23635459511058
1631	39.16661017583969
1632	40.79482511440685
1633	39.518060459403564
1634	40.457776816670545
1635	39.06606768625645
1636	37.13781799548364
1637	38.635307599984515
1638	39.262324073086866
1639	40.9010227885989
1640	41.21668918017282
1641	39.67208413474613
1642	39.15646085332563
1643	40.52501230495195
1644	40.953412079962504
1645	41.15821716304504
1646	40.5995933258633
1647	41.6151817830894
1648	41.246349334086965
1649	40.617336592952135
1650	40.89067849975635
1651	40.86521002347066
1652	41.51682445776616
1653	38.124488393057675
1654	40.15118012454169
1655	41.47626461565842
1656	39.46360890472079
1657	42.510220529256216
1658	40.74877895152604
1659	39.31661977104797
1660	41.95041902214763
1661	41.784109877935485
1662	40.638436104045425
1663	40.173188021434605
1664	41.8742010004366
1665	43.34022696270789
1666	42.78396616388609
1667	42.940731067421325
1668	42.130494820205044
1669	40.475864757719705
1670	39.93309198219486
1671	40.8806516751118
1672	40.618179091226565
1673	43.39564540466026
1674	43.295661481125705
1675	42.82037404341088
1676	43.249977692797955
1677	43.112939935479744
1678	41.61948205455638
1679	41.835584978644604
1680	42.338796095100214
1681	41.349029014712634
1682	41.29495268383133
1683	41.31915240697363
1684	42.234410374921616
1685	40.686988858160554
1686	41.87992619695406
1687	39.9143149373475
1688	38.60958741250736
1689	39.83045153819523
1690	41.323373618159486
1691	40.53652673770454
1692	41.73737711594557
1693	40.576142017743514
1694	39.42243993903297
1695	41.50757611307916
1696	40.30304547133741
1697	42.16649885124623
1698	40.17125779314539
1699	42.5054386151967
1700	42.47911421672528
1701	41.28297107138671
1702	40.09170316325194
1703	40.67044092501162
1704	40.97706085583334
1705	39.07445796324433
1706	41.13099340088844
1707	41.121905128094795
1708	40.974373487220575
1709	42.50203913290485
1710	39.99742841728763
1711	42.367064199298966
1712	42.50193185373736
1713	42.148201398437216
1714	40.72708278316523
1715	43.368404404211375
1716	41.29605277347472
1717	40.629496345962394
1718	43.41216873659214
1719	42.1134904353775
1720	44.07894457545255
1721	43.69782421366825
1722	43.10527268458901
1723	42.6769764890927
1724	44.069759309236986
1725	44.861052813708554
1726	42.23781332035833
1727	41.317391880716855
1728	42.43513533298452
1729	43.93318332812748
1730	41.290682450839604
1731	40.315365154447875
1732	41.81129173478869
1733	43.95884867864518
1734	42.304523809434066
1735	41.62369351471699
1736	42.34031547569544
1737	41.37048328820914
1738	43.42509856817928
1739	43.128832645674436
1740	43.98840051799653
1741	43.883701110075116
1742	42.74602044181341
1743	45.06236884125919
1744	44.03901618794386
1745	45.1910820836183
1746	41.9572811692884
1747	42.97236091257764
1748	43.63605466632182
1749	44.255781034168315
1750	42.27990969952897
1751	41.61704719035872
1752	42.29691825656577
1753	42.74017029093668
1754	42.35495527781891
1755	41.965652517990456
1756	44.07477846231115
1757	43.014914729267204
1758	42.79925831904178
1759	41.00477616957931
1760	43.33452169747293
1761	43.88124148382725
1762	42.01374696681999
1763	43.05227709864409
1764	44.155877188591845
1765	42.80771335068661
1766	44.65065204237313
1767	41.96633791803108
1768	42.53200697923517
1769	42.29877222801149
1770	41.30230207288722
1771	43.150214055039235
1772	44.767667358573995
1773	40.84240583747297
1774	42.011600688526215
1775	42.773922967203696
1776	40.000431660663786
1777	41.52400517290671
1778	40.27408438079888
1779	40.83853843854867
1780	40.783817839589446
1781	40.12926064610775
1782	40.45408859596329
1783	42.3148279465552
1784	43.1717229514894
1785	39.902574787879736
1786	42.11708313100095
1787	41.60385957802702
1788	40.04667079744771
1789	39.98737771614565
1790	41.864526645691555
1791	39.89890962255973
1792	40.4261204574117
1793	44.01429765645268
1794	41.808861391631744
1795	39.65536893912113
1796	41.71401258337094
1797	39.709855204288566
1798	41.36159350721847
1799	41.76444195735636
1800	42.101798495999766
1801	40.34835496272632
1802	40.90062831787452
1803	40.75230393463304
1804	43.40619618239045
1805	42.93216562364087
1806	43.21754061343634
1807	42.030875281568264
1808	40.662954837796285
1809	41.059369361629
1810	39.854690681162246
1811	41.34641020794106
1812	41.50776483842178
1813	39.80442167215384
1814	42.66735606890951
1815	41.40669840443807
1816	39.023720754557864
1817	41.46701325463689
1818	38.393507747684474
1819	39.59000637995832
1820	40.75547073278802
1821	39.94615045800649
1822	40.42038776806689
1823	39.61696836719682
1824	41.485488270483
1825	40.23095887820884
1826	42.56283820997096
1827	44.55173823445306
1828	42.573097481834644
1829	40.515739080408174
1830	42.216611517309694
1831	40.60431537468187
1832	40.22828572931786
1833	42.41074545638479
1834	41.59265311061945
1835	41.210301734480865
1836	42.93028973195195
1837	41.20581773669384
1838	41.24690414974786
1839	39.41327753635941
1840	40.29879931742537
1841	40.20953005549587
1842	43.3478742622776
1843	41.615129453286265
1844	42.58350890070764
1845	39.84081508065572
1846	43.300074868595736
1847	40.75972026441271
1848	43.07324098358157
1849	40.754444097580574
1850	41.8207091712688
1851	41.83499794066024
1852	41.6629086405521
1853	42.254971443931915
1854	44.24596846315968
1855	41.22645642244652
1856	39.62065876120813
1857	42.7764336412915
1858	42.29567196926505
1859	43.62784465843522
1860	42.95311598216197
1861	44.45044978218521
1862	41.4814293878475
1863	41.51959183663288
1864	43.8802654086789
1865	42.799671330970064
1866	43.32895295006139
1867	43.457272775406416
1868	41.496559403834816
1869	42.175569621936596
1870	41.454233444973056
1871	40.683799564862674
1872	41.45772417258149
1873	41.07214761879549
1874	40.619028273775506
1875	41.59368418533484
1876	40.29852873089209
1877	41.73276748756979
1878	40.83838672624154
1879	39.93881052450467
1880	41.95366231420976
1881	41.92637911606906
1882	42.4430984335766
1883	41.39139869499418
1884	43.07460646494419
1885	40.017040890373536
1886	41.425492936557475
1887	41.16091623963329
1888	41.82623183789181
1889	41.822140164713275
1890	40.461417606144956
1891	43.16082388283881
1892	38.570606474029375
1893	40.582632338596945
1894	41.876516630604
1895	40.00369983458207
1896	42.67975780768725
1897	41.96324616118608
1898	41.48353826663323
1899	41.080228953874624
1900	42.03101449621081
1901	42.86627099347901
1902	40.66295452383808
1903	41.48294103406406
1904	43.56415224064182
1905	40.337433980696005
1906	41.15488438550593
1907	41.49440008605344
1908	42.59447381567632
1909	41.195517820030084
1910	41.550023625086006
1911	40.83402984478279
1912	41.806785857859055
1913	39.177193340960166
1914	42.41050359691076
1915	42.98985540333121
1916	42.82950115882966
1917	40.90810379587096
1918	43.56279082905783
1919	42.026363206154734
1920	42.941513473709215
1921	44.22928207129056
1922	42.55313734193585
1923	42.116291767205965
1924	41.65239696488772
1925	42.91332779029032
1926	41.49500155348157
1927	42.484077690724085
1928	43.45468762886359
1929	40.75363669475787
1930	43.06817654345882
1931	40.9528674191647
1932	40.96160367043265
1933	41.40941420891789
1934	40.63506074183839
1935	40.09195993459532
1936	40.247191893744144
1937	40.25615934822342
1938	40.35862299440383
1939	39.30863490009398
1940	40.93122430838679
1941	40.5160697564421
1942	43.134912075192126
1943	43.02683371065182
1944	39.47177077720771
1945	39.89694579524051
1946	39.37867391945891
1947	39.60210563277739
1948	39.94204067625625
1949	40.51904656228517
1950	40.737020525431646
1951	41.23089428711497
1952	42.05359801010445
1953	43.76507532306711
1954	41.51915315097382
1955	42.180414211471714
1956	42.54036865508513
1957	41.16356737036035
1958	42.33518102226041
1959	38.744171861650045
1960	42.159733218433146
1961	43.196784615057425
1962	40.76155625952899
1963	40.27042057551674
1964	40.41083892481434
1965	39.69645352070059
1966	39.46114020433186
1967	41.00492129143562
1968	39.2803262724336
1969	39.80721199087889
1970	42.531353875869904
1971	40.19977426197743
1972	40.68271956245943
1973	38.51901095881607
1974	37.708216064046155
1975	39.69416871141407
1976	40.99715827205318
1977	40.81601700219465
1978	41.604626472044046
1979	41.11317740738957
1980	41.142493713877556
1981	41.15707579235417
1982	42.35105111009704
1983	40.85026529826264
1984	43.18604941532612
1985	42.530910005849336
1986	43.09022975474899
1987	42.669239366303856
1988	45.15373845068521
1989	41.67965968033804
1990	41.718861034151956
1991	40.589766299922694
1992	40.382203953883426
1993	39.68977993758907
1994	39.35411611546379
1995	41.20166947581115
1996	43.49983892590211
1997	42.42292860890906
1998	44.33765897013471
1999	43.80004369067713
2000	44.80131085822688
2001	42.14645687124769
2002	43.91903514626437
2003	41.62358889084785
2004	42.39868203391299
2005	43.13466794958092
2006	42.31704763461801
2007	44.60785223125419
2008	40.8259429783355
2009	40.98658209325434
2010	41.251497637763656
2011	39.81055593151938
2012	41.84415213728826
2013	40.98867607881533
2014	43.048238013184935
2015	44.43189376849074
2016	42.32628586527041
2017	42.5018341609973
2018	40.81701869257544
2019	43.6573301626755
2020	41.877786885189266
2021	43.3794272726234
2022	41.85522130484588
2023	41.41375843219034
2024	42.744332661263314
2025	43.57301400404567
2026	44.745255142744874
2027	43.65251044070596
2028	42.64872465095909
2029	43.711967002829184
2030	44.243817178447074
2031	42.9049119803711
2032	43.48442092249781
2033	43.92953450301006
2034	44.055709252589324
2035	42.94152170787206
2036	40.48340395196776
2037	45.86719402887785
2038	41.63166368658723
2039	41.08410012574426
2040	41.44554267438173
2041	44.170974012205264
2042	43.10657145945707
2043	43.69125095547351
2044	43.5418611060152
2045	43.74810111446406
2046	42.07486874813529
2047	41.09258718200285
2048	42.28024585309083
2049	42.848547872808666
2050	42.15596041879059
2051	42.518877751202936
2052	41.43786003122961
2053	43.799794256491985
2054	43.02156988759703
2055	42.384225411491045
2056	41.23510392834021
2057	39.0975745343975
2058	40.3206041595647
2059	38.70714555032143
2060	40.16307027942115
2061	41.046816824698205
2062	41.346476504602336
2063	41.98046081840218
2064	41.894779159873664
2065	41.15437085830177
2066	41.11265830848557
2067	43.21534046663917
2068	43.550446460790184
2069	41.21282392231651
2070	43.34599090326204
2071	44.06615230223479
2072	42.8234387191411
2073	42.224669209587454
2074	43.072137579817124
2075	41.32845779225542
2076	41.961489818643614
2077	40.77445494160118
2078	43.07235521237479
2079	40.34748062749154
2080	41.22848821899552
2081	42.7088768434878
2082	42.056394294032714
2083	41.722439723370975
2084	41.104405525327365
2085	42.43475613884936
2086	42.10207261281656
2087	43.54299077449357
2088	42.66811409865278
2089	42.834644772559585
2090	41.61599500140056
2091	43.9445539270025
2092	42.8466417797836
2093	41.82042026903558
2094	42.72769134789592
2095	42.71554169215345
2096	42.34778663388917
2097	39.22776162207668
2098	40.614307744662334
2099	42.16815326708886
2100	39.58420408931901
2101	43.00081383042813
2102	41.412922493588596
2103	43.922771486512616
2104	44.04723680299155
2105	41.90355144803961
2106	40.48266919347524
2107	42.43363841856954
2108	41.767032628126856
2109	41.06174599968539
2110	42.43482175531909
2111	41.421215127916625
2112	41.91418853222682
2113	41.90888233071594
2114	42.39141388535239
2115	41.613157536415315
2116	41.51382671238983
2117	39.29233737715842
2118	42.238051462121895
2119	40.88530237763196
2120	42.25781124117452
2121	40.42549291800913
2122	41.97277053122795
2123	42.631933831567096
2124	40.72470186361387
2125	39.10610608251691
2126	40.14731929037298
2127	39.49604194312475
2128	41.51081022134375
2129	40.383065674293555
2130	42.120913368293664
2131	40.9386989684493
2132	40.34620425840094
2133	40.300302210671916
2134	41.061640003396846
2135	40.69208581386271
2136	40.75185317903817
2137	42.345173978767484
2138	42.93809053437329
2139	41.161432771448794
2140	41.842129725260136
2141	41.21475567968906
2142	40.87310179726635
2143	40.258545093409765
2144	40.526480824372555
2145	42.07859848305874
2146	39.02633586284947
2147	39.6009509327306
2148	39.93723531975991
2149	39.710608490671135
2150	40.00642320199292
2151	42.52021521367708
2152	42.032862768312626
2153	41.564774082118745
2154	42.19174832219614
2155	43.80644671105473
2156	44.07979128287256
2157	43.910378640652084
2158	41.253658440882546
2159	41.23058647924877
2160	41.35371235736218
2161	39.87701557481621
2162	41.205373563322134
2163	41.411398809796644
2164	41.143450181060714
2165	40.76581209286193
2166	41.58530310842732
2167	41.76845200364896
2168	41.2121766436393
2169	40.54296876202401
2170	43.18719512183608
2171	40.168031565963595
2172	40.82330887419306
2173	41.25509380114248
2174	40.05912721244699
2175	40.362843300266405
2176	41.12225191047407
2177	39.34333245607276
2178	37.58795268561039
2179	38.89778178066547
2180	41.349144742512756
2181	41.685911651804744
2182	41.16906786337539
2183	44.47547120389726
2184	42.27434899737636
2185	42.91006249102884
2186	41.76146998971678
2187	41.626044614284005
2188	42.08929198839424
2189	40.80812447281787
2190	40.747928415841024
2191	42.37647483400397
2192	41.64938760938631
2193	43.81976292174634
2194	41.45816815508122
2195	42.59907171884203
2196	42.979742856339456
2197	41.10317960902374
2198	41.111004304245796
2199	41.30218974750314
2200	42.43284731830247
2201	43.083866214282295
2202	42.04760525873973
2203	42.85301083166097
2204	40.1089563405941
2205	40.50950402193089
2206	43.510206972033856
2207	40.50324698055503
2208	40.512146584189075
2209	40.34242054593268
2210	42.16859298086335
2211	39.61088774688196
2212	42.28531765855075
2213	41.58843195817717
2214	43.153744099190334
2215	42.09813327768067
2216	40.63707602069624
2217	41.489927241429534
2218	43.23566507031067
2219	40.862701225012316
2220	41.41785787245087
2221	40.24963296699451
2222	40.96866228405007
2223	39.9581238100532
2224	39.05999201082692
2225	42.78339670721367
2226	42.728034035232405
2227	43.40550078748272
2228	42.74611961257983
2229	42.85480454116685
2230	40.88611254648584
2231	42.92459399480585
2232	40.472551129106094
2233	38.277720031593915
2234	40.58521683519623
2235	41.36037108620023
2236	40.9314123255796
2237	41.33592266567595
2238	40.1336340498173
2239	41.53439718522217
2240	41.135711709609
2241	42.772504073584514
2242	39.27817461889316
2243	41.03839730298979
2244	41.20482315073157
2245	42.323874247930355
2246	40.61223117086467
2247	42.30913908060332
2248	41.09467220933494
2249	40.52225463721403
2250	39.136451450491144
2251	40.42935444674146
2252	41.58795572819333
2253	42.179423329962404
2254	38.97327538990813
2255	40.47968479888069
2256	41.4489573742055
2257	38.68797434940268
2258	42.825485481524936
2259	42.270250421278696
2260	40.613006719990544
2261	40.52616381853232
2262	39.036451229446826
2263	41.69120044213579
2264	39.51480166844776
2265	40.73586004726223
2266	40.13528966788808
2267	39.264128153942714
2268	37.349293591102295
2269	38.54027352438952
2270	39.12162207661901
2271	38.62239429473141
2272	40.342619507857286
2273	40.07685187555987
2274	41.78187002008762
2275	41.83083925758584
2276	42.26111913215407
2277	42.27705642446752
2278	40.22128750072662
2279	41.68496498629231
2280	40.66608687374846
2281	42.025817295977745
2282	40.85873653870648
2283	42.396656912550256
2284	42.80651496191079
2285	42.78021263292033
2286	41.929628407916724
2287	42.332175566304585
2288	40.84839381801492
2289	42.4220338611785
2290	40.04584494655193
2291	41.36212217410238
2292	41.61919046739488
2293	42.569449200331576
2294	42.88300564850413
2295	42.25560852984326
2296	42.16658212145658
2297	43.78829585108108
2298	43.90509501905353
2299	44.25825799045581
2300	39.926661109989844
2301	42.43144902167222
2302	43.283189360773946
2303	42.3415634245415
2304	41.68696487473706
2305	40.103834144714526
2306	42.46930799556561
2307	40.940764977731476
2308	39.66695897248565
2309	39.97765216042666
2310	42.24552276856076
2311	40.525552745582125
2312	41.35105856896223
2313	41.0073156484526
2314	39.9933758836425
2315	39.01299094016604
2316	39.30613513822463
2317	41.724092537938084
2318	40.180213627996395
2319	40.63100798694283
2320	38.858294301924204
2321	40.5294066154558
2322	40.43172429740202
2323	40.72257352598802
2324	37.74625723690504
2325	41.316387530010466
2326	38.3753472962287
2327	40.460326620572374
2328	39.70575656326623
2329	41.60942837756534
2330	39.390440831614356
2331	39.03043167233312
2332	39.866636672826516
2333	40.776612506281516
2334	41.52299162283492
2335	40.05801915691402
2336	40.15692129337216
2337	40.44016368650365
2338	39.80594825170579
2339	39.70161861369181
2340	41.486029088879825
2341	42.39425805330726
2342	41.561421401062574
2343	41.797504792438254
2344	42.80143852961746
2345	40.85982837523658
2346	42.47797835513665
2347	42.688445864706985
2348	41.75614328150442
2349	40.161511262764876
2350	42.16016262923724
2351	42.14857327166299
2352	42.08012254179137
2353	40.00165404779649
2354	40.19003289732341
2355	40.82523254097337
2356	39.51203441053989
2357	41.195096109584085
2358	40.32041562258582
2359	39.12643223696776
2360	38.46507176986893
2361	40.84856454667239
2362	39.749389654512036
2363	38.676387409109935
2364	40.06435035184569
2365	41.86467442216551
2366	41.76305244770014
2367	41.682164407037924
2368	39.26599672084028
2369	40.91460365130209
2370	39.60274499410414
2371	41.72447135932613
2372	40.57209726155329
2373	43.6149834635042
2374	42.62296649829322
2375	40.33128865371432
2376	41.78134467053698
2377	42.071547794447966
2378	39.966164531255224
2379	40.27563435777851
2380	41.09756140902297
2381	40.26040065056171
2382	41.61673581313633
2383	40.01495193450635
2384	39.88895131711154
2385	36.70200238508307
2386	41.22377489419994
2387	39.48052635034491
2388	40.827189948008865
2389	39.78193383679373
2390	40.23145705811472
2391	40.41794771815716
2392	41.15922276964989
2393	41.972123783724186
2394	41.03821272296917
2395	41.561792558351314
2396	39.464534377936324
2397	38.71669977760826
2398	41.30064111497142
2399	42.5947032762755
2400	38.97284531713241
2401	38.271501751117896
2402	39.328662218170884
2403	39.94126470033331
2404	40.555554997588956
2405	41.14567441865196
2406	39.954083565470825
2407	40.600388885325366
2408	42.141726352243616
2409	39.86507595141531
2410	39.97474321942179
2411	40.61582389585372
2412	40.679953672029974
2413	41.306761297771736
2414	41.83581486645521
2415	41.13443716136288
2416	43.58344364769637
2417	40.480980326991514
2418	39.83362372652045
2419	39.05616824683497
2420	39.937110019146346
2421	41.26614909392743
2422	41.01896764129817
2423	43.49414409486833
2424	40.68461984597287
2425	42.507467611254754
2426	42.04743424132501
2427	43.30829449689466
2428	41.63756154991295
2429	41.21268969236406
2430	40.58800979737453
2431	41.57738523559128
2432	43.5085135286
2433	43.78858463376436
2434	40.48711835237421
2435	41.83319748860983
2436	42.15249120651749
2437	41.73175406903816
2438	41.27999186165107
2439	42.97518965044077
2440	43.03444906694446
2441	44.42935971201953
2442	43.56598992422065
2443	38.40453562500256
2444	39.67707946223904
2445	40.14488339649574
2446	40.43039909813266
2447	41.10355612947805
2448	41.29072726736507
2449	39.37211427213784
2450	42.57571250324612
2451	41.85338030375655
2452	40.88145327327998
2453	40.47347358938118
2454	41.364373669690366
2455	40.73413452197834
2456	40.481143149874114
2457	41.59666276484571
2458	42.32376325976407
2459	41.19643461438737
2460	40.30622503758835
2461	40.83683830544967
2462	40.62157454895957
2463	40.45326808052282
2464	40.99030470008721
2465	40.660690219234475
2466	42.30026696377993
2467	43.45719701864123
2468	40.84875687722773
2469	41.210136324584504
2470	41.6220553935554
2471	41.585343746388254
2472	40.48849383806749
2473	40.62266512462187
2474	41.10602994241347
2475	40.39796999052436
2476	41.99222306933186
2477	42.6245311839267
2478	41.52826832393384
2479	42.73316278234066
2480	39.37581886962738
2481	42.12414039719649
2482	41.37845406073073
2483	40.83068492021668
2484	42.65607092539144
2485	41.42369033470302
2486	40.44214797139906
2487	38.91389852790846
2488	39.53673669167042
2489	41.68049422287353
2490	41.2011652520825
2491	38.79077265479284
2492	40.86368725107711
2493	42.9876984560459
2494	41.148767589620014
2495	43.23134773845699
2496	45.325714088068494
2497	41.40259306681488
2498	43.47239593032327
2499	40.98025103898874
2500	41.3398920749022
2501	41.99348081972656
2502	40.394962237531125
2503	42.273261117105946
2504	43.50796645237238
2505	41.37892961620614
2506	42.60263724018791
2507	42.343597567303895
2508	41.46829816284156
2509	43.03046247118158
2510	41.558285246729895
2511	42.53127074199363
2512	44.87761098133153
2513	41.28543828896553
2514	38.98838992142248
2515	40.9251417034084
2516	42.354191796075106
2517	40.333772100455676
2518	42.74594156824175
2519	38.964656774765146
2520	40.57524534100493
2521	38.1411212151282
2522	43.8809911373196
2523	42.03620427992965
2524	40.99421302405602
2525	39.04557355516528
2526	41.01036164969866
2527	44.08963316945862
2528	41.17241125328967
2529	40.12690272862852
2530	39.46604267008118
2531	40.30942495506436
2532	41.405437039913345
2533	41.765544873660396
2534	41.9970477937002
2535	43.954023679605676
2536	41.918507407526064
2537	43.21597926985753
2538	41.414407608927576
2539	41.58426602975982
2540	41.72771231351253
2541	40.915877631283315
2542	42.44471656907171
2543	42.24149351485957
2544	40.04096877088891
2545	40.16862522542909
2546	40.15976426364494
2547	41.9190446407533
2548	41.72625008866236
2549	45.36719744985503
2550	42.245873788993066
2551	43.21074180560343
2552	40.48163416884861
2553	40.87597684360096
2554	39.82357305403695
2555	42.79765770560269
2556	39.95543973283027
2557	41.56588619803849
2558	40.23812006115659
2559	40.14405369561493
2560	39.333340973154186
2561	39.257715517729395
2562	40.62307469566234
2563	40.03471379123628
2564	41.12316051161729
2565	40.58136751482101
2566	40.05510379993344
2567	40.565564508087405
2568	41.713442173273805
2569	41.03596832362557
2570	40.821309898674286
2571	41.191615581453576
2572	42.709687031938856
2573	40.79703801312487
2574	43.574976057725785
2575	43.09561124381332
2576	40.01786729935944
2577	40.61878936367708
2578	40.328009066288104
2579	41.012092679104676
2580	41.66888030266441
2581	41.85910803824473
2582	40.3276586278152
2583	40.527898797546584
2584	41.86468638670771
2585	42.498594064639775
2586	40.88862735375386
2587	42.953829165495854
2588	40.52026430629619
2589	41.777844443778626
2590	43.090415827615956
2591	41.12401785706469
2592	40.255313139223645
2593	42.45037625780243
2594	42.744119750984915
2595	42.178898936431374
2596	42.69028254647522
2597	41.074742783530944
2598	44.141788047439945
2599	43.00148288747102
2600	42.226447931866176
2601	42.13036494310775
2602	41.71089011787043
2603	42.63523390667794
2604	40.08941046688889
2605	41.044727675183616
2606	41.95042650679606
2607	42.86516595881237
2608	40.11870728850147
2609	40.377962134180294
2610	40.68004817397442
2611	41.49504956453017
2612	40.91282547738867
2613	43.156526492257235
2614	40.09016120576533
2615	41.92433706102969
2616	44.69930666485953
2617	43.01259998070721
2618	40.12897349316776
2619	41.73389536425432
2620	41.52100270604817
2621	40.89346597062168
2622	44.0253623532291
2623	40.39250222001975
2624	42.69235597453792
2625	42.60232902468825
2626	43.10344668902218
2627	41.51932291990011
2628	42.494680450988696
2629	40.8683367159428
2630	43.26266946913607
2631	43.38707947547958
2632	44.16621767964137
2633	44.105172835101314
2634	43.56062521204877
2635	44.09947149539904
2636	41.01395457552054
2637	41.96421182111125
2638	41.11780642005991
2639	39.41028326331302
2640	38.94820426756896
2641	41.00153014779474
2642	43.12765235114796
2643	43.96218206706802
2644	42.22370132887707
2645	41.935543910362085
2646	41.22117676712322
2647	40.963827607215414
2648	42.60906989806514
2649	40.90483579148977
2650	40.47070088249293
2651	41.93993167147054
2652	42.70536235623968
2653	43.323263946101314
2654	40.267118457253474
2655	42.0337279210456
2656	42.25805815000736
2657	42.10583316637622
2658	42.17598681416204
2659	44.51887685021149
2660	43.68370144872837
2661	43.59098902522256
2662	41.67780468730291
2663	42.37437234955902
2664	41.79314050178677
2665	42.827789373274896
2666	41.951344086666104
2667	42.563853632456485
2668	40.15643471570996
2669	41.624423637770576
2670	40.19999672181306
2671	40.39797898167786
2672	43.282889009953884
2673	41.97150471327694
2674	40.78219275491003
2675	41.41849352454561
2676	40.425508322752336
2677	40.10388897237343
2678	41.12555446463962
2679	42.39989104211221
2680	39.714229342748645
2681	40.10632785575656
2682	41.7099487066647
2683	41.73290973340957
2684	40.402097966078635
2685	43.283195217570665
2686	43.49986205004191
2687	42.59805474158419
2688	41.97283328071901
2689	41.64604142190197
2690	39.8319963811579
2691	40.60328690357484
2692	44.86845173802805
2693	43.77145609938349
2694	43.51633578645616
2695	42.843440921925364
2696	42.851908989993575
2697	42.578169226132864
2698	41.24066203272339
2699	39.10532554643229
2700	41.49206143985675
2701	42.880316610234416
2702	42.73545490034357
2703	42.725946370639605
2704	42.141292669059844
2705	42.230758556509016
2706	41.46932184465689
2707	42.09957413950367
2708	42.53794697328298
2709	38.9527648982963
2710	43.50771282120773
2711	41.83353242752494
2712	42.22683168861799
2713	41.16230011096378
2714	43.16521058288754
2715	44.09032622131252
2716	42.35831342395201
2717	40.90193926397039
2718	43.849446338124416
2719	40.543776142902566
2720	43.640448978508445
2721	40.48724007362281
2722	42.44562595958807
2723	40.42810757416436
2724	40.34726293804489
2725	40.70906728329442
2726	40.833463012374544
2727	41.604838600066266
2728	41.11893217708579
2729	40.14125898872694
2730	40.95779529375006
2731	40.61063269019316
2732	41.24484619828771
2733	40.616197430314415
2734	39.69231697390375
2735	40.21277404156693
2736	41.23983371489296
2737	38.73908833195862
2738	42.00012862631644
2739	41.46707474743141
2740	41.842726662621146
2741	40.98834955186829
2742	40.86503559513145
2743	39.32936274780061
2744	38.67704780197766
2745	37.61729153224175
2746	40.846529516512625
2747	42.29170222957098
2748	38.299479267333126
2749	39.6853302725787
2750	39.18756379152173
2751	39.16662034042922
2752	39.79347756015056
2753	40.2757025605338
2754	41.039007207903126
2755	40.252861086617344
2756	42.16217675489139
2757	39.98527067258584
2758	43.52324598198638
2759	40.41775438469288
2760	41.90287943068103
2761	40.37153073694642
2762	41.23568691336339
2763	40.02287657702757
2764	38.80104783692916
2765	39.11571550836555
2766	41.976966699918876
2767	41.55962918558537
2768	41.29863120703914
2769	43.25618741734366
2770	41.828035236060416
2771	41.917898144749785
2772	40.10632190601713
2773	42.849258356831186
2774	44.069742288821374
2775	42.22492346984927
2776	42.24390318895635
2777	41.183938549814954
2778	41.974859951574885
2779	42.92764579948763
2780	39.92527568751464
2781	40.517840392332815
2782	40.271898179476864
2783	39.26958185744908
2784	41.82374287350387
2785	43.460889442386794
2786	44.06592762366315
2787	40.54362556177698
2788	39.33929051799579
2789	39.72391295195637
2790	42.682041345515294
2791	42.538503083030555
2792	41.22183211404746
2793	41.09856562108729
2794	42.30026396008091
2795	40.38823286018392
2796	42.18436912495378
2797	42.7730178916219
2798	39.960437853796
2799	40.18316975567643
2800	41.1984403046961
2801	41.000598619941734
2802	41.810329348061266
2803	42.57034396858362
2804	42.92156844589828
2805	42.90248513381611
2806	42.10541600489972
2807	39.93012389901505
2808	39.80456234058722
2809	39.998317478018244
2810	40.427000997984095
2811	41.00935290465979
2812	40.057743204248716
2813	40.29600042009373
2814	42.28928663491947
2815	40.34063645285445
2816	43.24576777162759
2817	40.41077567364756
2818	39.66207831353265
2819	40.6301914426456
2820	42.82656129740302
2821	40.77663448432047
2822	42.25681106234035
2823	39.89910913900675
2824	39.6530108367569
2825	44.00613637150585
2826	42.21335701739327
2827	42.01626771188869
2828	42.16278606296871
2829	44.660253471193975
2830	41.361264804975626
2831	40.96309770670291
2832	41.25901681059054
2833	41.16396509626485
2834	40.678098064166534
2835	39.48549133628632
2836	40.15810651561178
2837	40.795036107874644
2838	40.34178013455191
2839	39.38328499832432
2840	39.90825040351908
2841	39.26265589929031
2842	40.03279312800307
2843	40.62049378595778
2844	39.48445041192875
2845	41.08284298706423
2846	40.49744939612954
2847	39.89472001574066
2848	40.15592882254405
2849	40.27189805402184
2850	42.00016838709589
2851	41.08341372813541
2852	41.04114692705759
2853	40.886264726051806
2854	43.484466623474376
2855	41.69302149837877
2856	39.48916916678634
2857	39.08363034901331
2858	40.01231491214065
2859	43.06567722177036
2860	42.50064244071644
2861	43.6741605610694
2862	42.09425915050816
2863	43.16796910338314
2864	41.65316912496378
2865	40.91373816777047
2866	41.27208179771017
2867	38.55402513026543
2868	40.840092049273736
2869	40.90303416977332
2870	40.946906381026686
2871	41.97570024738876
2872	41.33469596842257
2873	43.34532010055777
2874	39.93572410997631
2875	40.835478288850645
2876	41.32487882393174
2877	40.36793172416959
2878	39.12206256752804
2879	40.845704884641
2880	40.02208928380153
2881	40.890694245940765
2882	39.40182328256621
2883	39.0639356738229
2884	39.54814106837081
2885	38.550530192566576
2886	42.71681360626303
2887	43.27242925604593
2888	41.33314574600643
2889	41.88761857826656
2890	41.918622217063444
2891	43.291489542740344
2892	40.4740141937187
2893	42.53363802337676
2894	41.78503373031932
2895	43.76275214209836
2896	41.83153960618314
2897	41.45116243104561
2898	41.548400036319855
2899	41.851738141144374
2900	42.39048130739646
2901	42.427217518095254
2902	44.49893494637993
2903	41.69915657182225
2904	42.08294463354886
2905	43.12079779058477
2906	41.293256143768495
2907	42.38791675827692
2908	40.95237550252293
2909	39.37237866893067
2910	41.00212596874215
2911	40.667207025725745
2912	40.01090347659715
2913	39.77425556588659
2914	43.87917223687066
2915	40.90751182049676
2916	42.10665553959472
2917	39.66255579788114
2918	38.416704808637874
2919	38.09436178575557
2920	40.69384786083033
2921	42.989800403505
2922	44.2932652035833
2923	40.20484684145116
2924	43.18333130460682
2925	41.82146965981299
2926	41.66758934054155
2927	40.51107093241488
2928	40.5549041646702
2929	39.98670565243504
2930	41.30098064278863
2931	39.95109901410361
2932	41.187366448449694
2933	42.25283160524186
2934	41.60188007093423
2935	39.19940376530437
2936	41.805237739247694
2937	40.96595859073241
2938	40.25978505196547
2939	41.19011148707842
2940	41.5421097871634
2941	42.629103078797215
2942	41.283781521099726
2943	42.851104152943726
2944	42.08136783410846
2945	43.58569753363889
2946	42.44985362437319
2947	42.45057312890641
2948	42.87911359190246
2949	43.578501469091634
2950	42.5712978765248
2951	41.995898089331895
2952	41.44117023698071
2953	41.52918815183679
2954	42.43651786801218
2955	43.20902731451384
2956	41.348072809650446
2957	40.88146164895346
2958	42.145211277613456
2959	39.54797104580733
2960	39.55553989708328
2961	41.77788086792093
2962	39.07252899667061
2963	40.06341479417416
2964	39.82088622450654
2965	40.284750405939604
2966	42.80405652240141
2967	42.23863868624268
2968	42.603970526274175
2969	41.368364072568724
2970	42.707044802344306
2971	43.53325037472814
2972	41.80786273774126
2973	42.88412948225335
2974	43.04248116452843
2975	41.968020876061914
2976	42.66631794320241
2977	43.98180271222266
2978	41.59609861741525
2979	43.847001038654795
2980	42.05940668795303
2981	40.284396678878174
2982	43.94539748251349
2983	44.407440558210126
2984	43.57888422883679
2985	45.09083235490115
2986	44.815456055470044
2987	44.921559260476926
2988	42.61352941696048
2989	41.763331469546834
2990	41.62442277952611
2991	44.09168018036952
2992	43.73388240779946
2993	42.23900036795146
2994	42.455028827356145
2995	42.9129944327099
2996	43.92296945658095
2997	40.66862622352409
2998	43.77268409137252
2999	43.74556630904063
3000	42.084262732772316
3001	44.37181700756172
3002	41.2029477559484
3003	43.371634768861256
3004	42.79944602055856
3005	42.29993283020864
3006	43.394048321253074
3007	42.895161349747504
3008	41.92251128453764
3009	44.13810666345993
3010	42.09396445136208
3011	41.28790169657648
3012	44.71749199023263
3013	44.503885710518595
3014	43.495403421881925
3015	44.30886982188038
3016	42.42736736914032
3017	43.299166033736064
3018	43.420132637988054
3019	42.45633169710374
3020	42.1139014310424
3021	38.1657054804476
3022	41.84631576372942
3023	42.73866258711764
3024	42.80108120614574
3025	42.14891851088644
3026	43.90214521304898
3027	43.4856060054024
3028	39.94877800362421
3029	42.05857198952913
3030	41.73824059501447
3031	41.23215852506143
3032	40.7581361591265
3033	41.946444109346885
3034	40.11181878959576
3035	42.44978569051111
3036	41.869613591607205
3037	41.58123036343031
3038	41.82158350615529
3039	43.95128273450196
3040	41.01655610804247
3041	40.79514905645286
3042	40.022919987015435
3043	43.72668172578264
3044	42.79410013161013
3045	41.46054797659196
3046	41.14703518172957
3047	41.821800867429495
3048	42.19043131656206
3049	43.861253918215745
3050	43.922957296570274
3051	42.496188820432316
3052	41.599117087724
3053	42.031136285488394
3054	40.64682042902455
3055	40.13849938777733
3056	40.27969315744286
3057	40.690187212611534
3058	40.391823503624266
3059	39.748937753442306
3060	40.11850012894628
3061	41.308295186833064
3062	41.32318107536526
3063	41.24484759708159
3064	40.80986814900758
3065	40.35463845129315
3066	42.060223869840826
3067	39.9649290261017
3068	40.24338961828254
3069	39.329422648798136
3070	42.22522479169988
3071	41.13494962664483
3072	40.49157389781163
3073	42.566468049777534
3074	40.34566563877633
3075	41.507921261720185
3076	42.45200483047519
3077	43.258991391969445
3078	40.406514000720264
3079	40.07821643748517
3080	43.486712144291
3081	40.270819153514694
3082	40.87911029251485
3083	41.799838476809356
3084	42.79781566636552
3085	40.871929186032304
3086	40.82510728144182
3087	39.37434220096743
3088	43.413010519001446
3089	42.84652075478105
3090	41.21146579170819
3091	39.76236224400533
3092	42.51141320043542
3093	41.4985516620961
3094	41.78540816741035
3095	43.4493700355877
3096	42.357269119568976
3097	41.02902062019409
3098	42.578422763472325
3099	41.90862921814711
3100	42.60138362385863
3101	41.92780697039057
3102	45.15004699277606
3103	41.31809132987999
3104	42.99645021012527
3105	39.69561397761522
3106	39.75851989789065
3107	36.68720655033777
3108	41.34147126000074
3109	41.53182529693032
3110	41.71528920006205
3111	42.51371909289904
3112	38.9766541024325
3113	37.99753377277688
3114	41.07861012805385
3115	40.69152296426537
3116	40.344259234306236
3117	41.46267506106274
3118	40.178439159839655
3119	39.622444057215844
3120	39.85055510378638
3121	42.20775135192861
3122	40.9931097656239
3123	42.87331497144886
3124	40.02959199352624
3125	40.551703288478684
3126	41.85088439557441
3127	40.54372679484808
3128	41.99834834564195
3129	43.86882985569105
3130	40.020188793667856
3131	40.66391009759984
3132	40.34709951042828
3133	42.811423938499566
3134	40.80932556338614
3135	42.298487317590684
3136	41.88770706282241
3137	42.78391885709928
3138	42.21999022898274
3139	43.82626898605939
3140	46.04457830794049
3141	44.38939636145749
3142	41.07344033778955
3143	39.233217356989705
3144	40.31953318117733
3145	40.95121671753374
3146	42.118580426880634
3147	41.38024685951143
3148	40.53003859303441
3149	41.53015321543192
3150	40.336374393349374
3151	40.56236065800096
3152	41.138923373885675
3153	40.59983923019768
3154	39.94300637307886
3155	40.59240105372148
3156	42.60721963527255
3157	42.06245459464315
3158	40.37538295261897
3159	41.10849286770645
3160	39.277483340721844
3161	40.40860080471169
3162	39.28601354362312
3163	39.63138614996951
3164	40.77874694355569
3165	39.108830198249414
3166	39.091645658308835
3167	38.254802231384616
3168	41.12942642653464
3169	39.97440200190056
3170	40.189227551330674
3171	39.50578551891544
3172	40.23437099038969
3173	41.20494529596873
3174	39.95051542112888
3175	41.86720294044349
3176	40.51061922265569
3177	39.20656928885236
3178	42.34133145709261
3179	40.86432405643881
3180	40.46420353440923
3181	39.833292865753364
3182	40.83414677455416
3183	40.05995260508073
3184	39.326391178920176
3185	40.31401149756326
3186	40.02858274011594
3187	40.020928354257386
3188	40.447936059575014
3189	38.02748963839097
3190	40.073386247852916
3191	40.519867616695684
3192	41.02336934275917
3193	40.17492196998923
3194	39.68268753939544
3195	40.35460992462801
3196	39.07565853257379
3197	39.688904240578815
3198	39.85705353389189
3199	40.526543598668006
3200	40.49467261667962
3201	41.50933892375242
3202	41.36876658291578
3203	41.14741273792255
3204	41.50530148532396
3205	42.3389612735512
3206	39.77298713452766
3207	42.13638609670862
3208	42.3849128481194
3209	39.40680221069667
3210	40.68400181420397
3211	42.31612160027821
3212	40.802978266599936
3213	40.96046432945162
3214	42.55547200319528
3215	42.6786879737915
3216	40.474976822857535
3217	41.07417593764474
3218	40.293363545376884
3219	40.67361128306479
3220	41.62658959997632
3221	40.97037007848899
3222	41.9560059756055
3223	42.772442288626664
3224	41.2692827965025
3225	39.205023422103636
3226	41.79965847951238
3227	42.521202512203445
3228	42.702173246833006
3229	43.00549143277254
3230	42.342467519400316
3231	41.61071923349574
3232	41.61105792548549
3233	41.050294403053094
3234	42.86529784891703
3235	40.26914743424518
3236	42.43967952735338
3237	42.484734138837204
3238	41.35245607463041
3239	43.69889204324698
3240	42.718136479512474
3241	43.35262553096398
3242	43.31334321095546
3243	42.87542700579872
3244	42.24918437826097
3245	43.544444811462625
3246	40.057377189693106
3247	39.874179609320464
3248	41.20685526300629
3249	40.83378272986724
3250	39.43215126279645
3251	41.26859382507965
3252	42.27899247983712
3253	41.52508164187705
3254	41.020573048929684
3255	39.591835005486345
3256	40.172375597557625
3257	40.668791693543795
3258	41.74080357395489
3259	40.08346345224435
3260	41.24517106270291
3261	41.14287858877807
3262	41.96788349823991
3263	41.07458915904771
3264	41.217346322958875
3265	40.293471085503334
3266	42.26605823476616
3267	42.384994518827966
3268	41.63522600782511
3269	39.62265105216679
3270	41.46545062761419
3271	42.17756874622269
3272	42.116176335387166
3273	41.75244368157299
3274	41.963737055299
3275	43.068031306365256
3276	41.2663688051737
3277	42.690804195802016
3278	41.63611944137577
3279	42.83532045087266
3280	42.57934272574648
3281	43.88724815105534
3282	45.16944307980602
3283	42.15128874263252
3284	42.80175467797631
3285	42.36700198039859
3286	42.58988536368442
3287	41.06965616834024
3288	39.63238701593744
3289	42.23555010879313
3290	43.11385211429707
3291	39.105943226057335
3292	39.9178222046743
3293	41.419297663603075
3294	42.39081382489098
3295	43.51095555592852
3296	43.187936681177774
3297	43.18862903976943
3298	43.824678299709156
3299	43.09077225044601
3300	41.75994710901252
3301	40.88895807931491
3302	41.80467567335264
3303	42.75443699570086
3304	43.69693792747468
3305	43.27960438561701
3306	42.36543228533839
3307	41.80517829772607
3308	40.398816987927475
3309	43.25441668989183
3310	44.786760885266276
3311	42.38435331382367
3312	41.776051173906474
3313	40.014544357637625
3314	42.25404626737178
3315	42.046597374490695
3316	42.054722442296985
3317	43.23200695304655
3318	43.2776282623276
3319	41.072683900860326
3320	39.7231627835277
3321	40.37687114990009
3322	39.97017666035214
3323	39.54838091333029
3324	42.80847332962328
3325	41.69963933699001
3326	40.20867960133877
3327	41.743552661028914
3328	40.61351544601668
3329	40.50713444252948
3330	40.67261617189335
3331	39.14038745737822
3332	40.86875267758638
3333	38.28887296602584
3334	39.634677832849086
3335	40.273715122723985
3336	40.28175463897233
3337	44.178906697622914
3338	42.257959255699824
3339	42.1103206626605
3340	41.608833436520165
3341	42.12630216730861
3342	40.526007887627905
3343	41.74509522396217
3344	39.79166853279951
3345	41.38503069621631
3346	38.59249104358683
3347	40.787933532739615
3348	40.87290506475808
3349	40.2249932427064
3350	42.73534320066053
3351	43.70551126541283
3352	41.558638050005655
3353	39.70924321642488
3354	43.32703011252363
3355	42.94913216458302
3356	42.481721460723186
3357	41.01822170840011
3358	40.719082474733185
3359	42.391547750835315
3360	42.177139428775725
3361	42.45386867275593
3362	40.18477790616422
3363	42.02172361385361
3364	41.187562330928586
3365	42.66833184936616
3366	42.08712922172953
3367	37.33945484879513
3368	40.25898834642135
3369	40.66080650960079
3370	42.988828313389554
3371	39.568535577877036
3372	41.268227124348954
3373	42.15919989816611
3374	42.19477810180496
3375	42.06211538575978
3376	40.93974835793734
3377	42.238179415136756
3378	40.72589383931634
3379	42.34411771269791
3380	43.14156280353557
3381	41.48003726460362
3382	41.88502113001683
3383	42.27600970863774
3384	40.87812776594962
3385	40.47796139824524
3386	43.50428422961294
3387	43.00315330093859
3388	44.56878276195547
3389	42.87494596928184
3390	41.59292429570244
3391	41.190245629921996
3392	40.82169398645669
3393	41.605378025860226
3394	41.80708185289266
3395	40.582810872155065
3396	38.98112618585019
3397	41.118807563252844
3398	40.329084757315485
3399	41.72311302031464
3400	38.113287635705696
3401	40.48363165395823
3402	41.57283685401317
3403	40.97630206531323
3404	42.402512654432286
3405	41.911676505984175
3406	40.16786065943296
3407	40.136034725063155
3408	41.525937367819346
3409	40.003930814478366
3410	39.37360482405183
3411	40.73970455270011
3412	40.497786985871784
3413	42.58337873477467
3414	41.59241370876502
3415	43.85889963308778
3416	43.72143042825976
3417	42.95644539087464
3418	43.94090539192573
3419	43.53506654720359
3420	40.60683032761438
3421	44.04500126403173
3422	44.757143660783264
3423	44.90389783574524
3424	42.838699726241494
3425	43.57940756215266
3426	43.43241613210422
3427	43.400126923531154
3428	42.76356136260364
3429	43.43148686510054
3430	42.93150943758827
3431	41.68323618988503
3432	39.581897950384274
3433	40.30607007829922
3434	41.73522202180749
3435	41.63713824894736
3436	41.64084990523783
3437	41.08204722912214
3438	41.87839953946638
3439	41.18926976099996
3440	44.12145830511249
3441	40.48682556730906
3442	38.40508806262231
3443	40.09600904233278
3444	39.99376726769956
3445	39.849046636736404
3446	37.57051608960214
3447	38.726955544150414
3448	39.98755563496193
3449	41.61724231139712
3450	41.96575903310411
3451	40.69720590097786
3452	40.14851898695578
3453	41.32322005653547
3454	42.138570698229834
3455	41.84143440181246
3456	41.37768626622066
3457	42.734069946162855
3458	40.1600463520411
3459	39.095444670351256
3460	39.00848073883421
3461	41.547859820719495
3462	41.320383106064796
3463	43.00150170489295
3464	43.18336235620945
3465	41.32767314989333
3466	39.49919025365185
3467	40.32927921670443
3468	41.80036479316261
3469	41.819019640937356
3470	43.1463203497897
3471	41.23664082408652
3472	41.52487160141215
3473	41.87503228604433
3474	42.22666530167734
3475	42.54956943528298
3476	42.08620953950663
3477	40.34150603879807
3478	42.44508716409078
3479	42.611655549658394
3480	41.56857143393011
3481	43.10550949455069
3482	41.731161196847694
3483	41.363461737424494
3484	41.090232300017796
3485	41.33181202482272
3486	41.09138305660407
3487	42.482650990079904
3488	42.80027718616501
3489	43.15973189721838
3490	40.88134400290932
3491	42.89205762408959
3492	43.93473322645981
3493	42.64382623476144
3494	42.3837952236529
3495	41.71450485224994
3496	41.45617333170026
3497	39.63678827459056
3498	40.2123701354497
3499	41.4659766310257
3500	41.07298580079539
3501	41.69974304624866
3502	43.283305088181024
3503	41.36392546444034
3504	42.739682769956545
3505	42.989875756838934
3506	42.31264647970446
3507	42.05688215531717
3508	42.414707100776525
3509	41.39127742204994
3510	41.31291442359661
3511	42.293749773927146
3512	41.20918208569229
3513	44.63290749422645
3514	43.37618611386995
3515	43.83777786785448
3516	44.69219831486273
3517	40.545493723840266
3518	40.9260458149892
3519	43.36608014102797
3520	42.62220658460152
3521	42.56306554394762
3522	41.76900505026393
3523	41.75930064750921
3524	40.377814256826554
3525	41.468620962737425
3526	42.29563467866325
3527	43.07994330480983
3528	40.18680092955631
3529	40.5823177611148
3530	40.78102176323625
3531	42.21404468753387
3532	42.20365499014707
3533	42.85114008123962
3534	40.522341193330945
3535	43.49016216776717
3536	38.803927436173815
3537	40.43866017085996
3538	39.51254475189804
3539	41.369081816815736
3540	42.08311067150592
3541	41.002917091601574
3542	43.406140089093164
3543	41.10235142883257
3544	41.05519148671838
3545	39.96661693384066
3546	40.8279947149824
3547	42.0824352584915
3548	40.58622994334902
3549	41.64675482715218
3550	41.617222830770274
3551	43.4388506183835
3552	43.66126250169503
3553	42.07097221565176
3554	43.80502541380258
3555	43.10149408653502
3556	41.724539299819426
3557	40.34561883590533
3558	41.5767518716193
3559	45.553825112612124
3560	43.214712962545946
3561	42.60468074642837
3562	40.71827095991169
3563	42.237587567470456
3564	38.52890828986808
3565	42.64463666460459
3566	41.05018277407706
3567	44.441137621531944
3568	42.261385886142314
3569	40.42017048072235
3570	40.31394974988387
3571	40.48275106903876
3572	41.51545633466652
3573	41.34227185033688
3574	40.767939762086826
3575	41.93884813725601
3576	42.03545724293415
3577	40.9676387906179
3578	42.169845704129294
3579	42.647111303527666
3580	43.05223658052004
3581	42.62499497204457
3582	43.9358015621752
3583	41.86291097073202
3584	44.08188858475759
3585	40.87632268803122
3586	42.231604480057136
3587	44.38477576786273
3588	41.37638505404425
3589	43.1582957094521
3590	43.594236260875704
3591	42.59601034291816
3592	41.23003754636381
3593	39.40571420178039
3594	41.341186023137716
3595	42.290314560416384
3596	40.50015416117061
3597	39.89665805011933
3598	42.14177280817196
3599	40.82297232726255
3600	41.32114280021089
3601	41.51489301954028
3602	41.13713853757201
3603	40.34688591648955
3604	43.29331598597368
3605	43.44100898916549
3606	42.364074557511096
3607	42.11562041157861
3608	40.67150926307795
3609	41.38547782848917
3610	42.63381552056532
3611	41.941654360892585
3612	43.35527580930914
3613	43.131146223737005
3614	44.027742946980084
3615	43.05507275335027
3616	44.23085846838572
3617	40.97525160906962
3618	43.656114314326004
3619	41.839614129820355
3620	43.20678570578953
3621	41.17482032673115
3622	42.77930243564171
3623	41.00301616212946
3624	39.044328752357046
3625	40.88762336106987
3626	41.340168613494285
3627	41.168758141319
3628	40.675305976340745
3629	41.95736608066867
3630	41.44203990447578
3631	40.91873997019644
3632	40.47317972755119
3633	41.87804582013155
3634	41.43632768662824
3635	40.41590031378494
3636	39.64696715550696
3637	40.821611363723406
3638	40.74965625390512
3639	40.507386419166856
3640	40.854408814577106
3641	39.77137194870765
3642	41.75193684860779
3643	39.7977706287077
3644	40.045802326806594
3645	43.044477102955405
3646	40.340299762662276
3647	41.53284048014921
3648	41.40494168237306
3649	39.77803777202832
3650	40.04404685874199
3651	41.265963323435145
3652	41.19616546106026
3653	41.34964372470791
3654	41.46107763112854
3655	41.297061934733
3656	42.546100555354485
3657	43.485468205521094
3658	42.00866996854226
3659	43.96191451286291
3660	42.63203649443805
3661	42.231428576300054
3662	42.39930027098259
3663	41.113338184282824
3664	41.23562967344254
3665	42.90102319787833
3666	42.883523218382145
3667	43.146226493205994
3668	42.20252531886074
3669	41.49523212512919
3670	42.50207120437014
3671	43.33340642632779
3672	41.49250709592164
3673	41.12566234159324
3674	41.357829437677424
3675	41.90424060701673
3676	40.949871670929774
3677	42.426202989310475
3678	42.01125196177355
3679	43.34060352809446
3680	44.46264718354614
3681	41.7431566178516
3682	42.390027980094196
3683	43.205575606050935
3684	42.082884279375776
3685	41.97664713141503
3686	41.69431408846782
3687	42.49732243382752
3688	41.95135918503517
3689	43.32850055494532
3690	42.049048279855676
3691	42.32441892460789
3692	41.716104989355465
3693	42.25023194115305
3694	41.72181624929189
3695	42.40196427681396
3696	41.9570875818125
3697	40.725710685959505
3698	40.41727079460243
3699	44.515659901367506
3700	43.640235280995036
3701	40.63961987237021
3702	42.04951287290287
3703	44.26892345297094
3704	43.021794976301045
3705	43.79185099375868
3706	44.865086582146965
3707	43.04724388001899
3708	43.47260872354221
3709	42.09481236055797
3710	40.15101780705636
3711	40.46796016421789
3712	40.5407574250014
3713	40.14005244095022
3714	41.59043153394633
3715	39.837989781915
3716	43.01098191303317
3717	41.75650655423526
3718	42.641573766276025
3719	42.05484607959298
3720	41.866264483692646
3721	42.78217608672437
3722	41.31185721390012
3723	41.40562884845064
3724	42.158100480978895
3725	41.649568224986524
3726	42.27601729838973
3727	42.99973404826384
3728	41.60807404928351
3729	40.51038060391867
3730	42.914115719178724
3731	40.73747015637049
3732	40.66577010498284
3733	40.64811214097387
3734	40.0077082656929
3735	40.37618531315349
3736	41.48350017574435
3737	42.66488376597177
3738	43.47724338720525
3739	43.30130164772359
3740	42.206975941549544
3741	42.55817102557342
3742	42.99897263338629
3743	42.447614114364704
3744	41.13117545440579
3745	42.33547674174911
3746	39.29526966507744
3747	41.84217937340258
3748	41.79443628538475
3749	41.10381340232139
3750	42.99473636450614
3751	43.11313216154435
3752	40.62447526870047
3753	42.2456298052529
3754	43.91924665499779
3755	42.58581014800612
3756	41.10556896257284
3757	41.73623555065804
3758	42.31322764967882
3759	41.647517036378304
3760	40.72014653695209
3761	41.95630560576852
3762	41.14134348382266
3763	42.409409149011346
3764	43.023676324598526
3765	40.439896119114444
3766	43.129598397655464
3767	41.62486053866769
3768	42.85526723875798
3769	40.072838647114175
3770	40.328437753685805
3771	42.166201848390585
3772	42.36075747480715
3773	43.151982781472775
3774	42.927136778295456
3775	42.28677114552195
3776	43.92697764418427
3777	42.51599398359859
3778	43.1268556956458
3779	43.81817099146357
3780	43.000020995682135
3781	44.197950041963466
3782	42.09345356359973
3783	41.188626907160234
3784	42.15490542341751
3785	44.37786639500228
3786	43.20017237780215
3787	41.27355702881917
3788	40.82626299789948
3789	42.16903551936063
3790	41.76603383069858
3791	40.04242919288068
3792	40.02517123875977
3793	40.85844431788051
3794	42.885577736417225
3795	41.84043881016103
3796	41.314529865016134
3797	42.53283855116422
3798	40.42137095751276
3799	40.74315468640759
3800	44.46703011535889
3801	44.22340037278592
3802	42.48288999099971
3803	42.262917016726576
3804	41.89767195391813
3805	41.27290626163411
3806	42.647014438808206
3807	41.99954222726049
3808	43.86006643927626
3809	43.23083240333243
3810	42.14472108440263
3811	43.50220997374063
3812	43.99147616917832
3813	43.15361284609786
3814	45.14879797818359
3815	42.91895745805322
3816	43.38044320608813
3817	43.4354856359886
3818	42.390790827051134
3819	44.81034106002574
3820	43.643197784786686
3821	42.85195506073699
3822	41.77809691112837
3823	44.41998444178234
3824	43.07330846795378
3825	41.71992724464905
3826	41.840818829712696
3827	43.62708760480623
3828	42.78943110461236
3829	41.539793702718065
3830	43.46630675910029
3831	44.18643875251913
3832	43.098545681351546
3833	43.07339394283788
3834	44.36782331882234
3835	42.98867883720001
3836	41.99213828225068
3837	41.74327107030612
3838	42.762483786109925
3839	41.4271685545994
3840	42.20449054877967
3841	42.73725917606944
3842	44.31796888418037
3843	43.05260021480702
3844	41.71807459469761
3845	39.94443273114993
3846	43.81237975689136
3847	42.224507791232384
3848	43.11071210014201
3849	39.80820393089508
3850	42.40619554634548
3851	40.295906309447574
3852	41.568775154118654
3853	42.474812667423585
3854	40.33205066937563
3855	41.56662984172493
3856	40.26053725995048
3857	39.93831965674789
3858	38.61015324366953
3859	41.06803817089788
3860	41.42411387922942
3861	43.43594750287542
3862	42.10319716893711
3863	43.08955493583847
3864	42.05470734490875
3865	40.063659002294045
3866	41.38794959483381
3867	44.040878143078565
3868	43.617100643251646
3869	44.394109199607605
3870	44.42380160195731
3871	41.296256859427366
3872	42.46955579620733
3873	39.93141501538581
3874	42.19819052671615
3875	41.24565755522326
3876	42.666150577275666
3877	42.07702346848375
3878	41.30222909205158
3879	39.515989665891325
3880	40.47160083416057
3881	41.07815556315279
3882	40.64624288907221
3883	40.7442095110251
3884	43.50508897931103
3885	41.28832360558559
3886	41.54006990671469
3887	40.20511979935071
3888	41.78424515949178
3889	43.26325026253023
3890	43.56083333106805
3891	42.042023962462494
3892	41.50307379675046
3893	41.69123348165067
3894	44.75806249455416
3895	41.61981882799761
3896	41.005448705300815
3897	39.537344622984975
3898	41.655908640796795
3899	41.925373023964
3900	40.40456669745283
3901	39.920618600293885
3902	40.14077519052683
3903	42.31293133991008
3904	43.715580086522486
3905	42.650050066659176
3906	42.17147112554284
3907	43.19959165021487
3908	40.12864826193086
3909	37.87362364832403
3910	38.810929074392476
3911	42.25716010271155
3912	41.07282866790552
3913	42.122205307607324
3914	42.773150742366205
3915	40.86976954177428
3916	43.340170056032285
3917	44.82174743182835
3918	41.96423002039454
3919	41.041367464493646
3920	42.593430220201085
3921	43.25200148822433
3922	42.2135282119805
3923	43.0208958845991
3924	43.274133161922066
3925	42.43953023379048
3926	43.149591948615154
3927	43.598040168726186
3928	41.30207486792576
3929	42.155328436035525
3930	44.74307078729859
3931	42.199684323208686
3932	42.71633127637505
3933	41.89870955064936
3934	43.529873000309045
3935	44.11992563713938
3936	41.898018359016845
3937	41.08062463595919
3938	46.03291888983673
3939	44.129068243714784
3940	43.94289127889305
3941	41.790472809749566
3942	45.409826499963415
3943	43.5093357563076
3944	41.139991407862304
3945	42.62431874560836
3946	42.099876607880645
3947	41.37148977786057
3948	43.9050462469735
3949	42.29154774934118
3950	40.26385814021996
3951	42.4843156112341
3952	41.6822159026783
3953	41.22937650377707
3954	41.22941096833727
3955	43.54295818593919
3956	40.74006909914469
3957	41.25874811519157
3958	40.449074637188495
3959	43.8585993169831
3960	42.30607057132615
3961	42.972001677191415
3962	40.58286266536052
3963	40.15163183470094
3964	41.32517430704923
3965	41.375833479850236
3966	42.45706125543391
3967	39.90056479224592
3968	43.5333793723235
3969	39.354619171534935
3970	46.413297932586175
3971	45.82057934246122
3972	43.25613705061594
3973	44.58340274388636
3974	43.46653167614649
3975	41.09913888008358
3976	42.62119033660136
3977	42.02320699470777
3978	42.995126937723136
3979	43.05693084316307
3980	40.78183268959779
3981	41.13583443801978
3982	43.75543760030559
3983	43.14400486400373
3984	43.03944137502925
3985	42.99568525424402
3986	43.51688280776397
3987	44.5409281909799
3988	43.969143167195966
3989	45.23106096567972
3990	42.273409361357594
3991	40.89586289276442
3992	44.918387651842245
3993	42.13290049400891
3994	44.871834236694454
3995	42.149582281297945
3996	44.08698333826873
3997	43.25071204776062
3998	42.993037983189225
3999	42.89215309946289
4000	42.892164611122546
4001	41.551733384330944
4002	43.76404741838192
