0	47.71366533769532
1	46.170474953951654
2	46.29753787034336
3	48.197010365024795
4	47.57139522543866
5	47.28035947849787
6	47.90358019547295
7	46.83351032826007
8	45.77701320724758
9	47.826765853733086
10	45.40550782193151
11	46.690745322109976
12	47.61968605731129
13	46.733034254114116
14	48.22740474866225
15	47.75803176107826
16	46.73989172823418
17	47.84906002489018
18	47.16985908163113
19	46.981282153720564
20	47.381365600545784
21	47.11419500340337
22	45.75429747276169
23	46.578490651341895
24	46.98389171223308
25	45.94428443640105
26	47.3620919268988
27	45.8657651432864
28	46.312045743640425
29	47.30250882016624
30	46.6634084918355
31	45.55233332672068
32	46.03959277275928
33	45.26372033197407
34	45.55889534213679
35	45.180920678883716
36	46.60024830945332
37	46.70529565835698
38	47.622779453069725
39	46.54821584818204
40	47.010367613513225
41	48.01091488812605
42	48.266360142074674
43	46.72169368521416
44	46.0162090318683
45	46.069714044108395
46	46.55040314872341
47	47.77962089013646
48	46.451960899026275
49	46.33029194438439
50	46.66496321595235
51	46.964889436831456
52	46.93783812295921
53	46.36483753746797
54	46.74031660892089
55	48.09289059503953
56	47.17170251750739
57	47.554790145503276
58	48.22923789491493
59	46.95808383597589
60	46.563334181006745
61	46.85973527853635
62	46.050672840379946
63	47.69387696394652
64	47.41994340972136
65	47.75569317899333
66	46.51694978862576
67	47.636821804910596
68	46.46819079164571
69	48.581437696721935
70	47.77337341817835
71	48.21029132525283
72	48.14328434312205
73	48.24157950919475
74	48.917450976861964
75	47.72206251762089
76	45.89309312181345
77	47.333543749892826
78	47.73059755259765
79	46.63468727609434
80	47.14820948837824
81	46.00553576509696
82	46.24309966094417
83	47.272929014583255
84	47.40369701650307
85	46.14080005118874
86	46.11657813216342
87	46.22818080691318
88	45.68791823748788
89	46.35942063944336
90	45.140686098898705
91	45.8298900941226
92	44.927595232744416
93	46.67944878056681
94	46.540557293345906
95	44.75891139374599
96	44.48801139827745
97	45.13595120980768
98	46.24107224489975
99	46.61926367576439
100	46.10786083124934
101	46.96062883869516
102	46.16695535631056
103	46.82434120000219
104	45.525731409770515
105	45.42275363512927
106	45.61546133740535
107	46.29403514765979
108	45.61649183232561
109	44.16243960046232
110	45.11005860421903
111	47.17302730859581
112	46.29387372863589
113	45.57033698168952
114	46.33176624315215
115	47.46570091706147
116	47.427440497913615
117	46.84360843778103
118	45.55148497495705
119	44.84304572875471
120	46.44500390212351
121	46.691042443209
122	46.87936662567635
123	46.99924244323697
124	45.99011369373642
125	45.57668316114503
126	46.172658577993
127	45.0968594322296
128	46.31428983268798
129	47.23320183774968
130	46.80190664479216
131	46.44487559306255
132	46.25022601442453
133	45.48509869538537
134	45.57071756264472
135	46.91019738380629
136	45.58017826353602
137	46.403071799727414
138	45.59584821752718
139	44.679858411389084
140	45.45917836443829
141	45.853119201332696
142	45.8079279960968
143	47.21620691712107
144	46.860747916140674
145	46.49771962865418
146	45.69803989273728
147	46.382505699823554
148	46.43608350288819
149	46.64280743540539
150	46.59460945598444
151	46.283861382038246
152	46.32757025088684
153	47.2454386584703
154	46.07917418189946
155	45.88831571564317
156	45.25411384447429
157	47.23904066611264
158	47.29802526942657
159	46.62139886188567
160	47.280071202144555
161	45.60777372131295
162	46.794269526981616
163	44.91865285677995
164	45.708175944587175
165	46.266033317166
166	45.111075015245326
167	45.61454124054017
168	44.49507912580757
169	44.42070295680271
170	45.817895201053396
171	45.40145486967552
172	47.06865694515401
173	46.81979664789726
174	45.838774637113076
175	46.056538458045225
176	45.37784582168968
177	45.8500269009639
178	47.036888067526284
179	46.35556314002029
180	45.77622603883652
181	46.35827561013301
182	46.48932006576185
183	45.02699337489916
184	46.410545581889345
185	45.2929293039278
186	46.3163788378949
187	46.47574997657307
188	46.64252271580048
189	46.23824400329878
190	46.45626365628039
191	46.76584268154574
192	46.23516409107164
193	45.958466164734915
194	45.38015843018136
195	45.20523681689783
196	47.47881160991184
197	46.340814383013125
198	46.48191763351985
199	46.06985249992708
200	47.38661879898721
201	46.989688863043014
202	45.58075127309084
203	46.876739737643966
204	46.4864307596516
205	47.14484077580663
206	46.18427071135011
207	46.77569813648818
208	45.97829860760365
209	47.737964129001256
210	45.06582578414752
211	46.40928197800856
212	46.391787811269495
213	46.484407143891055
214	46.54406428301435
215	46.50502902812335
216	46.31301755798036
217	45.56593101467358
218	46.00397110914489
219	44.88532489268642
220	45.50374368656307
221	46.5192309108888
222	47.25370294208155
223	46.95993812435502
224	48.39581063656793
225	46.17339140374187
226	45.28554730650302
227	46.694521495709
228	46.43613518854306
229	44.94448727246632
230	46.015610023968854
231	46.51352509440659
232	47.062138553124434
233	46.2129711011874
234	46.75350542806797
235	47.84349071425263
236	47.653326547671654
237	45.69123168647381
238	47.68101241750182
239	46.656553733993384
240	45.588270464128634
241	45.350782743617465
242	46.03234300885789
243	46.053110805051865
244	46.956232567475666
245	47.235416443510616
246	47.817510534525375
247	46.345041635699694
248	46.7413509084824
249	45.63048678661452
250	47.04467731099625
251	47.62962100340291
252	47.43918592113296
253	46.25708102869174
254	46.52737634641594
255	45.64613425594583
256	46.05772953922618
257	46.27343597444133
258	46.703245816514624
259	47.86367742066825
260	45.95549138778527
261	46.319026719204025
262	45.633458492916276
263	46.68166198538696
264	46.688518130059755
265	45.00948633359637
266	46.29429199434014
267	45.720699821111616
268	44.78542124862646
269	44.95454307550647
270	46.17040556808457
271	45.338562879558985
272	46.93947448384718
273	46.20233250032904
274	46.084859653148094
275	46.91943864282042
276	46.39328079112609
277	47.11849973151037
278	47.23359053229758
279	46.713015082113394
280	45.90204062091019
281	46.34956189097212
282	46.28716106087167
283	46.84914664601814
284	46.16841250539708
285	47.16776208216731
286	46.778463145945274
287	46.080056571857995
288	46.57021288416398
289	45.4318835035704
290	46.6743077252107
291	46.919305851176176
292	46.268739628721846
293	45.7880388310085
294	45.48898286979315
295	45.49663147969588
296	45.346131682695315
297	46.32720166767107
298	46.96666413861264
299	46.483432340992614
300	46.72652266799127
301	46.570619048850936
302	46.78366537044906
303	47.912399656745244
304	46.134366911961386
305	47.70378652071528
306	47.284880721838555
307	46.60742850604289
308	46.06239487791438
309	46.10157074971222
310	45.232913211523154
311	46.58611394075308
312	45.243971388079686
313	46.38774409177839
314	47.350033814675015
315	45.46577172429645
316	46.56773573822379
317	46.61630530002923
318	46.490583721980734
319	45.69187229484572
320	45.81173656612525
321	46.929188209406256
322	47.18277429357165
323	47.79125700708373
324	45.7920046655865
325	47.41413282926467
326	46.40649718718649
327	47.192577757247264
328	45.74624777436442
329	45.30144705885297
330	45.88990458650007
331	47.13367664085495
332	46.51970433330884
333	44.956924801948006
334	46.408537547343656
335	45.690772114758055
336	45.48202990083867
337	46.11997248335892
338	45.09609520340755
339	44.74928674764549
340	46.041722023416156
341	45.686500240137384
342	45.188434624117114
343	47.68862902979096
344	48.106996201362385
345	46.786351669019375
346	44.479594903708374
347	46.180075840235745
348	46.473578064093125
349	47.283405119562374
350	45.32389977006527
351	46.63242915280739
352	44.74014402273791
353	45.8529610886754
354	45.00554922696517
355	45.82170987918629
356	45.33189926069861
357	45.71523248181635
358	47.57116026563028
359	44.73803608922049
360	46.954026468235874
361	46.95671829763743
362	46.885010518408286
363	46.290963544373405
364	45.80564393805137
365	45.44548478708077
366	45.55629926871808
367	45.48053494520145
368	45.17131812958557
369	45.01141636586814
370	44.64702281905359
371	46.61974542488901
372	46.60318642325368
373	47.929214595355184
374	47.47216413053934
375	46.70802780959595
376	47.95381547839116
377	46.73780118130949
378	46.72533470739722
379	45.691638125370986
380	46.1341082758632
381	45.098368507490086
382	45.613834272812404
383	47.08351201026278
384	46.990034330174154
385	47.420493227498795
386	46.223407014221884
387	48.27663516184847
388	47.24423016097155
389	45.60014433155297
390	44.478725733709844
391	45.81641116154077
392	46.68220191132902
393	46.97602126727625
394	45.84878587738114
395	46.48347425753583
396	46.63240995239953
397	45.58440189115775
398	46.67987147192086
399	45.03509032252503
400	45.82654435077775
401	47.27999574534961
402	47.01552140400653
403	45.79432126257244
404	46.84527178298137
405	46.70272399378663
406	45.92403480036484
407	47.28917195380308
408	46.50321989268971
409	46.05073906690014
410	46.98598776761126
411	47.148058698457874
412	48.126209689837694
413	46.00793797444078
414	45.03593184951769
415	45.41806032680415
416	44.472178570725035
417	45.96693212358369
418	44.6050430756315
419	46.80651597686713
420	46.058183143525625
421	46.360414300087825
422	46.788435476713374
423	46.47405707612001
424	46.064255762576835
425	46.49394121776905
426	47.46454495218872
427	46.24202128830697
428	45.9275935860691
429	47.72466011265987
430	47.30255603535498
431	46.26971129308128
432	46.0451628975518
433	46.31307899700487
434	46.92725601235084
435	46.27426561901277
436	46.37576522729523
437	45.029804652270585
438	44.94625143343751
439	46.18654972734016
440	46.620155154962056
441	46.55101150064329
442	47.349029713632824
443	46.44064593914644
444	45.65326841320731
445	47.30745572662707
446	46.28830129221222
447	46.45705556986904
448	47.27095567239668
449	47.07401595097941
450	46.77795344253781
451	47.868073910206945
452	46.05798645452433
453	46.455363159068135
454	46.41639255620331
455	47.582969783973724
456	47.93371188723303
457	46.74501693250184
458	46.58095036007568
459	47.12580391626594
460	47.11025183209217
461	48.29237954203624
462	46.19977475716683
463	45.53589555975506
464	46.567148527979924
465	46.50778274572058
466	46.9006600162437
467	46.60760680273149
468	46.55282724893575
469	46.62145658939523
470	47.28677684663404
471	46.78071368063084
472	47.6929084955133
473	48.113373857489464
474	47.82224547168294
475	47.578214767662615
476	48.13582430398098
477	48.16618944753259
478	47.33974644658923
479	46.357513994135964
480	45.95153748525199
481	45.40590175260032
482	47.14302150065092
483	46.91333547453736
484	46.255432843189936
485	46.7697967753201
486	47.028783644104564
487	46.011661103561856
488	45.828801466708384
489	46.36016670325124
490	46.735136140807455
491	46.44914398396994
492	47.807085055018476
493	46.66127842597049
494	46.60855677617113
495	47.189038968383166
496	45.942676856567175
497	46.26655424121699
498	46.935588673996406
499	45.97174024182025
500	46.937624474476586
501	46.95864890961099
502	47.00388627168592
503	47.696795037903236
504	46.439963168326344
505	47.31731253245279
506	47.170180351698185
507	46.393091523487776
508	46.953643916887614
509	46.60213622686374
510	46.01544190790595
511	47.630311073676985
512	46.0070056712721
513	45.5079724750114
514	47.38827041924219
515	46.677482014693986
516	47.88334649662369
517	47.517158193272145
518	47.513374551540615
519	48.28899273435133
520	46.82837141573684
521	46.50032470515074
522	48.735674488172684
523	45.92301828367647
524	47.629478147911875
525	46.595430609569874
526	47.5270589504474
527	48.548610986487
528	47.08306564689329
529	46.79546572226003
530	47.107286135864435
531	47.67654827298753
532	47.17440938841378
533	47.29562797500398
534	45.83702130636344
535	47.137096452834996
536	46.66464582462704
537	46.525545800962334
538	46.920242982768485
539	45.598795950397864
540	45.91573687256048
541	48.3241243567406
542	46.304006279447215
543	46.58784976443036
544	47.40157062165173
545	47.85445936770334
546	47.80718443154788
547	47.54402316234093
548	46.132073070792536
549	46.098182514650205
550	46.42206489797077
551	48.714404270619056
552	46.38186028635508
553	46.610956402739696
554	47.656877118287206
555	47.424157164488776
556	47.98558925621612
557	47.445187365881864
558	47.02280449512589
559	48.82732059485519
560	47.402558949875406
561	46.79680478342386
562	47.90425123602175
563	46.09559959422766
564	45.45130535614547
565	46.40579294603565
566	46.40310428994069
567	46.04410860842263
568	46.31402759297709
569	45.80705777875707
570	46.03234762042338
571	46.63721625638079
572	46.10670492704397
573	44.54697884976844
574	46.99043893893698
575	46.46325168147391
576	45.542984273764475
577	47.549623505285396
578	46.165087509538026
579	45.11829409884696
580	46.98552486039917
581	45.361642421466634
582	45.33308487486628
583	45.47990910237683
584	46.30996822691356
585	45.61458727397434
586	45.7184592671472
587	45.224791857279875
588	44.165012884010864
589	45.29585326635089
590	46.25207502438723
591	45.473489440231226
592	46.05051330811442
593	46.65725902865234
594	45.805968547397136
595	46.147985937253
596	46.02483019077383
597	46.4512610563234
598	44.94688868226554
599	45.884060942958904
600	45.3756308935905
601	47.124122094493806
602	44.721645670259235
603	46.55009558452593
604	46.26384099660776
605	45.53158944806961
606	45.89244002981789
607	45.991994739321676
608	47.29236465673529
609	46.34066790860449
610	46.7436449144528
611	47.73449127530323
612	47.127599889245886
613	47.870738187581146
614	45.764265247577015
615	47.14488302656499
616	48.21172992178378
617	48.358609448370885
618	46.87160613660331
619	47.42248914434036
620	47.39333294622352
621	46.10250854583353
622	47.59039322323011
623	46.495968458012705
624	46.51838392407291
625	47.30784041354012
626	46.81747092236666
627	46.34561794269578
628	45.50826582844489
629	45.6222905572368
630	45.06189087632557
631	45.14895215831844
632	46.271568469874474
633	44.86408459510721
634	43.90802954022331
635	46.663301497805634
636	47.19469818672424
637	46.87999332214733
638	47.10845826265586
639	47.987218618917304
640	47.351189979041116
641	46.61915362012509
642	46.84857309617939
643	47.056144218144084
644	46.97096978077196
645	46.4368933949516
646	46.63449817583737
647	47.76174093017142
648	46.597622111963574
649	47.29740002766351
650	47.16581068914716
651	46.64338340540296
652	47.12060561587758
653	46.619869139236144
654	46.944397683801206
655	46.34370205509294
656	46.92441306621727
657	45.988720765045855
658	46.319908135975915
659	45.579097641915
660	47.02011582446596
661	47.14509023997293
662	47.5308920333784
663	48.120469011717034
664	45.986851158344976
665	48.06889059498033
666	46.18099266876921
667	46.122241603585294
668	46.426404495501615
669	45.431109636158254
670	47.61544824065779
671	46.22684315338735
672	47.21347129174719
673	46.320022334391034
674	46.76459777628864
675	47.1315942133008
676	45.370920908475355
677	46.3607504135105
678	47.13509240734782
679	46.96931497774919
680	47.05785590924923
681	46.702256703317566
682	46.496668078095574
683	46.91547004266846
684	45.31499233252041
685	45.40021165580007
686	46.34564205378646
687	46.38170241752742
688	45.66930994440822
689	46.04383150975814
690	47.30369221895423
691	46.60999994732019
692	47.02011213325455
693	47.051673514769305
694	47.57451122992341
695	46.30858008102267
696	46.639134471357316
697	45.59877413776239
698	47.218295351066104
699	43.97241327594975
700	45.998672688461106
701	44.472462856818076
702	44.62702768003239
703	47.177118267251565
704	47.13738392541185
705	46.845281185187055
706	46.804794992390605
707	46.18684816318449
708	46.44551387832587
709	47.18919738019102
710	45.408711786465034
711	44.20521257772955
712	44.5679522916731
713	46.78703110376723
714	46.84173854037631
715	46.402788387159745
716	45.32050284676732
717	47.78108920047807
718	48.34123813177023
719	46.729432060377704
720	47.05874309149369
721	47.05222328370879
722	45.91592941722854
723	47.158645055751606
724	47.32290090420803
725	47.98853604552269
726	47.9294282867384
727	47.31218998127664
728	47.18122456818792
729	47.649243619602686
730	47.6725450164362
731	46.91428718205966
732	48.168285506422905
733	47.100081095730275
734	48.03447374176512
735	47.594608476578664
736	47.14955529947679
737	48.434254128536544
738	47.28252593334917
739	47.45938944624781
740	47.09940952575787
741	45.3189603391669
742	46.75726480206708
743	46.30023142666973
744	46.53133715759267
745	47.76526378442511
746	47.213523003860544
747	46.82668627579632
748	45.42388038419084
749	46.83816793874808
750	47.1136596308597
751	46.778775474088064
752	47.002082297891405
753	46.401487937812696
754	46.04554355515957
755	46.52860860752191
756	46.111894700171156
757	46.63849124268739
758	46.4169932770534
759	46.192067337855406
760	47.28153804819451
761	47.90766604022983
762	45.6094419419427
763	45.95545191641
764	45.99163845719338
765	47.1919549239194
766	46.869607485503714
767	46.907583602046635
768	45.276545700891056
769	46.658032503739065
770	46.27390601900619
771	46.23679518143121
772	46.91748589895482
773	47.82882780616548
774	47.486932394959325
775	46.24120988577624
776	46.64081116067379
777	46.28697489603465
778	46.373953854474316
779	47.45016152020497
780	45.45783999361536
781	44.76967313014569
782	45.141117857536386
783	47.452926039885384
784	46.22475688408758
785	47.8546859625409
786	47.180102069798515
787	46.81488732326508
788	46.40382275975252
789	45.45430509986685
790	47.66623705442422
791	47.781687987168574
792	46.52326356640951
793	46.77602555220876
794	46.53489387064072
795	47.65630954421207
796	47.9470014657775
797	49.360332758543265
798	47.59666788169664
799	46.39786094259596
800	46.82362931684278
801	46.974241026106206
802	46.544538861368615
803	46.56164081837229
804	46.01737289808546
805	44.90908466001183
806	46.19555327201924
807	46.76645251791272
808	47.37780134881372
809	47.80154426227634
810	46.322987786334096
811	46.867276515952696
812	47.61722654601517
813	47.82436990535128
814	46.752822711512245
815	47.699917434390024
816	46.58055163837944
817	47.36234886759696
818	47.29439817199414
819	48.61164133234113
820	47.10132226093782
821	46.58466537078548
822	47.84403241397725
823	47.63926638216627
824	48.28184195258226
825	48.56191028813524
826	47.55045051186619
827	47.15859808841018
828	46.27621985327966
829	46.5150879376477
830	48.119994650639065
831	47.83889204394147
832	47.417016743099026
833	47.58955013293785
834	46.99130187270908
835	46.10709759215671
836	46.51667008032661
837	46.34792426845469
838	48.091365752398055
839	47.39590879491992
840	46.02440571563778
841	47.08470980525109
842	45.87626306333407
843	46.48803849535397
844	45.76106854379282
845	45.800493244937634
846	47.0594425186289
847	45.889581415308726
848	47.33481370283215
849	46.41094758454482
850	47.296816727523854
851	47.005125715284194
852	47.56650337965115
853	46.27870227020692
854	46.75290635045917
855	46.84633776878769
856	47.172384720244416
857	46.38919856760836
858	45.83993660616453
859	45.28374659767296
860	45.6600263898241
861	45.90616872019578
862	44.54930841668045
863	47.38967388193947
864	45.859537704471116
865	45.97768636474749
866	45.972279934533425
867	47.55097299742451
868	47.25849879549391
869	46.64278420973123
870	45.73805089592532
871	46.97988060737932
872	46.79254429917034
873	47.20178981123021
874	46.28153758509387
875	45.346869768500085
876	45.251662838937385
877	45.640761228782765
878	45.5786676142878
879	45.693280376710504
880	45.22239993746215
881	46.356377887103875
882	46.61075269388314
883	47.4607822635089
884	48.07731411387008
885	45.931041836923235
886	46.27575841479241
887	45.50740909664393
888	48.50351679372969
889	48.9968671416108
890	47.5713232156057
891	48.58806412733627
892	47.16813420008154
893	47.45214315717215
894	47.22703895444455
895	47.32837565046514
896	48.399303992568974
897	46.69436029381251
898	46.82103264438675
899	47.267259045651784
900	47.554420791937375
901	46.10168793252738
902	48.40427976873978
903	47.655655416655414
904	47.77804509087354
905	47.06665809261147
906	47.61764551135539
907	46.91110593928576
908	46.877279916913494
909	46.17769142088717
910	45.89112039908875
911	47.63800890960989
912	47.31097814970336
913	45.84832040405072
914	47.04956228110862
915	47.64481616028904
916	45.87134254548745
917	46.42025748913915
918	46.67212612005332
919	46.99513181663186
920	47.13321901055837
921	47.06884716053419
922	47.7006837071475
923	46.586627539900945
924	48.07193668057031
925	46.626771960797036
926	47.1410327040222
927	47.001648535909055
928	46.29701846552225
929	46.92610057783871
930	46.442013313316885
931	47.11130303882735
932	46.41149979118849
933	47.445255652831186
934	47.10033044264925
935	48.01123360005225
936	47.1304981563619
937	46.798570546718345
938	46.90866066872444
939	47.69238209420559
940	47.00631876991697
941	47.34420989908665
942	47.09404216437895
943	48.29440008159687
944	46.62754753592428
945	46.44189950221345
946	47.62813700756316
947	46.31601276248109
948	46.00545066525946
949	46.07955445509786
950	46.80045721459757
951	45.98302279346614
952	47.39940819163532
953	47.935443458893374
954	46.232518490767475
955	45.809959069482304
956	46.91454883452678
957	47.981974566784096
958	47.177705866289756
959	45.97252194607994
960	46.64944383672662
961	46.47744940295323
962	46.10732881567428
963	46.79448798532331
964	47.20735298399025
965	46.413091716687596
966	46.43138957420463
967	45.87792065924459
968	44.97770750530801
969	46.54979467687032
970	46.93672501152159
971	46.838164034675415
972	47.14805066720247
973	47.03685982045573
974	45.53207473725893
975	47.08765623150699
976	45.432381580805085
977	46.58381976227268
978	47.38875339036431
979	46.41049739055982
980	46.15748409424503
981	47.53455725062731
982	47.661944019232166
983	47.53538987913119
984	46.62973412125176
985	47.56273272792987
986	48.58824206704735
987	46.052863856328095
988	47.18742392312992
989	47.00885821346878
990	48.75154537907637
991	48.60897754811537
992	47.882384230849425
993	47.79221580662126
994	46.856809422734166
995	46.60577194305545
996	47.72756555493075
997	45.433249728465825
998	45.079309867038845
999	45.15796778585995
1000	46.63570663689758
1001	46.88225267985552
1002	46.25528375655713
1003	47.41328297268625
1004	46.631960162146804
1005	47.73423711296267
1006	47.137662440464545
1007	47.254181355364054
1008	46.76995488574255
1009	46.221752388294526
1010	48.258869200302094
1011	47.80786412080026
1012	47.49784211952005
1013	48.27996735690185
1014	47.87490196426777
1015	47.199533318666894
1016	46.56649254635058
1017	46.95648054382458
1018	47.70125541547365
1019	47.512457302269226
1020	47.382603539782835
1021	46.310731173365916
1022	47.15584271873532
1023	47.156051812787645
1024	45.61799201663316
1025	47.425136865817194
1026	45.00833958175507
1027	46.33248130904775
1028	46.153394499873876
1029	46.50411724153108
1030	46.511166233842935
1031	47.28489368355794
1032	47.22899623317588
1033	46.61615013437117
1034	47.320757569180714
1035	47.39992882179402
1036	46.86065020664766
1037	47.881005061969645
1038	48.13451266148292
1039	46.814561624602604
1040	46.27138121875935
1041	47.22275546240488
1042	47.653561076164394
1043	46.461905921992155
1044	47.500861594614335
1045	48.469318706199
1046	47.474850295771915
1047	45.832185143284434
1048	46.57032967475936
1049	46.28102754136357
1050	45.5528118916759
1051	46.58555467062196
1052	46.1553752826293
1053	46.669747000343904
1054	47.14886224465838
1055	48.59345472348625
1056	48.45369330473862
1057	49.33954105144869
1058	46.67670811572766
1059	46.146360752805386
1060	47.26784388143392
1061	48.00042465009751
1062	47.34507241231298
1063	47.28888053297712
1064	47.109208271946926
1065	48.58266922100718
1066	47.91858003823552
1067	48.42604103276218
1068	45.89596486603695
1069	46.4847844854884
1070	48.35848182905714
1071	47.15588784281214
1072	46.77596175649236
1073	46.73862093058324
1074	47.29284019484467
1075	47.563600117662695
1076	46.08146503208591
1077	46.12486556887846
1078	47.69014682067475
1079	48.75816565649224
1080	48.192025044873844
1081	47.999976548784
1082	44.681391833913636
1083	47.35600143733063
1084	47.27640603625051
1085	46.481732804849266
1086	46.02439259721021
1087	46.765482091410064
1088	46.54029581586974
1089	48.15449934835823
1090	46.01421575785571
1091	46.92958986432292
1092	46.98827393581122
1093	46.947250536118915
1094	46.57199592189904
1095	47.30597766769697
1096	45.9574685570906
1097	45.808095332735114
1098	46.855889618613084
1099	46.41162570543032
1100	45.310498071003956
1101	45.39255868860238
1102	46.67965927146332
1103	45.96912984375998
1104	46.45791028107219
1105	47.29807583544295
1106	46.9640218165132
1107	46.837097138061026
1108	47.33441249463249
1109	44.55996483176233
1110	46.34170406660456
1111	47.61063627119876
1112	47.02540172008421
1113	45.97957750998081
1114	46.60932372021135
1115	47.24110915272309
1116	47.881224931608706
1117	46.29880151495643
1118	47.89755038309272
1119	48.32686162573101
1120	46.21514607191941
1121	45.504787219811085
1122	47.34819694130684
1123	46.34078435793023
1124	46.02146389266122
1125	47.91799878909093
1126	47.01828083411885
1127	47.0333048462822
1128	47.8525038056505
1129	48.09422579001063
1130	48.044326861419094
1131	47.15826483939987
1132	48.372827244482075
1133	46.021509171382405
1134	46.57028496644414
1135	47.25369215095661
1136	46.37394871920477
1137	46.10027936059119
1138	46.53234588319664
1139	46.90596646164209
1140	46.351954119672314
1141	46.982682800801825
1142	47.484314825985216
1143	44.70147924487986
1144	47.70687998820965
1145	48.65025425727114
1146	47.66662990795467
1147	47.3304761858684
1148	47.33476449016384
1149	47.51157774258416
1150	46.309123106775345
1151	46.29679701951195
1152	46.11552010096456
1153	47.10655502247712
1154	46.05091177601025
1155	45.99956713386719
1156	46.70590263090072
1157	47.48045645945726
1158	47.4371032603789
1159	47.706399834196326
1160	47.661616733657056
1161	46.10382503593219
1162	45.98337375294652
1163	46.96357331846463
1164	47.298751713633855
1165	46.999132742021075
1166	45.57535143532961
1167	45.807698861692685
1168	46.98901434178396
1169	46.694743098315975
1170	46.09591070782407
1171	46.54754742860904
1172	45.8886209350997
1173	45.916241618992295
1174	46.622759453848964
1175	45.23535106558691
1176	46.007810518773475
1177	46.5339034337045
1178	47.604949275896146
1179	47.041150707520465
1180	47.40148283735213
1181	48.51757638052381
1182	47.473416144685146
1183	46.88707125918485
1184	46.24395115575666
1185	46.90020903717303
1186	46.48336623269176
1187	46.919678526477334
1188	46.08684083347997
1189	47.08048560439002
1190	45.868014669672505
1191	45.542772752796225
1192	44.54546002184313
1193	45.97984680384129
1194	45.672227297846334
1195	45.07665987336151
1196	46.76183665975094
1197	47.05519177039651
1198	47.5534835648766
1199	47.37770902113727
1200	46.76218528396114
1201	47.92766584614443
1202	48.68680058035524
1203	47.09476847270452
1204	47.113361584516
1205	46.937361846494035
1206	46.11456648497947
1207	46.73954764290194
1208	47.74181419789734
1209	46.21604095683455
1210	46.4518091232603
1211	44.61249282207515
1212	47.519556626164004
1213	46.3829929424755
1214	47.64176193031016
1215	47.216912483370685
1216	47.448817588023616
1217	47.70408955470717
1218	47.46839672537562
1219	47.533806857738156
1220	46.21399215739687
1221	46.45233183670251
1222	47.0700986143682
1223	47.65834658112522
1224	48.0945521357475
1225	47.837460008021715
1226	46.98034325510196
1227	47.74716477470013
1228	48.3200386195121
1229	46.80053575454372
1230	47.17689702191856
1231	47.87278359532073
1232	46.44897624908621
1233	47.64885699842819
1234	45.44057733067261
1235	47.878797422234186
1236	47.13377779174876
1237	47.85170893439425
1238	47.832005987200446
1239	48.40267121427801
1240	48.66992710773927
1241	46.96586416621501
1242	47.094421422647066
1243	47.91755454395733
1244	48.773893418083
1245	46.07152745632889
1246	47.14972746061332
1247	46.673394304875195
1248	46.87386173788749
1249	46.799962227086255
1250	47.35193078936625
1251	45.63135326683993
1252	47.644189018393625
1253	46.927114075673735
1254	47.63186565377078
1255	47.38980178220691
1256	47.55283969915198
1257	47.33411986329734
1258	47.70278974492077
1259	47.19051012305478
1260	48.72547028244457
1261	47.458785328896425
1262	47.01474615175982
1263	46.70140229835574
1264	46.27381906713962
1265	45.21701328765032
1266	47.01242622652256
1267	47.45905294324182
1268	46.183522471130445
1269	47.46353996068214
1270	48.23744201483019
1271	46.8762255243618
1272	46.2847814536578
1273	47.284632656540786
1274	46.480983964201734
1275	48.950695484190106
1276	47.144270151409344
1277	45.61964923545496
1278	45.779933025175104
1279	46.825674614803
1280	46.89689319285084
1281	46.873617647633125
1282	45.01410797607173
1283	45.36160686264253
1284	46.0221177898272
1285	47.03800919515181
1286	46.38141967524432
1287	45.281520246939884
1288	47.15542563413324
1289	46.222384849885636
1290	45.7320322737731
1291	46.95596511184551
1292	46.18024663035232
1293	47.579425761892914
1294	46.23702024669887
1295	46.09153279421061
1296	47.37363923055612
1297	46.412814000736866
1298	46.041477763437996
1299	46.334060425989044
1300	48.29393433907427
1301	47.8557300644075
1302	48.17196710886271
1303	46.671796328949064
1304	46.3690264029181
1305	46.66323616212475
1306	47.56672845462679
1307	48.231602753998295
1308	46.93928192957395
1309	47.69599342575759
1310	47.32100861642719
1311	47.349432145051345
1312	47.98022245922742
1313	48.86309644224704
1314	47.56827419479523
1315	49.97047098040982
1316	47.398591712323224
1317	49.845149914695966
1318	48.661106765491354
1319	47.41195482383396
1320	48.627075092444656
1321	47.33377862279342
1322	48.36227797588179
1323	49.69692800370873
1324	47.96462659729098
1325	47.01490469831382
1326	47.7182517522366
1327	47.03941688512138
1328	46.788255996689735
1329	47.217730302178694
1330	46.34431488107656
1331	47.73789453898761
1332	48.65108097145575
1333	47.457404093699566
1334	47.355620872009325
1335	48.67010806569516
1336	48.48295713159991
1337	48.07940461970948
1338	46.56141822361765
1339	48.28945698202081
1340	47.76426365753405
1341	46.0805316388609
1342	46.89404679148429
1343	47.15134307370669
1344	46.300100610120204
1345	46.57578520717684
1346	47.64505787908605
1347	46.3424885799379
1348	47.189831157346426
1349	47.285915991980424
1350	47.192504393423185
1351	46.99605025127735
1352	45.73153937066692
1353	47.04909285516564
1354	47.13096171091984
1355	49.02034029229224
1356	48.47320589233004
1357	48.040196967471296
1358	46.686840080122074
1359	46.79654106636119
1360	46.79511524347984
1361	47.37383688253591
1362	48.85987016273138
1363	48.41455707892941
1364	49.35988140596997
1365	47.824050473720405
1366	47.056253848091345
1367	48.446775980777815
1368	47.06996930464654
1369	49.09154712352623
1370	49.15214184118592
1371	47.65630390819484
1372	48.29076727562109
1373	48.80386117835089
1374	48.47205060480105
1375	47.373398710374964
1376	46.974777890927825
1377	45.7760019278846
1378	48.55680801591444
1379	47.75485628772997
1380	46.921534202911715
1381	47.41305603524659
1382	47.03724235989222
1383	47.25499819402202
1384	46.73271848780536
1385	47.91418233436454
1386	47.80993197760165
1387	47.79978381800143
1388	48.428871786542224
1389	48.562919302019495
1390	48.879809606350975
1391	48.138682803591806
1392	45.84425165101463
1393	46.91011193003331
1394	45.97537674336507
1395	46.90761018632529
1396	47.18168955313426
1397	47.02347360539797
1398	48.87007164119911
1399	46.703715256972544
1400	47.77917253304595
1401	46.13662263094352
1402	47.34224118018121
1403	47.56427457220572
1404	47.15465285267066
1405	48.22580569839543
1406	46.32877671328143
1407	47.14729762575394
1408	48.11604894056947
1409	47.337884849692834
1410	46.689340596933874
1411	46.109427677328405
1412	46.933525605642835
1413	47.43514015087082
1414	46.47923915211628
1415	46.79972303984785
1416	46.66615378889064
1417	46.51907401061092
1418	48.13126050396473
1419	46.73294505541328
1420	46.40179749565028
1421	45.14549049742095
1422	46.12504682974077
1423	45.1969349140262
1424	45.35507034298593
1425	46.37863859957957
1426	47.27929597035664
1427	47.21392391936602
1428	48.10641245271254
1429	46.436106263971695
1430	47.56572935484935
1431	47.55991675827087
1432	46.88133015229297
1433	47.82096760148423
1434	46.68500110577434
1435	46.44673102844231
1436	47.071849056011786
1437	47.85795666731506
1438	46.560364017866945
1439	48.535911535523994
1440	47.040721459116256
1441	48.59611363509595
1442	46.36624335346494
1443	47.88993461365557
1444	46.80295540305183
1445	46.727109454702756
1446	46.111976897192754
1447	46.02550599130238
1448	48.77221118245764
1449	46.44272719780549
1450	47.12454616750528
1451	46.41048531150726
1452	46.27322574944917
1453	47.308376855081505
1454	46.21204913490187
1455	47.376838893740675
1456	46.82422748335402
1457	48.22135794952228
1458	48.063877926887436
1459	47.06293065205403
1460	47.27053443158647
1461	48.53411956623413
1462	48.721073202328945
1463	46.993886653285486
1464	47.10199339656122
1465	48.07553945070542
1466	45.705680896736105
1467	46.32421567805217
1468	47.14408023633832
1469	48.833341606009256
1470	46.51343134658163
1471	46.93808566003405
1472	45.98287880335081
1473	46.72636760776168
1474	46.2024901559043
1475	44.80986307947703
1476	45.71335852897511
1477	46.26749866365609
1478	45.5467833477907
1479	46.56041649321555
1480	46.15312535996653
1481	47.36481691104948
1482	47.61230207637978
1483	46.5085828274771
1484	46.787776820333704
1485	46.23445618081966
1486	47.112760857135946
1487	48.34456439111091
1488	48.599414189228554
1489	48.181133822884966
1490	47.55286068724053
1491	46.11068670477529
1492	46.83823922253422
1493	46.7158645775042
1494	46.913913125756935
1495	45.64225382810281
1496	47.22315552559991
1497	46.062233284799916
1498	45.498638077528476
1499	46.87431270895166
1500	45.408034082217945
1501	47.00393887423389
1502	47.1963745716946
1503	46.42291198948576
1504	47.4941124083524
1505	47.15817980480485
1506	47.08420761157516
1507	47.99457660917675
1508	47.158445579654156
1509	48.34117470064896
1510	45.570914027659185
1511	46.125822416642386
1512	46.05848547010201
1513	47.01603893310865
1514	47.253738851793194
1515	47.806358228682335
1516	47.66470201672588
1517	46.75313190772496
1518	47.26355884032623
1519	48.46581771893332
1520	47.71543163515187
1521	47.738834720967965
1522	47.32022414592127
1523	47.49730666411363
1524	46.714583065602675
1525	45.935419715177986
1526	46.209389753442984
1527	46.989713878063945
1528	46.607832376851384
1529	46.39255966076241
1530	46.49772975247984
1531	47.41910169833688
1532	48.18167994130031
1533	47.27736954506835
1534	47.9208193547588
1535	47.63570927691717
1536	48.699292858641336
1537	47.33187848456191
1538	46.23985612856915
1539	47.00674257493242
1540	47.65616633361381
1541	47.037683718185384
1542	47.57056140420856
1543	47.06293645435734
1544	46.92799785613037
1545	48.451263172239145
1546	47.20568898547713
1547	45.619882350042275
1548	47.87160707684489
1549	47.278016464520725
1550	46.61286487345113
1551	47.31416948954222
1552	46.60300318863109
1553	46.9663812336044
1554	47.67450920599951
1555	46.077735222517205
1556	46.97015799790892
1557	47.7122326302928
1558	47.30981154225674
1559	47.85589338273492
1560	46.793351815956626
1561	47.17414607312556
1562	47.018879442732974
1563	48.18758869449345
1564	48.699246974011615
1565	47.513957910052035
1566	47.172484109805275
1567	45.679763405723065
1568	46.91668498754796
1569	47.74987150181354
1570	47.679144538792805
1571	46.70673772858133
1572	46.867636157100684
1573	47.532740166262556
1574	46.86786862778078
1575	45.994719004613785
1576	46.979813786262504
1577	46.722537936537165
1578	47.34370963180545
1579	46.8255271362387
1580	46.11736988451347
1581	45.967656391954705
1582	46.101099933550046
1583	45.74019326469255
1584	46.11273911836321
1585	45.77774547294298
1586	45.9453859376853
1587	46.5319419340058
1588	45.32136357315178
1589	46.77974652427117
1590	46.02232206823998
1591	46.61672866705649
1592	46.96402782565467
1593	46.51707061942176
1594	44.77716216855451
1595	44.965255448011185
1596	46.356374603931776
1597	45.54610305790329
1598	46.487384074801135
1599	46.10528850687998
1600	45.99973019640061
1601	45.28970043468354
1602	44.48995758125508
1603	45.14970215938284
1604	46.74908527442741
1605	46.62874246491696
1606	47.04083400090935
1607	47.89316919337599
1608	47.2613702151105
1609	47.316274733787324
1610	46.682424953917305
1611	46.777344246783706
1612	45.49747927004407
1613	48.47655207341848
1614	46.89576096822996
1615	46.25718523439571
1616	46.68435305064415
1617	46.39140108264722
1618	47.406398940628804
1619	48.702460407295106
1620	46.838781018224765
1621	48.89612441532641
1622	47.913603720456436
1623	46.759756522267814
1624	45.39407694013419
1625	46.63409580151259
1626	46.31911959425097
1627	46.54718285931334
1628	46.90805466329368
1629	47.25338903577479
1630	46.665914197742715
1631	47.462906329346175
1632	46.0121957661975
1633	45.993345615212704
1634	46.779149314972734
1635	46.887127188235226
1636	46.94984275694837
1637	47.83188109467246
1638	47.511420526167136
1639	46.36244463304535
1640	46.997521409434924
1641	47.390997878560285
1642	47.36591602478137
1643	46.10727692709536
1644	45.90741760160722
1645	47.144677707856445
1646	48.44222048249493
1647	47.99102650475833
1648	46.6746651607712
1649	47.1915967048993
1650	46.70474116758516
1651	46.10303956259748
1652	46.828436122145035
1653	45.74314373253171
1654	47.37428099432882
1655	46.1457092936757
1656	45.53359825462019
1657	46.144233183239855
1658	46.95279894556285
1659	45.09445195757299
1660	46.133726238006695
1661	45.263903995394195
1662	47.53119072044352
1663	45.905389756385034
1664	46.87911277883899
1665	46.769246728538405
1666	47.04836361315189
1667	47.20620402515113
1668	49.16135280145151
1669	47.151507053972146
1670	46.51890333558788
1671	47.27070339385408
1672	46.890142560661964
1673	45.825428752474515
1674	46.93660969565116
1675	46.896259482202254
1676	45.390690611234085
1677	47.35893955601856
1678	45.81790037506071
1679	44.3975335204976
1680	45.63435354444371
1681	45.46187853566251
1682	45.12320513399138
1683	44.75155042121764
1684	46.33715820574417
1685	46.302270431624706
1686	46.04397762749276
1687	45.70070473778951
1688	46.32582511791686
1689	46.32987762082889
1690	47.727166956824725
1691	45.6073474764033
1692	46.4241442495557
1693	46.77369797476326
1694	47.23251316219484
1695	46.05438466426281
1696	46.03541929275235
1697	45.371908975659046
1698	47.35613649979791
1699	45.76421082583867
1700	45.406421561707
1701	45.594086090971416
1702	46.31829327022977
1703	47.4774365453749
1704	46.51683563063616
1705	46.542978267078304
1706	47.078934333172384
1707	47.014084163947054
1708	46.624025990845304
1709	46.46149895303647
1710	47.69174841380842
1711	48.24166421700829
1712	46.03231966417904
1713	47.40431042562662
1714	46.64505315077854
1715	46.486323453661136
1716	48.329054700441574
1717	47.28038764531041
1718	47.36552909278864
1719	47.34152801142831
1720	47.64689035441946
1721	45.53238590798604
1722	46.38993234349602
1723	45.9255711915905
1724	46.668603706092235
1725	45.44139534527617
1726	45.725494921758404
1727	46.355350901225016
1728	46.212552003601274
1729	45.93344989039261
1730	45.32978969822581
1731	46.724720997826466
1732	47.54928075089446
1733	46.52005839238452
1734	46.26352462991504
1735	46.788267988761085
1736	47.25209234143342
1737	47.80073467967605
1738	46.17951117292065
1739	47.48047751965216
1740	46.42837801017227
1741	47.56600064502779
1742	47.318683910723145
1743	46.94015168238246
1744	46.185064696926126
1745	46.891577902833454
1746	45.69203150521013
1747	46.457331850886455
1748	46.39148632308835
1749	48.10442357424799
1750	48.04868365544675
1751	47.01061435455712
1752	46.948401074755424
1753	46.26216905535509
1754	47.074124234861564
1755	46.20110138977142
1756	46.00047377528783
1757	46.10122445169124
1758	47.42394520962441
1759	47.76996127169682
1760	49.17337124345879
1761	48.78654461355435
1762	47.4985276933029
1763	46.41491033361171
1764	46.72528476673583
1765	46.98243247723943
1766	47.625852456761194
1767	48.55838667265135
1768	48.00491765667992
1769	47.711784477818384
1770	46.759736130336606
1771	46.70217872935533
1772	46.43750408054455
1773	45.49602532072447
1774	47.11508944679409
1775	45.31577737875724
1776	47.43799924403608
1777	47.80770984720162
1778	47.35644454518858
1779	47.65870603243143
1780	47.90065476024153
1781	46.84296270207702
1782	47.17585349082954
1783	47.72996211717355
1784	48.70701872579347
1785	48.875314810763825
1786	47.755471709855655
1787	47.491513608139115
1788	47.17626861678409
1789	45.49840645522003
1790	46.703553192036665
1791	45.96018818052206
1792	47.31048056042345
1793	47.20273372404823
1794	46.40259397712117
1795	48.41862533823754
1796	46.42912135425614
1797	46.755119467427804
1798	47.579796193299025
1799	47.56454978527713
1800	47.6041856423584
1801	46.4574434154361
1802	46.02944563264261
1803	45.03420312390332
1804	45.25204520147223
1805	45.364728362150906
1806	45.81292981872966
1807	45.63232721221648
1808	48.15209851338425
1809	47.22784342402691
1810	45.101474439196956
1811	46.563153167929435
1812	47.42257856898172
1813	46.889549621758135
1814	46.4857807537415
1815	47.389369322745495
1816	46.64948378709826
1817	46.90489324578938
1818	45.595082969334975
1819	45.64226106936778
1820	45.73621420412462
1821	44.66337469778471
1822	46.328053508992106
1823	47.425274434297044
1824	44.97924526005793
1825	47.61092932290171
1826	46.82554667000595
1827	44.94491028566665
1828	46.21812500632287
1829	45.71127447585794
1830	47.347477035584994
1831	46.66538711660278
1832	47.246009007700486
1833	47.479349129335425
1834	46.983605028258324
1835	47.200308691279965
1836	46.84508227891379
1837	47.34849241302908
1838	47.74849720078756
1839	47.59765296342632
1840	47.3806490498544
1841	46.67765442359008
1842	47.78459535632277
1843	46.813124722017626
1844	47.90626318165111
1845	46.16107485007951
1846	45.73744774437074
1847	47.35021471838475
1848	46.53649646700956
1849	45.89336856886706
1850	46.9295763513105
1851	46.26850699854771
1852	46.0567138717815
1853	48.15950940929218
1854	46.68884489438023
1855	46.47807126328368
1856	46.88989406311404
1857	46.180806315736696
1858	48.13376934786457
1859	46.51028268896153
1860	46.319353214820744
1861	47.86046731594198
1862	47.46383363087156
1863	47.25813665687394
1864	45.518987268051234
1865	45.644263809560385
1866	45.48125417900468
1867	46.60793176461433
1868	46.06438540748861
1869	45.945825496406286
1870	46.585625638941416
1871	46.693851045717224
1872	47.35633217938943
1873	46.18353769653032
1874	45.41226385872743
1875	46.66445401426794
1876	47.064124119139095
1877	47.606459148784474
1878	47.02782679093846
1879	46.92587950106077
1880	46.50756235152899
1881	47.283952931214216
1882	47.12468075536003
1883	45.76038904418819
1884	46.66972501913897
1885	46.699766878688386
1886	45.35304024628938
1887	46.03401464298452
1888	46.2660229685162
1889	47.812747727048304
1890	46.86228162930303
1891	46.99612622571605
1892	48.36153277272981
1893	46.42236697275373
1894	46.816982264567834
1895	45.7565479787727
1896	45.804748956536386
1897	46.36108095914914
1898	46.40607113236048
1899	45.086486206804075
1900	46.41352126592985
1901	45.55554212210573
1902	44.64586544336902
1903	45.87469774740915
1904	46.69222199682545
1905	46.87965470875409
1906	46.93874553461081
1907	47.429422456565135
1908	46.70919516129161
1909	46.186017923025965
1910	46.43306780302132
1911	45.70902639282004
1912	47.12988174864846
1913	46.49674995926538
1914	46.87221369923317
1915	45.3434545769848
1916	46.049880340537634
1917	44.61076482259524
1918	45.86481658908347
1919	46.868410437157166
1920	45.85449683810559
1921	46.76223656265414
1922	46.34445989257873
1923	47.45922854823346
1924	46.28975245941406
1925	45.79472631443945
1926	45.369762663382154
1927	47.062310169251866
1928	46.011604747654836
1929	44.75508024432319
1930	45.80732779784389
1931	45.427664265658976
1932	45.43827027864053
1933	44.87643920033095
1934	44.70490041868983
1935	45.359468114986235
1936	46.76432510021277
1937	46.675070184675846
1938	46.69984786483079
1939	48.14870641861071
1940	45.86678643786651
1941	47.49182225004798
1942	46.48566893553515
1943	45.94246482265658
1944	45.45755009283206
1945	45.80340787222145
1946	46.624476467295175
1947	46.354377900136754
1948	46.47780131363494
1949	47.244690740861216
1950	46.525149123190324
1951	46.94933755415739
1952	46.21149917663269
1953	47.041210042117804
1954	48.12257481642567
1955	47.81583741429852
1956	46.635972215804074
1957	46.996240706796165
1958	47.09339546033876
1959	45.65323321079144
1960	45.52402226267257
1961	46.58363011006337
1962	47.61618276349704
1963	46.79215206782231
1964	47.40563215330868
1965	46.317688688634654
1966	47.90113723551793
1967	46.82818188298094
1968	47.38439774124714
1969	47.34258130583825
1970	47.917688783012174
1971	45.37059466544385
1972	45.33513525290667
1973	46.64202951743533
1974	45.455705676043024
1975	46.100848355859284
1976	44.89381434731153
1977	46.340298105187365
1978	46.33915097349862
1979	47.16587561411988
1980	45.772303753180644
1981	45.80427468191589
1982	45.6853462430958
1983	45.258859925999026
1984	47.42507081017634
1985	46.06692873780757
1986	45.01458483049681
1987	46.103765537302166
1988	46.554392290523175
1989	45.37458987955497
1990	45.78089578982425
1991	45.41209733620424
1992	46.85136517525744
1993	46.58228246751238
1994	46.83525831537768
1995	46.67347522944205
1996	47.270309436409825
1997	46.844122394258115
1998	45.92460844636591
1999	44.5718317333263
2000	45.6920902604881
2001	46.17905938608446
2002	47.86705878009618
2003	47.76100208268594
2004	48.08574127558792
2005	47.44589817130164
2006	46.35144277436245
2007	46.22976757879058
2008	45.700376339941045
2009	48.05699293827075
2010	47.50328079281854
2011	47.462064189118934
2012	46.73294747744445
2013	46.91211405002883
2014	46.98095794602181
2015	48.16047293094793
2016	47.19411261677979
2017	48.11792923491784
2018	48.74000403683128
2019	47.92655904348221
2020	46.515191995209356
2021	46.88176163457664
2022	46.850884461533546
2023	47.31709191332148
2024	46.60589698294011
2025	47.57980357608817
2026	46.41316809160391
2027	48.820189884458
2028	47.89557302487146
2029	45.39396395800181
2030	46.55068464118592
2031	46.14014195045591
2032	46.70896582866789
2033	45.80235307858004
2034	45.85256170069042
2035	45.82665027032732
2036	46.59517765597011
2037	45.47048557214982
2038	46.33515511681169
2039	46.628203776660385
2040	47.153549435786324
2041	46.18032395459576
2042	48.002406846366114
2043	45.72138138497639
2044	46.50456173946223
2045	46.547546685166424
2046	46.420407014102835
2047	48.235257289676625
2048	48.68028280763724
2049	47.92049973765122
2050	48.11968662344622
2051	48.2988302043611
2052	48.97431313297961
2053	47.96763935072661
2054	46.38677949006275
2055	46.77117241104256
2056	47.37260264669169
2057	47.42640062597431
2058	46.585703281717386
2059	47.692758695806006
2060	46.588867783638754
2061	46.13584529509706
2062	46.20084003946737
2063	46.70777050748846
2064	46.43949515856762
2065	45.92782576049239
2066	47.21899188391701
2067	46.08416270623713
2068	46.66625800471165
2069	46.72115584824969
2070	48.29953474817603
2071	46.88172580849178
2072	47.780465413439494
2073	46.604786509840345
2074	47.39606031420631
2075	47.04056968238197
2076	45.592823113870864
2077	46.07750173554502
2078	45.5214609310431
2079	47.93383594660152
2080	46.78901898325046
2081	47.55040821420173
2082	48.46353885575637
2083	47.92810246866385
2084	47.08645093994471
2085	47.32361637530232
2086	47.55654583404449
2087	47.133337027675196
2088	45.719464035449356
2089	46.15735307547573
2090	46.16976843387485
2091	47.39212605282444
2092	46.6909756375364
2093	47.01572145827662
2094	45.80438511969035
2095	46.000340767503545
2096	47.70179346358546
2097	46.661239728006464
2098	46.96369352966451
2099	46.752475252288015
2100	45.80276521509155
2101	46.133780128135534
2102	46.273418862832244
2103	45.70273960598689
2104	47.60586381900395
2105	47.37615792614433
2106	47.088978529351785
2107	46.64991353026812
2108	46.85246975090356
2109	46.63467162921911
2110	47.0193027031765
2111	46.20639122808774
2112	46.818742723315715
2113	46.86684778511462
2114	46.99476080505198
2115	46.14390583005787
2116	45.71642715126678
2117	47.14311957252891
2118	45.908524404624714
2119	44.892980229153764
2120	47.561312359515966
2121	47.71105037852147
2122	48.51230848149169
2123	47.81781998894458
2124	46.56670203971539
2125	46.77541017409765
2126	47.7280675831299
2127	47.365945788262145
2128	46.69110346053033
2129	47.330179601506764
2130	46.9146632638332
2131	46.95490867908616
2132	45.84166646728416
2133	46.904938762532424
2134	45.40896407657371
2135	46.08126033415708
2136	45.210566406497996
2137	46.05725255782978
2138	45.749193265656196
2139	45.88026571154515
2140	46.39265560066268
2141	46.01543723114587
2142	46.04194702415334
2143	46.531162843041535
2144	47.12566298127247
2145	46.95996394837584
2146	46.93493897779674
2147	46.167025180525464
2148	47.02549143398632
2149	47.24870455253373
2150	45.456878345635204
2151	46.70414904463907
2152	46.31730325287873
2153	47.052833319948384
2154	47.20783434616293
2155	46.88356050155443
2156	46.91262654787715
2157	47.226532578824084
2158	46.2469151765565
2159	46.29281010784713
2160	47.17355672068758
2161	47.41927803778535
2162	46.62123335816971
2163	46.5990465143059
2164	45.83667410259664
2165	47.42384051027524
2166	47.14522423988323
2167	45.92452417541157
2168	47.626965455640985
2169	47.11985068455032
2170	47.51880734719068
2171	47.545228475784306
2172	46.08077468301223
2173	45.75180770746885
2174	45.95097542116364
2175	46.118579321446745
2176	47.22983313249078
2177	46.01656101897219
2178	45.30485532183789
2179	46.51406840538672
2180	46.91421470162438
2181	47.797580440311556
2182	47.486750880085395
2183	46.74403975068254
2184	46.31361987554145
2185	47.16989055992064
2186	47.00157360751647
2187	45.53601833157868
2188	47.142039058511706
2189	46.06105042849799
2190	45.56703084147512
2191	45.08781385751553
2192	47.49736122147608
2193	46.95624800651246
2194	46.22635407925349
2195	44.58916258157545
2196	46.37885262885263
2197	44.7680215782285
2198	46.096418770598156
2199	44.88969268992325
2200	44.68939670538054
2201	45.94901487167052
2202	46.38447422779004
2203	47.386948566076256
2204	46.87484218327873
2205	46.279987138893915
2206	46.8830606161999
2207	46.61120595860106
2208	46.590439510561936
2209	47.19814756668491
2210	46.78521988240993
2211	47.496383028875414
2212	47.367450611499756
2213	47.1135485572502
2214	47.957786007263635
2215	48.35825422110929
2216	48.58272861073705
2217	47.75374468399012
2218	46.561383787521024
2219	46.48343500190363
2220	45.69540820829642
2221	46.11263936266018
2222	46.32244454398561
2223	46.180080169313115
2224	46.126067955197186
2225	46.795372602342105
2226	45.42875194378583
2227	46.298139431075036
2228	46.14017620134282
2229	47.73005334825448
2230	46.16808051464354
2231	46.96544879950482
2232	46.78479233523122
2233	46.90379282583415
2234	46.30353960676334
2235	46.13091647186929
2236	45.742688954159426
2237	46.5933139026821
2238	46.58802275151526
2239	46.04198038061643
2240	46.580492947994166
2241	47.41718548901335
2242	47.115408415973306
2243	46.518633904681614
2244	48.169992971782186
2245	47.0549361170583
2246	46.10455166522814
2247	46.07767361174551
2248	46.795750247272515
2249	46.73929248294452
2250	47.73449335186052
2251	47.21639578359745
2252	46.56513504553054
2253	48.1258638261776
2254	47.184225632490936
2255	47.66632290269344
2256	46.97631998640853
2257	45.800805587352464
2258	46.459071883061924
2259	46.05829336403232
2260	46.22120106904789
2261	46.617250240175814
2262	47.179873392395116
2263	45.80593082241462
2264	46.94871955752715
2265	46.32106382922746
2266	47.4810900695246
2267	47.64473355861063
2268	46.86890954352475
2269	47.13653879311087
2270	46.32669901105956
2271	47.266819682698916
2272	45.84600450782903
2273	46.55725348176942
2274	46.526143220364766
2275	46.15056480811528
2276	46.147143147583336
2277	46.30609251488006
2278	46.14047241092131
2279	47.53764597049642
2280	48.58062580535492
2281	46.66348193295977
2282	47.453500312584104
2283	47.78460254259545
2284	47.60399901972428
2285	46.26140236205698
2286	46.764395200373485
2287	45.23362899409923
2288	46.28244164208671
2289	46.61200948485513
2290	46.18163050592416
2291	45.53047743361215
2292	46.90916942495536
2293	47.20916891800391
2294	46.127166689999235
2295	47.39352456262375
2296	45.311345312979654
2297	46.40744355443192
2298	46.838085989336214
2299	46.01157811368691
2300	46.57264192607357
2301	46.27749117252924
2302	46.8696071140659
2303	47.05620214617161
2304	46.83445305873079
2305	46.86997915684826
2306	46.97835148287186
2307	46.79236925405849
2308	48.1455854081422
2309	46.83349616430642
2310	47.253403698639005
2311	46.686942404667356
2312	46.487567473889094
2313	48.23834432329709
2314	47.83676747884313
2315	46.170236738698165
2316	47.382924481141295
2317	46.46270955771606
2318	46.20354402329742
2319	45.81965604120795
2320	45.48787999416961
2321	45.224433122524914
2322	45.99566036113725
2323	45.726834198028506
2324	46.96230633855708
2325	46.52291089966549
2326	46.764199614052835
2327	47.83431264007793
2328	46.53013622812705
2329	45.81926390184714
2330	46.324219099826074
2331	47.17198458474668
2332	47.009036487026236
2333	46.814615906967816
2334	45.567620592633595
2335	46.52482100224242
2336	46.64004112357997
2337	46.61296183881829
2338	45.405928110314
2339	47.91725997969938
2340	46.01800129686918
2341	46.221765843516636
2342	46.869775036961975
2343	46.737311781490654
2344	46.51228548853334
2345	46.365011659002704
2346	46.078173864720114
2347	46.29396005350755
2348	46.500337872254974
2349	46.27627447513552
2350	46.423039550581194
2351	47.674931564834964
2352	47.15577934828417
2353	46.56213569610673
2354	45.85008145279582
2355	46.76906026681857
2356	47.300089131746525
2357	45.469901365232616
2358	46.875048614580905
2359	47.16730089709229
2360	45.932490254070395
2361	45.589245245891554
2362	46.163816026840536
2363	46.614067508400744
2364	46.013374996437236
2365	46.35700021074151
2366	46.07532320650192
2367	45.94510062962067
2368	47.282765871418
2369	47.24238992572751
2370	46.35832309105122
2371	46.04731688886358
2372	46.712708707828085
2373	46.723552533207254
2374	47.708593868999515
2375	48.50625765684147
2376	47.79884609047546
2377	48.47173483833027
2378	47.90162844239422
2379	47.19048968126558
2380	47.79284097767689
2381	47.67030436523829
2382	47.790215830562175
2383	47.906126079836696
2384	47.06843020458069
2385	47.27467424637558
2386	46.79857456918211
2387	47.94681191018168
2388	46.572078131501215
2389	47.11117808727989
2390	46.80376074231633
2391	48.292881883221284
2392	45.70542542625022
2393	45.767547619894614
2394	44.637911495319
2395	45.07177731418538
2396	45.86628295779905
2397	45.20974002334721
2398	46.472839417794646
2399	45.482780552272715
2400	46.408547328454866
2401	45.70905105723057
2402	46.240623816248615
2403	47.87696676670188
2404	47.01969956415453
2405	45.92124479607283
2406	45.640429847527436
2407	44.43566949455932
2408	44.848335612371045
2409	45.13142873090334
2410	44.556725266285916
2411	46.74491402008136
2412	46.04846008833186
2413	47.0833293868321
2414	46.2139854836746
2415	45.89681913996121
2416	45.34817188614853
2417	45.80552169826143
2418	46.0456697172712
2419	46.30442779033614
2420	46.01137061843193
2421	47.64951728059778
2422	46.42947812601094
2423	46.75229250330442
2424	46.45124734210033
2425	46.76930641385433
2426	47.32550690663611
2427	48.40296989957375
2428	46.9358102394356
2429	48.353593913584724
2430	47.29263387428311
2431	47.079430620672866
2432	47.37168673853081
2433	47.38649774611177
2434	47.09414042334603
2435	46.927883113067
2436	47.62762877251652
2437	47.34183156378437
2438	46.98422471956508
2439	46.48641797090494
2440	46.863788000496434
2441	46.259073440760304
2442	46.84970401125207
2443	46.302894908210426
2444	47.501518605846705
2445	47.0179499448003
2446	47.20164296127492
2447	47.34244403670613
2448	45.58402503546948
2449	46.63820785170165
2450	46.740916381769345
2451	46.707550716544326
2452	47.28926495082691
2453	46.57262470289334
2454	45.63123568334926
2455	46.777720114785396
2456	46.46924186403687
2457	47.70953551577504
2458	46.60212506292582
2459	45.42994578588098
2460	45.925511142406464
2461	47.34613250902145
2462	46.25802627828369
2463	46.16973555394899
2464	45.785920432316566
2465	46.95957053018775
2466	47.3485842729654
2467	46.504152408792024
2468	46.887054177722085
2469	45.7596101652171
2470	45.550764274989305
2471	46.604770358448896
2472	46.328185132491875
2473	46.555939194618446
2474	46.21882813550565
2475	47.8589246538801
2476	47.39737574153818
2477	47.983504487365835
2478	46.91270821045219
2479	47.60292064038353
2480	47.79630390338765
2481	45.88439560087392
2482	48.15774402398756
2483	46.63574870977706
2484	45.85986083297829
2485	47.34278761490246
2486	47.27812389494909
2487	47.03853348410756
2488	45.3559108514805
2489	46.45186208128825
2490	46.655457658406085
2491	46.414083130107855
2492	47.286408791209865
2493	46.22712710770589
2494	46.5953637373444
2495	45.97732970160193
2496	45.74560872439245
2497	45.24304170815696
2498	48.11958479825924
2499	46.48266020189532
2500	46.21855474200236
2501	45.523558395425084
2502	46.25949061190614
2503	45.14591742359362
2504	45.05489824085357
2505	45.74761993515282
2506	45.50877250153357
2507	46.755666859176046
2508	45.76493520808029
2509	46.09849967380296
2510	45.561334446736076
2511	46.79420246641424
2512	45.68097185231526
2513	47.596308249162824
2514	45.53867144884616
2515	45.710274839210676
2516	45.613752843480164
2517	45.82185643376654
2518	46.31937060049217
2519	46.92013964586811
2520	47.24719454175123
2521	45.28613457277397
2522	44.40725008508621
2523	45.190606976105464
2524	45.99114263708791
2525	46.39042273128272
2526	46.22552041334228
2527	47.74788316505994
2528	45.84515974117259
2529	47.27573235927697
2530	45.656704350529665
2531	45.67440692552957
2532	45.40988487793653
2533	45.46039418116089
2534	47.74484454372749
2535	46.64626460426719
2536	45.765397949868024
2537	44.529929908479936
2538	45.5202065660551
2539	46.16970093389583
2540	45.14108647392619
2541	45.93859527536518
2542	44.471263500647304
2543	45.46831340397638
2544	46.0678393369527
2545	45.94088177784738
2546	46.168961731285634
2547	45.58790950067683
2548	46.57845304234121
2549	45.080050546871064
2550	44.66490767886237
2551	46.551399760896714
2552	48.09304278792877
2553	47.054926484377326
2554	46.177810399327356
2555	46.015008931050644
2556	46.91054236348066
2557	46.67160660424019
2558	45.35004933683197
2559	45.61621885451034
2560	45.00380971963556
2561	46.78637738613307
2562	46.50574329243305
2563	47.546835126884176
2564	46.534291625171825
2565	46.26093312971232
2566	46.846787481205425
2567	47.52950261001255
2568	45.457012858613766
2569	45.31322185300407
2570	46.65800664837498
2571	46.10885693345407
2572	45.99315252212692
2573	45.78871471639852
2574	45.965037784517534
2575	45.49989546890117
2576	46.579543579833384
2577	45.88511440296391
2578	47.19444117477184
2579	46.13936322907784
2580	46.640500316758356
2581	46.44816978015234
2582	45.877973237476795
2583	45.64252658372271
2584	47.167037548324295
2585	46.14855692455027
2586	45.822191136091426
2587	46.562010986557446
2588	47.067486944409055
2589	47.918972237357075
2590	47.42704925606662
2591	46.264275978329515
2592	46.83775757915025
2593	47.64426813268891
2594	47.991722314612204
2595	47.999035558516816
2596	46.539133494445785
2597	47.76406216435403
2598	46.42155377636938
2599	46.9107536151125
2600	46.668614398961125
2601	47.509886226445694
2602	47.64246696753368
2603	47.130029256351605
2604	46.81126380933071
2605	47.34585283675388
2606	47.557484383541336
2607	46.47623256986048
2608	46.396885173625215
2609	46.20117641351156
2610	47.99628423948489
2611	47.1839308944901
2612	47.821878651404525
2613	47.609054454120454
2614	47.24927643809145
2615	46.35046972647226
2616	47.53303221956608
2617	47.47813057972252
2618	47.60459896635364
2619	47.47810890640555
2620	47.05370219156031
2621	46.17765873553729
2622	47.23858248050712
2623	46.97006845475505
2624	46.081405824445774
2625	46.23880883242089
2626	46.49820812802811
2627	46.991062196363984
2628	46.58736605604974
2629	44.487204338867166
2630	45.17673105326528
2631	45.72152378775822
2632	46.16557574344253
2633	46.07212394579049
2634	46.990671520785995
2635	46.69422582555121
2636	45.76218290159789
2637	45.592731433711656
2638	44.91057718582655
2639	47.011070920557415
2640	46.18603321791408
2641	46.179820330514
2642	45.434377578684824
2643	44.97786622709838
2644	44.625277308063765
2645	45.70879851685849
2646	44.98240507579242
2647	45.736578030137785
2648	45.972794782150075
2649	45.58052392121742
2650	47.82187603573651
2651	45.46571264800391
2652	47.33246103169494
2653	44.723619464631696
2654	46.12128418462722
2655	45.72821694042093
2656	45.14338054033733
2657	45.665311387223404
2658	46.87506073171302
2659	46.71704552041605
2660	46.89022218028256
2661	46.07804221944214
2662	45.63128180972971
2663	45.08373297240359
2664	46.519021441408135
2665	45.49165848954898
2666	45.25032267592577
2667	44.43828934290281
2668	46.21727087506775
2669	47.47944039668962
2670	45.44352984442981
2671	45.8988567429192
2672	46.23817981849835
2673	45.11934718041624
2674	45.45510347861134
2675	46.663583062543076
2676	44.87283789709827
2677	44.9170955067614
2678	45.5416214365307
2679	45.477662955130214
2680	45.40693305663006
2681	44.50044110528165
2682	45.17149279356042
2683	45.98397272990827
2684	47.12032891250853
2685	45.63207185566608
2686	46.451760326379514
2687	46.82027238503377
2688	46.05422269387236
2689	46.59200913201696
2690	46.97203310556755
2691	46.78606890295395
2692	47.14257871991732
2693	46.95203439358496
2694	45.93572827473335
2695	46.299431546792384
2696	45.94477302637739
2697	45.42730015267043
2698	46.59790360797869
2699	47.38940469788081
2700	46.57994062511984
2701	45.87107187342373
2702	45.136999660657345
2703	44.59133693903717
2704	44.43088589612425
2705	45.742452116145124
2706	46.725678159027126
2707	45.925564609073184
2708	45.57840465159368
2709	46.694911014845445
2710	46.22084382334381
2711	46.379552597500265
2712	45.51990375868265
2713	45.24527949145972
2714	46.68237086979612
2715	47.1798681193064
2716	45.569241668309665
2717	46.775011480595815
2718	46.40240356705384
2719	46.420540778582705
2720	46.51767013079413
2721	45.96605150446059
2722	45.90240425732951
2723	47.8641406154969
2724	46.16222531396976
2725	46.82072473293676
2726	48.24496394593374
2727	47.47869308010283
2728	47.33376564005026
2729	44.84124261315422
2730	45.43707906165908
2731	45.37701326655823
2732	46.54035940458459
2733	47.458187368786625
2734	46.265684949781274
2735	46.27117722539543
2736	44.37233158100167
2737	46.790619185684704
2738	47.50556253449991
2739	47.952423100291405
2740	48.64601022098447
2741	48.17597160986307
2742	47.02994273929584
2743	47.80850539176983
2744	48.3939221566691
2745	46.958586863776695
2746	46.02264918666015
2747	47.087005551757976
2748	46.936838818292905
2749	46.77006822394949
2750	47.50598629337663
2751	46.45014698661017
2752	46.439612645955414
2753	48.08419890812334
2754	46.59736363703148
2755	45.93752998836975
2756	46.64944334592522
2757	44.687378038416234
2758	45.999556552664096
2759	44.8183710388679
2760	45.54568359546586
2761	47.04729962480707
2762	46.341904459638236
2763	46.76352864519167
2764	46.54397051418841
2765	47.22464397690035
2766	46.33534622247134
2767	46.68506799515282
2768	45.95217628380088
2769	46.058261005584704
2770	46.45618751634676
2771	46.93102313094591
2772	46.91911212419386
2773	46.63349730812737
2774	47.2153589384127
2775	47.125149748375094
2776	46.90656761974017
2777	47.79573352243552
2778	46.41565486067676
2779	46.36599588210605
2780	46.67001598097348
2781	46.02062278544714
2782	46.08228592882933
2783	45.752921024668964
2784	46.46741984038085
2785	47.61951687482339
2786	46.85503726557405
2787	47.578488304529635
2788	47.220141319330274
2789	46.65876765040286
2790	46.12848360276562
2791	47.292630982134355
2792	46.843275973376024
2793	47.79953134561763
2794	48.40452108419377
2795	48.47696700299643
2796	47.22768088364149
2797	48.4332011674767
2798	46.78437614841968
2799	47.63678584248544
2800	48.95784457352198
2801	46.953013920576666
2802	47.71366533769532
2803	46.3139817834683
2804	46.73450830107893
2805	47.101302071466435
2806	47.15428890096179
2807	46.17367087038549
2808	48.15904172920885
2809	45.80472922602609
2810	46.88971067178567
2811	46.854923313122335
2812	46.91443811271295
2813	46.24100038260649
2814	47.269890618969185
2815	47.72538902312201
2816	46.48037674316846
2817	46.84533570999104
2818	46.472633491300044
2819	44.68945741680277
2820	44.42272449565885
2821	46.004732531749916
2822	46.30727201459326
2823	46.32400854945557
2824	46.945989859567604
2825	45.054950809578024
2826	46.538913765038174
2827	45.78162163891278
2828	47.51485541207851
2829	47.81287735964262
2830	47.57560747516144
2831	47.652633722449266
2832	45.51607191551652
2833	44.45629604688505
2834	45.52347129208784
2835	46.18129153927858
2836	47.25486413914012
2837	47.199283570802045
2838	46.559800296011495
2839	46.216772560445804
2840	46.643575443415074
2841	46.391514518084044
2842	47.741057735360634
2843	45.822517068847255
2844	46.45154648251818
2845	45.87922706272735
2846	46.898083076016924
2847	45.88265856250348
2848	46.894114847981655
2849	45.13041034880174
2850	44.848364733474654
2851	45.56806841083297
2852	45.85379906974182
2853	45.7234574586767
2854	46.60596138810038
2855	46.801977869733925
2856	45.459368936395364
2857	45.67959278452698
2858	44.63599441836196
2859	45.840234573125535
2860	45.33453120156338
2861	46.741012393411005
2862	47.31505792957591
2863	47.713543357251616
2864	46.08657216643222
2865	46.4332232337579
2866	45.78221794188297
2867	45.787328830749516
2868	46.104492384979004
2869	46.99844678332732
2870	46.87528102993136
2871	46.593041787087195
2872	47.29830062626949
2873	46.69177343567744
2874	46.33982666970739
2875	46.10656436410193
2876	45.69875324272037
2877	47.39934527306255
2878	46.76949727070333
2879	46.554474096267576
2880	45.571300561195315
2881	45.51778892302618
2882	46.197444769615295
2883	45.526130717337224
2884	46.0388927392804
2885	45.0815776834758
2886	47.22211595399328
2887	46.54102834543529
2888	46.72613164835075
2889	46.58299017914232
2890	45.42680880593161
2891	45.6968090123247
2892	47.15264516171364
2893	47.557056887461
2894	46.42986999277831
2895	47.08784876532182
2896	46.70620456806784
2897	46.24828456198372
2898	46.083795572274695
2899	45.308917595727635
2900	46.67987437576795
2901	46.021315323400216
2902	45.65771313366758
2903	45.896055081833644
2904	46.592319027944775
2905	47.01878569801578
2906	47.186477973453705
2907	46.56041595435275
2908	45.577467403371394
2909	46.70327608227866
2910	45.32248828747431
2911	46.755338132476005
2912	46.79601540546542
2913	46.6653384015523
2914	46.8300071880062
2915	46.439881247491144
2916	45.75759345967296
2917	47.12774735916604
2918	46.41915279726953
2919	46.14066870248304
2920	47.34046408230396
2921	46.171817583535194
2922	45.78403131837418
2923	46.28676935185421
2924	46.00700831114204
2925	46.948891196486876
2926	46.45583507986009
2927	45.58756454600887
2928	46.21172451327338
2929	46.51791844523555
2930	45.58335735120746
2931	44.18047655139779
2932	47.419281724039344
2933	45.92108257980495
2934	45.96612357513415
2935	44.98346760937106
2936	45.09656118693467
2937	46.583748148812134
2938	46.1388108150608
2939	45.56083635733708
2940	45.105097777949254
2941	46.01046536109221
2942	45.44418590191806
2943	46.78345528482634
2944	45.76095360580252
2945	46.391254420655514
2946	46.25164916641643
2947	47.87976708673526
2948	46.87591429241275
2949	46.462513275537304
2950	46.05729560689756
2951	46.87568819312505
2952	46.70806484210358
2953	46.311465894518534
2954	45.47901107693318
2955	46.06272930740597
2956	46.36215771487191
2957	46.05592738622546
2958	47.01893062631315
2959	46.65214132444534
2960	46.74091562213642
2961	46.631108314864974
2962	48.00296596311904
2963	47.36614054358256
2964	47.2829375860175
2965	46.90056736187771
2966	47.0739565445428
2967	47.17401196115993
2968	47.585347821419774
2969	47.53416114816259
2970	46.65315159244434
2971	47.12543943273682
2972	46.31393333409118
2973	46.31029462629216
2974	46.11007066232943
2975	46.469914408282555
2976	46.10797197461424
2977	45.863096553097456
2978	47.70940493045533
2979	46.39913983274964
2980	45.656221788398064
2981	48.09452099536425
2982	47.52724195451481
2983	47.585902743164816
2984	46.9846634765379
2985	48.64302046980232
2986	46.55914216665844
2987	48.00471753661883
2988	47.52004596844594
2989	47.823185624115396
2990	47.115444014021804
2991	46.84161156270178
2992	46.77765079033252
2993	46.17110981818803
2994	46.469550558444816
2995	46.53116673808575
2996	47.0867740049629
2997	46.32196886834903
2998	47.051407539225885
2999	47.4140437813029
3000	47.69570023545506
3001	45.91380103182133
3002	45.2096330788209
3003	45.31014744393191
3004	47.53467071505379
3005	48.39830418185582
3006	45.688557440029676
3007	46.43886553493154
3008	46.138274504607764
3009	46.810638447430804
3010	46.22010644627146
3011	47.48234060382034
3012	46.57238029429935
3013	45.27789256895522
3014	45.63676594633195
3015	46.233619721025995
3016	45.42103694741133
3017	46.928198800861765
3018	45.208245818014184
3019	46.50402600427038
3020	46.36614688721845
3021	46.09713571394494
3022	44.114001152727944
3023	45.602447452813045
3024	46.420590731033954
3025	46.32737238255988
3026	44.253995250536775
3027	45.2148320585301
3028	46.267203894718655
3029	46.54843017822966
3030	47.275167733894456
3031	46.135681564544505
3032	46.720310353755046
3033	48.4903839831917
3034	46.76883667375263
3035	46.355403512686664
3036	45.97045792398152
3037	46.253090322070825
3038	45.831158296956254
3039	45.81602352419628
3040	46.326210161005505
3041	45.891629771542675
3042	46.6492364031668
3043	47.21045808897316
3044	46.4608761805532
3045	45.83672129271698
3046	47.471850925927036
3047	47.24823678757376
3048	48.20234954493671
3049	46.738180672078215
3050	45.89322248088678
3051	47.248659998790984
3052	47.00234928067542
3053	47.21389252596965
3054	48.38884516043443
3055	45.94441632169678
3056	46.86646484511476
3057	47.48711369134575
3058	47.606512903711184
3059	46.702888375038455
3060	47.5393748168973
3061	45.97111604680536
3062	46.70321221782418
3063	45.8232288873935
3064	46.91766363840744
3065	46.637424459624235
3066	46.58666131523568
3067	47.03655665506643
3068	47.048675104482506
3069	47.07617264513584
3070	46.34077295657242
3071	46.87791603863167
3072	46.2299455375819
3073	46.69873072326977
3074	46.91590249707843
3075	46.33854404564408
3076	47.35587006158085
3077	45.800878946433855
3078	47.762137401835396
3079	46.665433604600935
3080	46.68917086891093
3081	47.41146533181138
3082	46.949907807647115
3083	47.03685408913822
3084	45.47040234993293
3085	46.22038400624394
3086	45.67800295702979
3087	46.92165346726609
3088	45.90989244022605
3089	45.86202540000938
3090	46.0829611704376
3091	46.89030843605997
3092	47.56123812237124
3093	45.78105392574547
3094	46.12126593211629
3095	46.67417566388129
3096	47.34727813482043
3097	48.691758624281164
3098	47.21776308382935
3099	46.82609472298492
3100	46.322869229226505
3101	45.90045385407441
3102	48.434492050337816
3103	46.230031008378205
3104	45.59820925605783
3105	46.497908952116255
3106	46.0233051923166
3107	47.62574830520968
3108	45.80662689776857
3109	47.7058791978401
3110	47.426119840249164
3111	46.86478178510714
3112	47.36376556030813
3113	47.36694939448034
3114	48.06681887673175
3115	46.715258803387336
3116	48.02818745716779
3117	47.22607064185235
3118	46.997894370566875
3119	46.68100216980534
3120	47.61655105825812
3121	47.89393992109437
3122	48.1572776345314
3123	46.76584305378522
3124	44.411637820840575
3125	46.09716168029463
3126	47.07294602025297
3127	48.50111434777026
3128	46.87520842333369
3129	45.13483282361542
3130	47.3388680220723
3131	46.30781386148191
3132	46.96355894627255
3133	48.557858149493285
3134	48.881871208880725
3135	47.03421652052299
3136	47.06098815468086
3137	46.69075638016858
3138	48.43859261443394
3139	47.10079614603029
3140	49.61040426760505
3141	47.33726518991122
3142	47.58253169380566
3143	47.97018867886196
3144	49.12489998980171
3145	49.04790469903296
3146	47.22503491018285
3147	48.51527039599052
3148	47.26154550565592
3149	46.72466895127159
3150	48.55456279842825
3151	47.12761319399238
3152	46.93071131555427
3153	48.64194938973061
3154	47.635336406589644
3155	47.07887818385464
3156	46.63976110569894
3157	47.9295577594946
3158	46.78666966499093
3159	45.665545746602305
3160	46.631793324375444
3161	46.489087368161364
3162	46.22809151712732
3163	47.907551302933356
3164	47.67730298754978
3165	47.603957224407026
3166	46.98657609634855
3167	47.07311732649612
3168	46.587685756821806
3169	46.76562232440796
3170	46.749639697944886
3171	46.54631974734367
3172	46.61020592055022
3173	47.00436694916287
3174	45.985216679883386
3175	46.304813783884036
3176	46.304183597092674
3177	46.14138079934575
3178	46.89440005624368
3179	46.72559736168795
3180	46.12555937931426
3181	46.01266739745138
3182	46.21945230756971
3183	45.79123861178087
3184	46.14673629383713
3185	47.23160406173707
3186	45.6257309419173
3187	45.63260711422997
3188	47.32140709322359
3189	44.813464912708106
3190	45.93840861606749
3191	45.89323836919949
3192	44.55388546029687
3193	46.46453542472733
3194	45.849753425412196
3195	45.751580200015376
3196	46.28119413324423
3197	47.025861801401945
3198	45.84533106613215
3199	46.548962027955874
3200	47.221143501693994
3201	46.14024427685421
3202	47.001202730106776
3203	46.415124700649216
3204	45.35415672263787
3205	46.37515281152295
3206	46.92025100018058
3207	45.862091005162966
3208	47.293559818629596
3209	46.58272662220694
3210	46.53488296828927
3211	46.550903841221675
3212	46.73783318816467
3213	46.91143675387915
3214	46.185620711125615
3215	46.394675113176255
3216	47.560860483477555
3217	47.68135878308008
3218	47.55285738376296
3219	45.50711677008821
3220	46.82706368901107
3221	45.082191647097225
3222	44.93923779232009
3223	45.790888752878566
3224	46.79330347697724
3225	46.16367123068962
3226	47.09214459566975
3227	46.80853899660845
3228	46.24841425936973
3229	47.489845611029516
3230	47.30591249071641
3231	47.22146858171823
3232	47.16584335345809
3233	47.07524117965978
3234	46.88919659425454
3235	47.50693451445721
3236	47.12900708846677
3237	46.085685325694335
3238	45.37643561304983
3239	46.553347122614596
3240	44.56547049698898
3241	44.44115473052367
3242	44.96636308229989
3243	47.36368473750854
3244	47.726210303531424
3245	46.58538393991088
3246	48.1872663252167
3247	47.86655992950946
3248	46.55115181040498
3249	46.51181982902075
3250	46.20341238365558
3251	46.84521053879101
3252	46.788049928731404
3253	47.30823074091062
3254	48.742038085966236
3255	46.422146736053115
3256	45.93897085063492
3257	45.22173264646111
3258	46.974631263674596
3259	46.52747384349079
3260	44.91599558072423
3261	46.62137225681941
3262	45.47476773963851
3263	46.69235783335387
3264	46.152070986341684
3265	46.31603904654159
3266	47.33701953885821
3267	48.01800543610636
3268	46.00481488657196
3269	46.532868158274105
3270	47.39077739559877
3271	48.968653883385414
3272	46.90064563426519
3273	47.634908131391015
3274	47.13520293860938
3275	44.2817946482629
3276	45.77023640622398
3277	47.1173720713325
3278	46.7597258332741
3279	45.69984748625972
3280	46.02129346155511
3281	47.58464909615838
3282	47.306160544697995
3283	46.189989732071005
3284	47.011922982637586
3285	48.140022607787294
3286	46.42723811170272
3287	45.178871974601726
3288	46.49813573179407
3289	47.42215891009929
3290	45.90581862543553
3291	46.83872855355703
3292	46.18165964563979
3293	46.67477892923511
3294	45.9487936563611
3295	46.50765496740853
3296	46.8396934299513
3297	46.28691861126142
3298	47.76317438460556
3299	47.00273929875442
3300	46.47904671684155
3301	46.2544174072545
3302	47.33499583709252
3303	46.85003322390479
3304	46.76303829181815
3305	46.4011094361678
3306	46.23540823533975
3307	45.5047620726749
3308	47.68830254625793
3309	45.64189290502561
3310	47.70891239013764
3311	46.80890547220419
3312	45.03563574896751
3313	46.441498035472286
3314	46.68649445962717
3315	45.90641173000257
3316	46.69734683677035
3317	47.3582328291846
3318	47.40117521882936
3319	47.60645950329588
3320	48.09827437263745
3321	47.004087808867524
3322	47.01404256200446
3323	46.46462578194543
3324	47.27482209909973
3325	46.17813195022059
3326	45.86908148885242
3327	46.819313530914286
3328	46.42109588984702
3329	47.28755793056779
3330	47.32684826003012
3331	47.18067488539833
3332	47.069889415539336
3333	47.04452521717965
3334	48.016983982600294
3335	47.08490763885731
3336	46.56862411811121
3337	47.27598704655015
3338	46.30133243147939
3339	45.945657600742265
3340	46.74445953441463
3341	46.89138514644642
3342	47.468259594039665
3343	46.87029152072078
3344	47.35999599470034
3345	47.221066273530056
3346	48.243785243427844
3347	46.56193811462688
3348	46.71877201166579
3349	47.51176094025127
3350	47.628582503595645
3351	46.67893260491097
3352	47.24188932228049
3353	46.94579482170315
3354	45.54549905413545
3355	47.50024786445686
3356	46.2279434798926
3357	47.063455329145654
3358	46.438829281651614
3359	47.17166350490589
3360	47.34524439977768
3361	46.87321190550562
3362	47.25585695983823
3363	47.99486830497855
3364	46.04080931448003
3365	47.50842096871112
3366	46.75949624561275
3367	47.013344531768766
3368	47.007744041535865
3369	45.36598208003768
3370	46.076241442722946
3371	46.693220033638596
3372	48.72494453940648
3373	47.87005699995049
3374	47.11106210309332
3375	46.108729316289185
3376	47.39152726766683
3377	46.91109909787014
3378	46.233699973033616
3379	47.17383464551158
3380	46.62119358216938
3381	46.92060188849287
3382	46.80372429022609
3383	46.19308808811389
3384	46.91097460360869
3385	46.94532252012614
3386	46.60622553364106
3387	45.86555575733106
3388	45.04339740191111
3389	46.0011551970626
3390	46.93524592945651
3391	47.32393272658164
3392	47.99330614345193
3393	46.50910242002943
3394	46.78204742285711
3395	47.60060070897587
3396	46.18418753366931
3397	48.51069556610713
3398	48.325697582375625
3399	46.8471609461207
3400	47.65735177811594
3401	47.60868733476311
3402	47.5591567559733
3403	46.88729403313402
3404	46.498073773890816
3405	47.28214509977683
3406	48.138226368668036
3407	46.90080609188137
3408	46.02137181086234
3409	46.15323497370863
3410	45.570629176077425
3411	45.75232808086305
3412	44.81922718841408
3413	45.71599239230635
3414	46.943070557663745
3415	46.5679606677418
3416	47.029384718467135
3417	46.4549906855118
3418	47.47924412847932
3419	46.77871648084894
3420	46.363536017729686
3421	47.61924374388614
3422	47.67161904610208
3423	46.098117828176406
3424	46.46766723849949
3425	46.97362448578222
3426	46.388374759430796
3427	46.88941142975667
3428	47.378948619959985
3429	47.062301425509354
3430	47.43309293901127
3431	45.4195803281743
3432	45.70378895718951
3433	46.45964366323263
3434	47.47009584474207
3435	48.08102426688228
3436	46.92504031715798
3437	46.606273063358415
3438	46.61262561522793
3439	47.21072058415802
3440	47.127953635035944
3441	46.537844380850146
3442	47.29598526568722
3443	47.25176759014225
3444	46.54028818207917
3445	47.68108880449385
3446	46.93664958325203
3447	46.002895707208786
3448	46.147462576623816
3449	46.95325523417008
3450	46.968829787617146
3451	46.475179831477185
3452	47.99589125742291
3453	46.556243820180455
3454	45.550244871320736
3455	46.942489935710356
3456	48.23247749968529
3457	46.979508136452985
3458	47.02870019511649
3459	47.212664690557595
3460	45.896384386302145
3461	46.95982758517251
3462	47.1908891180357
3463	48.10348924229474
3464	46.91927508473717
3465	46.28217804242959
3466	45.831400586369284
3467	45.25255577635255
3468	45.28405825596487
3469	45.78774890854223
3470	45.68858673507885
3471	45.486670852530786
3472	46.73484638208212
3473	47.95518146322497
3474	48.00550673002596
3475	48.56918792474043
3476	48.154693594972606
3477	47.57336196889585
3478	47.89497482273148
3479	48.1932090998748
3480	47.11505300647045
3481	46.99126626928353
3482	48.33757028609256
3483	47.794512106558344
3484	46.836625544228504
3485	46.91124904351408
3486	47.93091270343641
3487	47.90719809275325
3488	47.228398362060034
3489	46.186342316626785
3490	47.39986874708843
3491	47.76956980814511
3492	46.668665741265905
3493	46.94079822161368
3494	47.0190066751198
3495	47.384862793750514
3496	46.23076394590789
3497	46.212422169559154
3498	46.50748067591354
3499	48.01245587944846
3500	46.640765410047464
3501	48.07369251019408
3502	48.031197832470085
3503	47.190885329294865
3504	48.039447504288155
3505	49.16801608722888
3506	48.66691823405729
3507	48.12297501271227
3508	48.16654241867717
3509	48.33436155815576
3510	47.8569171073899
3511	48.293230199406075
3512	47.594070192784905
3513	48.266551549834944
3514	46.60822812215716
3515	47.08001632293304
3516	46.943106843143354
3517	48.20670488345276
3518	46.883587133811496
3519	47.140895775030955
3520	47.26276648335176
3521	46.92278880161484
3522	46.33660986743443
3523	48.00722353121371
3524	46.22612736211178
3525	44.38993967454881
3526	46.142645810445664
3527	47.721397327969676
3528	46.81352309637003
3529	47.149691374013926
3530	46.90130127087771
3531	47.4639134489275
3532	46.686394510306364
3533	46.64881395024531
3534	46.28445127126029
3535	47.388482071012405
3536	46.39773114438598
3537	47.403623530829115
3538	46.943614914731654
3539	46.60495242651949
3540	47.29124655932465
3541	46.74204634405584
3542	45.696599869327045
3543	47.46729025309105
3544	48.02263967285966
3545	45.48223614729704
3546	45.773198242456345
3547	45.20667664859951
3548	46.57441105755416
3549	46.814391358527615
3550	47.170338981575796
3551	46.452502604200696
3552	46.71421885341457
3553	46.82032632765306
3554	46.14574817160797
3555	46.26983077400728
3556	47.05222179377758
3557	45.871089870344164
3558	46.46721859422168
3559	46.59914662035833
3560	46.991229817600434
3561	46.78962108981484
3562	46.47167447949319
3563	45.056165377951984
3564	47.33116027777455
3565	47.33067451442304
3566	45.766942276992076
3567	46.58225461782151
3568	47.32316561512541
3569	45.815479133840114
3570	45.986038065188
3571	45.37247369862849
3572	46.13811631571599
3573	45.85517114340154
3574	45.72524663982499
3575	46.012902335230294
3576	46.31834143691669
3577	46.45881748984487
3578	46.580981915420885
3579	47.92283821338857
3580	45.85963341112129
3581	47.05488988803886
3582	47.07726636771129
3583	47.326308498959335
3584	47.328600372754565
3585	47.66813662979341
3586	47.46384957458356
3587	46.700564198934266
3588	45.80411908252878
3589	46.73367298626242
3590	46.56185348277391
3591	46.821370637777086
3592	45.825815531498854
3593	45.08607828228981
3594	45.13230328844712
3595	44.931091923774346
3596	46.73594278451824
3597	46.769873174366936
3598	47.14851606753413
3599	47.859717834169025
3600	45.358031131081525
3601	45.29697191867879
3602	45.722042325198956
3603	46.58266295007752
3604	45.736757147846006
3605	47.494499906182995
3606	46.733562334204805
3607	46.57814820134059
3608	48.27309725535908
3609	46.50823405540307
3610	46.04767320570647
3611	46.460434535392125
3612	45.733644855313905
3613	45.45172436756732
3614	46.55618502881262
3615	45.44106797966011
3616	46.527199699018475
3617	46.58338832277577
3618	45.19946772463123
3619	45.04974411862608
3620	45.507677384185996
3621	44.74184347387015
3622	45.284022532291644
3623	45.14357304193215
3624	45.07263494545621
3625	46.354605750573924
3626	44.78007268513292
3627	46.211746526043726
3628	45.83376422675517
3629	45.173427567019495
3630	45.843462142649656
3631	45.6182745042904
3632	45.836812971422326
3633	46.17136755067452
3634	46.7397817701546
3635	47.25591134704032
3636	47.35507902826101
3637	46.23878156400736
3638	46.36916629121126
3639	47.245857661430655
3640	45.988143111637456
3641	46.45159891539748
3642	46.09338511780404
3643	46.05076965357284
3644	44.88508791876261
3645	45.63395610278086
3646	45.79823936969577
3647	46.104926424678254
3648	46.51364133399854
3649	46.80069564117226
3650	46.88519178821581
3651	46.86190147631894
3652	47.09322284516008
3653	46.41153419492806
3654	48.00585649415997
3655	46.628598651910195
3656	47.17197824925077
3657	46.92736043997082
3658	46.77420526689113
3659	46.27471109551468
3660	44.808090855989704
3661	45.75206002829247
3662	45.66289566794878
3663	46.43927492762605
3664	45.5833524740448
3665	45.77785996570978
3666	47.37628442066641
3667	45.99149654807638
3668	46.30098270116158
3669	47.091863855548674
3670	47.09681640053853
3671	46.86886389955007
3672	45.84604267177092
3673	48.01665769230816
3674	46.83782491743774
3675	47.791373563878786
3676	48.028148583503246
3677	45.564100658945264
3678	46.940353415925536
3679	45.75588824183892
3680	45.61141041420635
3681	45.47630783445677
3682	47.237351600908134
3683	45.942316030624255
3684	47.36978638950464
3685	47.00538203046102
3686	47.25872784959695
3687	47.39712080522268
3688	47.19769543208885
3689	47.20879635308761
3690	47.22844318473749
3691	47.670954127503244
3692	45.9358486285414
3693	46.928172395953176
3694	46.60124316525181
3695	46.70593321652239
3696	48.686007481138596
3697	47.24685395055023
3698	46.23279936455722
3699	46.26082000828653
3700	47.52641480558267
3701	46.14702975482235
3702	47.552637118251624
3703	47.90175981962876
3704	48.43760892034727
3705	48.89193655953265
3706	47.6301805079739
3707	48.15395578935258
3708	48.53455011633248
3709	49.226889045220894
3710	46.937642911232395
3711	47.65372583116479
3712	47.06805078583676
3713	46.32984844554404
3714	46.969728576277376
3715	45.888377743987185
3716	44.43519126931977
3717	47.02264844765298
3718	45.970323312980774
3719	47.46587750636959
3720	46.88753407497098
3721	46.48589616071493
3722	46.01533902423079
3723	45.35447276499061
3724	45.82742707214925
3725	46.35877868474306
3726	46.820122500051205
3727	48.1178768887958
3728	47.250673214227035
3729	47.609519872773326
3730	46.43790731315524
3731	46.007362779416
3732	46.69475241327506
3733	47.09415457485694
3734	47.584082987415314
3735	47.49234745522681
3736	45.55084925692597
3737	47.16786313964251
3738	46.010522714369216
3739	45.5874244517522
3740	47.07713924569571
3741	46.73330353310659
3742	47.31860078172516
3743	45.78296145515928
3744	45.45201011173785
3745	46.470680419685486
3746	46.117934785882525
3747	45.977908868102
3748	45.70633191774899
3749	45.92240338653277
3750	45.94527820355514
3751	45.48505664842436
3752	45.10733968424921
3753	46.43062654270771
3754	45.66914104760838
3755	46.31759190780907
3756	45.99147141229717
3757	46.40168040631067
3758	46.355096477688264
3759	47.039898959762915
3760	45.372191399862196
3761	45.6680334903331
3762	46.39891717324058
3763	46.420597309069805
3764	44.912131763007196
3765	45.1950750983601
3766	46.23241460893491
3767	46.956101961761796
3768	45.950825051119295
3769	46.073180528901666
3770	46.51715974984981
3771	45.75486166113496
3772	46.81450221366098
3773	45.41089640345274
3774	46.625822933155
3775	43.714039074306775
3776	44.33131918183939
3777	44.932269308193625
3778	45.79908640523335
3779	45.99994270728412
3780	46.87952577081489
3781	47.06119667999283
3782	45.78539170931658
3783	45.599747265724154
3784	44.45275367048458
3785	45.11738108732309
3786	46.32820009976728
3787	45.05165255335763
3788	46.36875270371951
3789	46.25184108482559
3790	45.677649150522
3791	45.147309469852246
3792	45.05403999582009
3793	45.90263816911943
3794	45.166323548126535
3795	45.73737685681785
3796	46.747190366573385
3797	46.742183063078016
3798	46.93418247885549
3799	46.332895837083335
3800	44.86628471692724
3801	45.5398771674443
3802	45.77850502670784
3803	46.34208002757426
3804	46.773981488138595
3805	44.05955726660486
3806	46.18152300266809
3807	45.11529915433067
3808	45.046908819504914
3809	47.01387689074795
3810	46.750816766803766
3811	46.13654599837497
3812	46.489310748260785
3813	45.65983148181084
3814	47.27371529462245
3815	46.233632158128394
3816	47.11425547361564
3817	46.85656533150355
3818	46.54802031577435
3819	45.79582808006452
3820	45.4726442081444
3821	45.62732033867355
3822	45.668155710456496
3823	44.99444128326597
3824	45.61851080568282
3825	46.18491186615694
3826	45.17885852702662
3827	45.483128115078486
3828	45.320221774509726
3829	45.54034168241709
3830	46.04021703646236
3831	45.37140920587863
3832	45.33667921241776
3833	45.23366229062702
3834	43.661662500209545
3835	46.81935950295921
3836	46.24115679081776
3837	45.966309987753505
3838	45.91287098482987
3839	46.276913243647854
3840	44.93989681892732
3841	45.206796062726646
3842	45.056383476063786
3843	45.985502750836034
3844	46.03730490798454
3845	44.71316305554087
3846	44.947269891064416
3847	45.38836122826727
3848	45.1196862077346
3849	47.03241151762502
3850	44.5135584300661
3851	44.79768779025028
3852	45.82867132086259
3853	47.330019023573385
3854	47.121891902486574
3855	47.66171013960323
3856	45.63926070369675
3857	47.26436793754702
3858	45.17153452539432
3859	45.012186756391856
3860	45.77838271572594
3861	46.674678940541874
3862	47.90940677913634
3863	46.336701234421604
3864	46.6247841899586
3865	46.659585046271275
3866	45.06446074789333
3867	45.21144570694561
3868	46.02974836669415
3869	45.558669335574095
3870	45.69982544433282
3871	45.05566034823366
3872	46.025689967276726
3873	46.64675619345417
3874	45.75443840481657
3875	45.46940512833588
3876	46.6024007090554
3877	44.75644994865676
3878	46.14560721200554
3879	46.930375192024265
3880	46.139531577422126
3881	46.16179219873887
3882	46.482558404232634
3883	46.16044011333518
3884	47.013772543527026
3885	46.97960389457014
3886	46.8067315618157
3887	47.200321674315546
3888	45.944413087424465
3889	46.26056200272681
3890	47.04011149110437
3891	46.70929615258482
3892	46.36283664530462
3893	47.5941298855672
3894	47.3915712863762
3895	46.131333976891966
3896	46.13258767332212
3897	46.75176153726666
3898	46.87125121950046
3899	46.65892008889534
3900	46.47955639089798
3901	45.29966844757463
3902	45.801015408384615
3903	45.62483479288386
3904	46.054725811392714
3905	46.00646328123756
3906	45.62841729094815
3907	46.50543594532192
3908	46.424199724420475
3909	48.383414986682624
3910	47.31365385153651
3911	48.02031613841173
3912	47.24464463672541
3913	46.69930514449488
3914	45.73790234175582
3915	47.200979089887575
3916	46.028427586636674
3917	46.68208125119735
3918	48.146183846133674
3919	46.7210101684324
3920	45.6902664117715
3921	45.39669126505719
3922	46.22959219836848
3923	46.075006876383206
3924	46.18384319306059
3925	45.55728104437129
3926	45.842167442697814
3927	45.973424867222086
3928	46.79287435017631
3929	46.944627210701
3930	45.96360575018868
3931	46.04508753908434
3932	46.44552931232894
3933	46.60053614260205
3934	44.79831902197183
3935	46.27596445395179
3936	48.009578524206994
3937	45.81737557139282
3938	46.1943621735974
3939	46.35544963934931
3940	46.41784579368273
3941	46.93264287541449
3942	45.74664654090921
3943	45.515057995086835
3944	45.86570611138955
3945	46.63391700404546
3946	45.613633650425754
3947	46.62257915565993
3948	46.40340983214977
3949	45.01619952536391
3950	45.27225978541138
3951	44.524369958250446
3952	45.78708567969977
3953	45.22187002230595
3954	45.26035229391161
3955	46.27164238584503
3956	46.99358189625962
3957	47.403484069591045
3958	47.78068131755176
3959	48.7637087212817
3960	48.22465266863956
3961	48.596340178904924
3962	47.20894950067521
3963	47.411715132444954
3964	47.73856261078237
3965	47.06605756121303
3966	45.961223856463484
3967	45.78495432404386
3968	45.589659353978526
3969	46.634813286317296
3970	46.111428524230966
3971	43.47778511505279
3972	45.3039360380284
3973	44.398911927861
3974	46.397147697278676
3975	45.687990505955355
3976	46.23375699630345
3977	46.37794735798531
3978	45.93692550751854
3979	47.45732732595555
3980	47.52562239186929
3981	48.371255424892446
3982	47.80093479616291
3983	46.07515517145778
3984	46.69261323104322
3985	46.68319579621906
3986	45.582182155579346
3987	45.86388318061411
3988	45.241657896075296
3989	46.54162038550305
3990	45.589136547855745
3991	45.50972004032641
3992	46.17575939318255
3993	47.535111269996875
3994	46.2027534264385
3995	45.11795906836603
3996	46.076009713375214
3997	45.77923609188669
3998	45.23121560050496
3999	46.80456737429399
4000	47.00965749337611
4001	47.71582428307764
4002	46.6772397891174
