0	43.166397530534674
1	41.41579158262334
2	41.00982154504205
3	44.57506465001562
4	43.0610301273344
5	42.54567463837818
6	43.562005401487646
7	42.05411370604356
8	40.652639023858846
9	42.94702764937215
10	40.30499304233666
11	40.633189035961095
12	42.8893156630384
13	41.76488316324825
14	44.114013963876445
15	42.645238406196235
16	42.12739772983347
17	43.16898195495173
18	42.10030724412499
19	41.588446036997524
20	41.588480043730875
21	41.58810413847757
22	40.73686187457729
23	41.19397305339111
24	41.11083918209707
25	39.97289762944558
26	41.75266548654428
27	39.991086085934505
28	40.08593267098244
29	41.374912353062484
30	41.32323898064141
31	39.08193676784229
32	39.98776591249184
33	38.959609307453675
34	40.74043741516282
35	39.048123240126195
36	40.90674772155999
37	40.57576023360291
38	42.851184150972834
39	41.25928658904246
40	42.06879091592223
41	42.44790446951197
42	43.21498596581964
43	40.85969542489684
44	40.490785017844345
45	40.76758542952784
46	41.41014631805942
47	42.54746161752263
48	41.39137134353109
49	41.32096515665141
50	41.63065407534457
51	41.5669332170113
52	41.571746487977265
53	40.169448945266765
54	40.71067843758268
55	43.1597267164477
56	41.87369211263234
57	42.88536872786391
58	43.59406152273513
59	41.77255548649627
60	41.437039730562915
61	41.39642219155708
62	40.23759173003419
63	42.817110676014444
64	41.5038844606014
65	42.25764328994075
66	41.86243281740897
67	43.11301428546378
68	41.96899239449407
69	43.60145288516515
70	42.439539932052625
71	43.308090829663676
72	43.32265726194134
73	43.17692279172456
74	43.93081146976889
75	43.33989150684755
76	39.96935533865464
77	42.366372351838336
78	42.594193872338884
79	41.5496653931911
80	41.29162272414666
81	41.22771470651503
82	40.19156301322525
83	42.263913861595306
84	42.26174002834412
85	40.410456269238814
86	40.45330481628441
87	40.199432088977865
88	40.49802245975958
89	40.549291692072366
90	39.59455791162791
91	40.18873890354389
92	39.239393439646484
93	40.23405157462155
94	40.871109487441984
95	38.79340046520572
96	39.391567545443365
97	38.674883147911856
98	39.971622157963374
99	40.94201348675176
100	40.02014044128983
101	40.9305824540645
102	40.2736863273416
103	41.12196899501453
104	39.75918651772795
105	39.13243624241814
106	39.72415079123843
107	41.516649432244115
108	39.62799554034333
109	38.30283698517912
110	39.14583934682375
111	41.78607024462667
112	40.13243802616671
113	39.970559285200956
114	41.472131896214215
115	41.63906815172237
116	42.42122277898696
117	40.57931931840934
118	40.01399199463405
119	39.38985370723982
120	41.24369929776612
121	40.76358231721419
122	41.4866543818332
123	41.366641000919365
124	39.99968387242963
125	39.72952003028312
126	40.30467702886322
127	39.39720088325417
128	40.87460084069562
129	42.30324829809314
130	41.93060468891443
131	40.8774860448268
132	41.06395774028642
133	40.60844548187256
134	40.47405731030295
135	41.77508297587163
136	39.9324849574144
137	40.67943449725459
138	39.328838083411064
139	37.97202574690558
140	39.40155809544058
141	40.261037541271165
142	40.00873627252574
143	41.69931759192513
144	41.54161877101572
145	40.95096679902287
146	39.49464199982766
147	40.6437585294394
148	40.672056299581385
149	41.89109778240874
150	40.958603946561354
151	41.648050144980786
152	41.48447237572188
153	41.28267785015879
154	40.834780937633965
155	40.36801793654444
156	39.813799675287
157	41.80777168675259
158	41.931937860357344
159	41.2838528472051
160	41.59421234037814
161	39.578584602047115
162	40.67847412026117
163	38.79175579446104
164	39.83737713476586
165	40.14322273690764
166	38.64744655568451
167	39.38157052700548
168	37.3907072091282
169	38.30574666545842
170	39.13642333470916
171	40.01528435783535
172	41.01032152626098
173	40.85832861743393
174	39.48852248559401
175	40.689362631412386
176	39.01803187547447
177	40.389664773551814
178	41.39964151006308
179	40.047810407898425
180	40.47782985871768
181	41.05366425724109
182	40.9869351828858
183	38.74573928212175
184	40.58382951334122
185	39.36828313473421
186	40.64582578290498
187	41.864905004657444
188	42.20335939270924
189	40.98202161049017
190	41.65919502216996
191	41.40469318595295
192	41.06427529954893
193	40.02025577999967
194	40.41532825819683
195	39.51877376608166
196	42.25458866221226
197	40.92001646491374
198	40.98769414927379
199	40.47087774637576
200	42.79945211622795
201	41.063658895624535
202	40.64947469641486
203	41.59864922490918
204	40.73727292394221
205	41.56827301962631
206	40.463852081506566
207	41.37667604624033
208	39.941800727057114
209	41.99189752063717
210	40.02093976483817
211	39.58692312512311
212	40.508324817296845
213	41.41895628158711
214	41.22167422650271
215	40.73797842048635
216	40.56380999473221
217	39.989948722199856
218	39.93621609081416
219	38.766218129917604
220	39.59781974247308
221	40.1909233514695
222	41.93812564589021
223	42.321199293318415
224	43.75927045077393
225	40.133712623226096
226	38.95272198576277
227	41.27213887082048
228	40.6593998444216
229	38.8938372594709
230	40.670233494765306
231	41.40359736621402
232	41.652849729773635
233	40.4131634731464
234	41.237865664550675
235	42.55298197049541
236	42.4054723998804
237	38.98611338504496
238	41.457707782940396
239	40.575443954971
240	39.59657785351727
241	39.01573675332489
242	40.161671899821286
243	39.8413270847913
244	40.97668746798084
245	40.898994903989575
246	42.05473710618589
247	41.14352130814825
248	41.039575610514746
249	39.88888679559569
250	41.313394519729584
251	42.19047650511413
252	42.398700742432894
253	40.53395901899727
254	41.22125225880115
255	40.4365488382236
256	40.416338298195306
257	40.69114738911407
258	40.941637021681125
259	42.0446477790956
260	40.4618417258811
261	40.94694470100158
262	39.69610355955689
263	41.87292618658623
264	42.203006545987634
265	39.193918615245224
266	40.756182322792114
267	40.38678381150211
268	39.04583619809784
269	39.64374726352363
270	40.767951758519274
271	39.117077142321634
272	41.27933524285024
273	40.58728367463927
274	40.08185185549692
275	40.746025549830556
276	41.18376230276215
277	41.83617424369103
278	41.36788157122503
279	40.17566693523245
280	39.609969191472594
281	40.02857060778739
282	40.71096515701182
283	41.79662885780882
284	41.61626049744332
285	41.94883044337114
286	40.534860558790555
287	40.04072135498447
288	40.57971396235401
289	39.49790980351204
290	41.180554987741786
291	40.657851465235474
292	40.35315877605529
293	39.809002274995755
294	39.48400899546989
295	39.2721926171638
296	39.41600486763745
297	40.047139509784735
298	41.38886831041962
299	40.6167894127984
300	40.97554652151404
301	40.913370488226555
302	40.88518931735613
303	43.091569047168996
304	40.43252419459049
305	42.00880984771906
306	41.874647945241016
307	40.91864106790496
308	39.90534560019563
309	39.69122119136879
310	38.41649102223524
311	40.49237603360036
312	39.484474274820805
313	40.93965370995306
314	41.5883379790616
315	39.44737999876327
316	40.632903193274416
317	40.262238580384846
318	39.998267436829835
319	39.78247816778013
320	40.01995238549409
321	41.60745140679008
322	40.485124017902564
323	42.15683639731007
324	39.89733924483445
325	41.80174022402786
326	40.99692286269958
327	41.244186175768625
328	39.62572419584954
329	39.745393918442176
330	39.997542301968664
331	41.34075102445961
332	41.60277369744191
333	38.94336037523334
334	40.140479988083825
335	39.511318774305735
336	39.81241610966262
337	40.176174704581086
338	38.98381290391211
339	38.49184923407771
340	40.07490665634281
341	39.77747551855539
342	38.78542122444802
343	41.79227227117937
344	41.839271826746874
345	41.1578154667214
346	37.82023329674678
347	39.9082306432519
348	40.63867002919237
349	42.353240191264774
350	38.93965346969119
351	40.54779177193505
352	39.28593035786225
353	39.834884948225415
354	38.525055805535615
355	39.937884109364575
356	39.2193799990203
357	39.77012440939836
358	41.909979868531835
359	38.27281613646611
360	41.75191120037677
361	41.765843811979906
362	41.36513175493792
363	40.454051075054416
364	40.612911998937044
365	39.42068706997717
366	39.9747210763748
367	39.74138258722832
368	39.85280582627107
369	38.22807300971165
370	38.19283292013454
371	41.61495020437128
372	40.86584804411851
373	42.27755164277042
374	42.30675777093181
375	40.84611688268227
376	42.852716772621676
377	40.95092026123385
378	40.17876492886585
379	39.76122842660931
380	40.447928934948216
381	39.29787107921173
382	39.93055789066909
383	41.26887982733729
384	41.24952327947322
385	42.4180342810875
386	41.136041137859294
387	42.89239121138708
388	42.00327779607177
389	40.27651749653224
390	37.981013753866286
391	39.81098353469557
392	40.913519928474514
393	41.09140369719564
394	40.40181242421921
395	40.34774781358637
396	40.53013457569756
397	39.736456397832015
398	41.83092442322336
399	39.99304945820749
400	41.04970762843521
401	42.011851747008706
402	42.13054161874629
403	40.43283522485422
404	41.65449664841817
405	41.81514632463269
406	40.37739296618412
407	42.357799478135085
408	40.32011850283805
409	40.391119425277765
410	41.501104060503266
411	41.984820767262505
412	42.605952367784575
413	40.124066447875634
414	39.2464611242389
415	39.80327180605435
416	38.45916601911441
417	39.85864849788569
418	37.98253907784882
419	41.01499167152616
420	40.46698534363177
421	40.35866948431062
422	41.292748820223515
423	40.96585036910919
424	40.75988648943213
425	40.84317643196438
426	42.742418101797476
427	41.09755712639975
428	40.4741140928027
429	43.08553221334149
430	42.2349049350995
431	40.3160983210664
432	40.717473930031694
433	40.70854746143099
434	41.69873751584152
435	41.15476441731003
436	41.28109317270178
437	38.465534202696055
438	39.23111998451933
439	40.811792194974565
440	40.95671161354602
441	40.37592940012517
442	41.25634897186512
443	40.211125905407094
444	40.18671016249159
445	42.19080362437171
446	40.782967993884824
447	40.87289444404812
448	40.7323830561215
449	42.16438507540505
450	41.91744527933736
451	43.13866099712674
452	40.88950745155987
453	41.38479626235726
454	40.91726254075785
455	42.435235604973556
456	42.66425279135376
457	40.80464263229453
458	41.78524661107804
459	42.57288151493278
460	41.825085756848054
461	43.758288710344765
462	39.86589300108252
463	40.13017041736062
464	41.0327274664977
465	40.68341192662505
466	42.03168115878019
467	40.69668715426786
468	41.26344366057103
469	41.26499197260559
470	41.67030970889163
471	41.589417315918205
472	41.99090826824629
473	42.520987789426485
474	42.352642875978994
475	42.94180993012727
476	43.15501392315708
477	42.7119859383829
478	42.24045422189989
479	40.01245823780435
480	40.43357500335528
481	39.3726266996126
482	41.585695820076246
483	40.461590494752556
484	40.605250401565016
485	40.9202077411393
486	42.00762791895424
487	40.55545016704625
488	39.821732555487834
489	40.91095820734083
490	41.27251217225721
491	41.06199465961593
492	42.3771751083259
493	41.095121576504994
494	40.69237462543187
495	42.02740797822394
496	40.10832437876572
497	40.12696621448544
498	41.25390707656963
499	40.169187702081565
500	41.45459948246318
501	41.544913426919
502	41.34355870118711
503	42.47047548540649
504	40.861576138777764
505	42.58769624206773
506	42.92300715483091
507	40.53110977284578
508	41.8068730549778
509	41.16602505591071
510	40.58488852445404
511	43.24838277840216
512	40.501056031562314
513	39.38313434468976
514	41.5598384040847
515	41.439108467050175
516	42.62918511744028
517	41.719008886919035
518	41.61708371122526
519	43.56753824483755
520	41.4383323433748
521	40.77595014789267
522	43.337850247042
523	40.37232580153422
524	42.73359996246499
525	41.28924654991862
526	42.55485458746385
527	43.81511785710387
528	42.315768208001124
529	41.439924761809074
530	41.78813973071606
531	42.295839551777206
532	41.42887551746453
533	41.28201505372483
534	39.575921929020744
535	42.019165121925916
536	41.604977290208005
537	40.526822898788176
538	41.406316575231514
539	40.92311327841478
540	41.01847855319542
541	43.84935489729161
542	41.09865842617452
543	39.69495540842517
544	41.7805759136214
545	42.044739694084285
546	41.874044939530094
547	42.41157541050507
548	39.882320539286944
549	40.43045586079128
550	40.88353472260774
551	43.09994262784346
552	40.896628543775805
553	41.351934875780536
554	42.29839155931814
555	42.53750145994128
556	43.40655506171291
557	42.874784476285804
558	41.853194616589455
559	43.397471416857044
560	42.46944701936648
561	41.30653208579037
562	42.67455294767944
563	40.51355076926564
564	39.322454210061856
565	41.2243744576422
566	40.75940497365957
567	40.29214213760003
568	40.48599916885266
569	39.72137281955887
570	40.096710770090894
571	40.61291223952189
572	40.275297620592745
573	38.2138475033786
574	41.31118670274449
575	40.37148476590621
576	39.30944609291125
577	42.712769796967606
578	40.97698738778977
579	39.17032663873937
580	41.81443986795773
581	38.72353690984857
582	38.834790804800576
583	39.19745553800735
584	40.049853524196664
585	39.53668145265639
586	39.89685486547494
587	38.62948782807951
588	37.42548836218038
589	39.34134100453955
590	39.174487047164455
591	39.559785253602584
592	40.17820043476904
593	40.59271819675837
594	39.301707454731556
595	40.76502478371557
596	40.26580030591862
597	39.60162307383953
598	39.22890127778666
599	40.65541959862275
600	39.394270881159706
601	41.955403802392205
602	38.44015689223365
603	40.4038801563574
604	39.83810394032102
605	40.083655843430115
606	41.19610556235316
607	40.75547880802252
608	42.16553248130299
609	40.95699809547468
610	42.10983252999552
611	43.04746807123407
612	42.39505786151887
613	42.562839409911994
614	40.21530933906444
615	41.4606588782378
616	43.416137362999415
617	43.02389112338197
618	42.10225393112454
619	42.257470779890824
620	41.29005278738666
621	40.459029888159236
622	42.70643903501167
623	41.18093997135964
624	41.566677402936335
625	42.46454340674487
626	41.703559595679764
627	40.395961248604436
628	39.67524798433764
629	39.0730830291781
630	39.757760454004185
631	38.46171704912168
632	40.39055330062755
633	38.28041334272479
634	38.07761953873993
635	40.5760823717048
636	41.681719834145945
637	41.47256931236491
638	42.67563869107705
639	43.56777465269429
640	42.332240336332426
641	41.21160713556512
642	41.26621874275555
643	41.74765614958149
644	41.02725547265024
645	40.21907363838714
646	40.814129223000236
647	42.664420614206136
648	40.84912614022889
649	41.29240524384393
650	41.508967939732614
651	40.93294194190693
652	42.25156844375213
653	40.13242711589535
654	41.712095322441954
655	40.237628673878184
656	41.16956149138671
657	41.03462338984613
658	40.5636911964471
659	40.2152580858201
660	41.264448515471834
661	41.937169091604716
662	42.171342726718024
663	42.90894528387143
664	39.481062972194174
665	43.27617313277945
666	40.823693014842036
667	40.468601649421664
668	41.22109770217981
669	39.480528621255075
670	42.42752857468107
671	40.527456589161865
672	42.24194665563405
673	40.372925206875934
674	41.002082119403845
675	41.158057832210055
676	39.14133542132354
677	40.935903862177305
678	40.772933644315756
679	41.022292477572
680	41.09396552000108
681	40.995505575950055
682	41.82626638703031
683	41.81806163878004
684	40.73290245084733
685	39.1798890913182
686	40.00605360676621
687	40.35849451282487
688	39.97209092082232
689	40.51486383345754
690	41.797442853322686
691	40.55376609671692
692	41.78687912517556
693	41.242480740591574
694	42.47413139295769
695	41.11100515717745
696	41.19329999017421
697	39.31188112936958
698	41.598807364143994
699	37.712340664935375
700	40.296112644990004
701	38.547578733456504
702	38.29733593993914
703	41.152817419574575
704	41.61979173492657
705	41.32529701083366
706	42.02762353834068
707	40.59722985934825
708	41.243236037863724
709	41.32268310666347
710	39.355990502070526
711	37.790268425031925
712	38.6289218985904
713	41.17717673852388
714	41.91207502930832
715	40.993209385818695
716	39.21298525091822
717	42.85230978418595
718	43.38346943490595
719	41.81309045419831
720	42.19506891616784
721	42.051864450513825
722	40.69171249356085
723	42.2285046683714
724	42.530081527609475
725	42.80789592343698
726	43.19210215017233
727	42.78116711943662
728	42.12676607754841
729	42.792141400778654
730	42.65230007320887
731	40.95949150262228
732	43.600992277530274
733	41.57176500095125
734	43.85077407035719
735	42.802098443615684
736	41.835873966686776
737	43.86691242077641
738	42.659437985243585
739	43.22430040389086
740	41.72877922624417
741	39.71640162352106
742	41.52702831516117
743	40.952565175536584
744	41.18737581534144
745	42.870457742876475
746	42.55393414048087
747	41.26187307867691
748	40.347815207773884
749	41.10366806270568
750	41.193421784040055
751	41.03366053962785
752	41.52529955149448
753	40.93673271682297
754	40.10097099575386
755	40.83446728444876
756	41.346893473576394
757	40.891083858830726
758	41.199565685115296
759	40.95252218716151
760	41.641974964634585
761	42.622174692084435
762	38.99977661329089
763	40.10069239669616
764	40.31573897791368
765	41.936513332530396
766	40.5985939927628
767	40.85201273116313
768	39.105743293391804
769	41.07336161329714
770	40.26407320623951
771	40.92211147119683
772	40.60178990588677
773	43.32126995940995
774	41.7051928438399
775	40.61485688499572
776	40.86684149169168
777	40.644875169858196
778	40.40169089290709
779	42.06388815592632
780	40.153153657972815
781	38.618922105961104
782	38.269394396444476
783	42.502882463538036
784	40.84677029977765
785	43.05421382476458
786	42.33237531583233
787	41.050546725755396
788	40.61492986835946
789	39.16443005414772
790	41.882359323173624
791	42.62046247523352
792	41.73560058932772
793	41.77809983461651
794	41.498099371360304
795	42.715606397895826
796	42.92047376455415
797	44.70189835938061
798	42.44626317105556
799	40.58296834350894
800	41.15083433359807
801	42.27907338682552
802	41.40562338857727
803	41.30804339482963
804	40.42548036469284
805	39.244943884256536
806	40.82018661437418
807	41.4276874605909
808	41.770145759808095
809	42.64012242869631
810	41.69915955964162
811	42.31754469033444
812	42.582280691505495
813	43.144722097989266
814	41.0301997419801
815	42.58149275150098
816	41.526601541695925
817	41.897169572455645
818	42.32590453856561
819	44.96251219030764
820	41.776596444571915
821	41.23398919918801
822	42.776135566275656
823	43.64864819853832
824	42.90026593510093
825	44.39842432202924
826	42.56071976049306
827	42.38697868309208
828	41.038910135733126
829	41.79614022299862
830	43.443875398905604
831	43.332741159491974
832	43.36769911999496
833	42.43941270059188
834	42.1444431731435
835	40.68785137318587
836	40.439675549317236
837	41.24424410608614
838	43.62009372789895
839	41.90041399073904
840	41.21170167214835
841	41.921964823943654
842	39.67630537022192
843	41.37307266735745
844	40.072437750933624
845	40.6664909613474
846	41.86755527775381
847	40.10949683338582
848	41.728340269423065
849	41.0189385262793
850	40.90529786849844
851	42.04603268227435
852	42.6826540621392
853	40.96661770763596
854	41.39308623098037
855	41.01874939585004
856	41.656475429119425
857	40.54750218891468
858	40.54490791944549
859	39.31058154609393
860	40.31728521892587
861	40.28607506333823
862	37.8554233740399
863	41.920623142968715
864	39.77441764696435
865	41.26898601477192
866	40.75612843198097
867	42.58224005160582
868	42.75864677454113
869	41.124003527418765
870	40.50565795474688
871	41.922715468085336
872	41.83395524539342
873	41.43453218636979
874	41.19855594305298
875	39.15466017700007
876	39.49811455469185
877	40.34344373840114
878	39.81056168896476
879	39.87743573211665
880	39.429720074066225
881	40.99281133990771
882	40.76027325101343
883	42.220218425942875
884	43.19138956317386
885	40.84175788867292
886	40.10694067991129
887	39.71225817887946
888	43.20561004104448
889	44.18015317838871
890	42.58209861170836
891	43.92905436687652
892	41.602585559655545
893	42.826608587388826
894	42.01886087230635
895	42.62678844409439
896	43.763550469836474
897	41.62126503384641
898	41.169679239797794
899	42.11054665391958
900	42.724099233357
901	41.07120866019301
902	44.08609434823541
903	43.7898020438974
904	42.89869569684532
905	42.29750701770841
906	42.45950008192243
907	41.6850743510604
908	42.14255122763593
909	41.081743678903614
910	40.515310373580704
911	43.34712336628064
912	41.70299474366218
913	39.75893710559814
914	42.97097344988982
915	41.99808917056328
916	40.08886474689726
917	41.300233305921196
918	40.24207265644035
919	41.54318779013072
920	42.57051687028741
921	41.82934845451051
922	42.50240580450731
923	41.45838625214308
924	42.098540149735506
925	41.066119698849114
926	41.842486057610564
927	41.58777636165974
928	40.652538474380165
929	41.286569362004364
930	40.93920897161878
931	41.88827305707322
932	41.005942228899265
933	41.97678424511068
934	42.047271478399665
935	42.4500680872035
936	41.7323753758636
937	41.396585338975285
938	41.78361402884977
939	43.200777595478606
940	41.721506322839566
941	41.97233132788377
942	42.38183202954624
943	43.36317720659066
944	41.83646243731825
945	42.261468785321775
946	43.017871401116345
947	41.28267233229243
948	40.76458014439805
949	40.972146602437384
950	41.52306231743239
951	40.453111318125536
952	41.83450593485599
953	42.95107872921064
954	40.84881841677573
955	40.687285748868774
956	41.88836890117153
957	42.59750512715169
958	42.351400808979086
959	40.856842767550894
960	41.16461342488672
961	41.37138130463268
962	40.247003500306384
963	41.36449774128728
964	42.16123813738761
965	41.04397881950356
966	41.52974406466166
967	39.63220437199888
968	39.10193186291504
969	41.915272306747134
970	42.03895490230029
971	41.35726021488206
972	41.57950185797383
973	42.523132459782175
974	40.675575147878966
975	41.33082834167517
976	39.834944630005985
977	41.486899378318384
978	42.57604967676817
979	41.14197516164849
980	40.96804073199993
981	42.82175551127971
982	43.95908946944705
983	43.106931220757104
984	41.66828981849707
985	43.31672662894847
986	43.54205453705651
987	40.18069379582006
988	42.24014700775779
989	41.448290468831026
990	44.07428574150996
991	43.823212040172315
992	43.589879405842034
993	42.722711032857916
994	41.81615201722689
995	41.28481884764047
996	42.708119014429684
997	40.18748367933575
998	39.872188058753224
999	39.003456724110144
1000	41.137080564483995
1001	41.83317731548822
1002	40.914431307891704
1003	42.792893976744054
1004	41.301177744106724
1005	42.78016497833037
1006	41.73942326737309
1007	42.35649940440738
1008	40.841138839943014
1009	40.38279304082693
1010	43.198123626144714
1011	42.38650937112327
1012	42.65912696605942
1013	44.269706027603775
1014	43.211038328440935
1015	41.807534574335406
1016	41.418728450747075
1017	41.2533681812517
1018	42.75319094663422
1019	42.650349049961726
1020	42.37306808171265
1021	40.103277670446175
1022	40.92192991125296
1023	42.16801199639858
1024	40.538102540093604
1025	42.617710557473046
1026	39.519023323555054
1027	41.45217566877892
1028	40.66211543166407
1029	41.13251113650846
1030	41.09332204504302
1031	42.142547477503946
1032	42.49398253636028
1033	41.98138882406613
1034	41.469074513406106
1035	42.3232717199388
1036	41.57835680917291
1037	43.305537540739856
1038	43.57370473962917
1039	41.13261911491328
1040	40.93114886930274
1041	42.14392943756914
1042	41.95362007708205
1043	41.331308536615346
1044	42.2185453120656
1045	43.62455012315951
1046	41.95930797764866
1047	40.530122579878146
1048	41.490664661181384
1049	40.78312168842866
1050	40.13198688920782
1051	41.45411427181166
1052	40.93620576609861
1053	41.76802582963423
1054	42.339658478699214
1055	44.43440570527223
1056	43.803641578934474
1057	45.27678230230158
1058	41.80858377836087
1059	41.44059299804225
1060	42.502622856920816
1061	43.38735522856857
1062	42.64571863677126
1063	42.20288711782108
1064	41.870675499248144
1065	44.561106473781194
1066	42.968629772030845
1067	44.43085978110818
1068	41.73247689483611
1069	41.178292763240606
1070	43.127443540839785
1071	43.03913179112711
1072	41.5901965972117
1073	40.986266523026835
1074	42.00609941358278
1075	42.535947048652986
1076	40.60410745657559
1077	40.66107192373734
1078	43.64584650883883
1079	44.3187078916371
1080	43.62557013562419
1081	43.489080387484904
1082	39.098794310735904
1083	41.82982278359879
1084	42.29785793047739
1085	41.55234861121308
1086	40.64163267444542
1087	41.06103572996689
1088	40.32099106411123
1089	43.704788336002665
1090	40.13343440890036
1091	41.75278449961879
1092	42.27493622052144
1093	42.526988182721695
1094	41.13835371941471
1095	42.374227479139385
1096	40.23000219473443
1097	40.42366062185971
1098	41.04494000190511
1099	40.452503578336824
1100	38.99252495962122
1101	39.91995000826172
1102	40.27799024551783
1103	39.98283302692543
1104	41.56045588331273
1105	41.299681566754074
1106	41.21231991727751
1107	41.01223858548428
1108	41.244902596494946
1109	38.38825792086514
1110	40.30315031141038
1111	42.272190961655525
1112	41.67992103849556
1113	40.20208433203562
1114	40.26480974565401
1115	42.088923823358236
1116	42.266745890111075
1117	40.515921875483585
1118	42.71759635157076
1119	43.560332175813485
1120	42.707603880052595
1121	39.7412121491165
1122	42.42276644914423
1123	40.87308459072486
1124	40.936070302709005
1125	42.95859251344691
1126	41.962792302301324
1127	41.93704771510763
1128	42.74398423257596
1129	43.80670750758409
1130	43.232156458776174
1131	41.9502938075931
1132	43.24115774569809
1133	40.39684630272314
1134	40.56771934163203
1135	41.53018379164005
1136	40.42326901453027
1137	40.91086887452079
1138	41.51768184764973
1139	41.855419431167014
1140	40.989570673054416
1141	42.04882291841861
1142	42.61895209529558
1143	39.444510166403916
1144	42.62900161926805
1145	43.62966121597672
1146	42.80243531591549
1147	41.84271908260385
1148	42.245894867113094
1149	42.94120500899328
1150	40.76919669281898
1151	40.311182431182196
1152	39.78887167157736
1153	41.136924487720016
1154	39.9379373816739
1155	40.17025373042378
1156	41.48918717615503
1157	41.682487659625494
1158	43.31361032663132
1159	42.624533264223345
1160	42.60115047092787
1161	40.99066623665645
1162	40.34281461144236
1163	41.63367009480333
1164	41.80039691082389
1165	41.408980191203256
1166	39.18392829125214
1167	39.82957055179908
1168	41.6384912417372
1169	41.09268249553071
1170	39.98477996949289
1171	40.720080588418014
1172	39.49553168099204
1173	39.994798239476374
1174	41.276114984860214
1175	38.56871863675064
1176	39.76451297950152
1177	41.20670412265061
1178	41.856366950630424
1179	41.82299638438463
1180	42.19544749163469
1181	44.557718315139006
1182	42.372602382350586
1183	41.549165145407166
1184	40.57588698238987
1185	41.67346480353813
1186	40.83413168585143
1187	41.14747230384268
1188	40.29027316216619
1189	41.408996164680225
1190	40.51120744484232
1191	39.91202925207294
1192	39.208104619944486
1193	39.89212591879724
1194	39.231213647327685
1195	38.375493171770536
1196	41.49037513043731
1197	41.791889023141856
1198	43.447822015700645
1199	42.61393062593085
1200	41.50670966787198
1201	42.570820316913085
1202	43.009535130557886
1203	41.59211231260201
1204	41.76112995212076
1205	41.195102062662244
1206	40.77239108387432
1207	40.98702473574744
1208	42.1663591557681
1209	41.264129965584104
1210	41.332540460154014
1211	38.62115347048275
1212	42.01399624153561
1213	41.369018321718734
1214	42.77408339858502
1215	41.94433499126436
1216	42.781414523804614
1217	42.46607197482507
1218	42.02431102025345
1219	42.91049439677121
1220	41.240578774409116
1221	41.19866015301162
1222	41.97602702975934
1223	43.16992150712244
1224	43.002749811399674
1225	42.684607894597505
1226	41.81373336225343
1227	42.32498273027831
1228	43.13641559389934
1229	41.95448573080905
1230	41.55785791912469
1231	43.490103032469854
1232	41.30166940912583
1233	41.73942562749382
1234	39.634002127263045
1235	43.655031453070805
1236	42.12457706304686
1237	42.70282864932391
1238	42.23194554231245
1239	43.58725681897508
1240	42.9925669664184
1241	41.755582222550174
1242	41.76749825921757
1243	43.1210490433808
1244	43.975400785957106
1245	40.692535396923944
1246	41.51506364645252
1247	42.340418186636306
1248	41.136659123841284
1249	42.1292451289567
1250	42.43418868785657
1251	40.42645380239026
1252	42.82668420930987
1253	41.16445813418833
1254	42.38940851053351
1255	42.03477258748817
1256	41.65690991614588
1257	42.32554456914738
1258	41.89906369213795
1259	42.014641785515074
1260	43.80263494561723
1261	42.617439406413766
1262	41.73487571417634
1263	42.267333968142104
1264	40.34662272342466
1265	39.742208438222015
1266	41.53761462063852
1267	41.45233574915172
1268	40.98198743489905
1269	42.703773169330304
1270	42.80696673866934
1271	41.12919793694675
1272	40.299449643349675
1273	40.77909718075149
1274	40.54474222602088
1275	43.859711053701595
1276	41.51890666971948
1277	39.21871723409196
1278	39.63466248573297
1279	41.03885738639207
1280	41.810342418443504
1281	41.38363874133903
1282	39.12141343228031
1283	38.743370583797635
1284	40.61001569217466
1285	41.9838029311701
1286	40.89899514386796
1287	39.324862183963866
1288	42.62111933863543
1289	40.120589442601364
1290	39.73912482370185
1291	41.17479050109675
1292	41.16772788535129
1293	42.29930480321581
1294	41.52298912482578
1295	41.268705983637204
1296	42.02989620794246
1297	41.03864830961744
1298	41.44388578591807
1299	41.72078121419579
1300	42.94067240989914
1301	43.381050243916185
1302	43.08271053785783
1303	40.92926402492865
1304	40.64713221502845
1305	41.90588315149019
1306	41.86092112824266
1307	44.02663577824471
1308	42.08758560329759
1309	42.34000664610544
1310	41.67482255648789
1311	42.22051715789254
1312	42.671641280236024
1313	44.118044821592854
1314	42.68426417711883
1315	45.71710573071485
1316	41.95100418318099
1317	45.85877672418419
1318	44.36864280314786
1319	42.24230190152612
1320	43.642567715951444
1321	41.65906004381221
1322	42.930509389587606
1323	44.11695325428695
1324	42.98598500800135
1325	41.54377195753138
1326	42.865064519706934
1327	42.219375977474016
1328	40.95548051031266
1329	42.41265496967117
1330	41.53927829517831
1331	42.88058839663195
1332	43.0318282851018
1333	42.00751632784432
1334	42.601488109062196
1335	43.76849658324835
1336	44.348636902573716
1337	44.36937672222188
1338	41.72758908684443
1339	43.696586798807495
1340	42.068496779075495
1341	42.41539099320378
1342	42.019635595795776
1343	42.204677420854225
1344	40.65639364959369
1345	40.65475532828729
1346	43.101053902322334
1347	41.43585126651218
1348	43.033134994536475
1349	42.53695780895836
1350	42.57642807729005
1351	42.08172054013532
1352	39.4851225273524
1353	42.260871369459984
1354	43.53187603518246
1355	45.44946252266763
1356	44.389579585490964
1357	43.69894135761028
1358	41.78748235746665
1359	42.27331332182142
1360	41.915904717872785
1361	41.37135928150961
1362	43.33656396205832
1363	42.95226955129137
1364	43.903925364131624
1365	41.77017638205972
1366	41.42816350716938
1367	43.384028733299225
1368	40.83768161064032
1369	43.78235110961595
1370	43.72412453049607
1371	42.0577016667176
1372	43.18985776347601
1373	43.7520454591399
1374	42.26986352956811
1375	40.33182378985407
1376	41.693030865691114
1377	39.24066454204665
1378	43.10344503353505
1379	41.57327423276508
1380	41.4779541986604
1381	41.647477000311895
1382	41.73688636184044
1383	42.088414103023595
1384	41.8224744075409
1385	42.292142149860645
1386	42.611096289421006
1387	42.84770244562852
1388	43.98148016124521
1389	43.060830784110685
1390	45.317649694974264
1391	44.84687842442438
1392	39.50355099177267
1393	41.90147702649023
1394	40.15561019626102
1395	41.047117879221986
1396	41.384489075548885
1397	41.303682390284386
1398	43.73321212698975
1399	42.185355793693624
1400	42.0125088281586
1401	40.72550776772305
1402	42.16971176738612
1403	42.31300844403544
1404	41.73970618230271
1405	42.74166167567632
1406	40.71378490691417
1407	42.197722123288784
1408	42.91184526760416
1409	42.21352221625215
1410	40.90294266734253
1411	40.984344879677856
1412	42.18889760859271
1413	42.67241300132198
1414	40.88236842935655
1415	41.97808014442291
1416	42.27355391645296
1417	41.09627757823433
1418	42.828650723600326
1419	41.59018583372446
1420	40.615972913675726
1421	39.03956438182759
1422	40.4682332475714
1423	39.17706007792188
1424	39.54459791201819
1425	41.56456069889277
1426	41.89692204261311
1427	41.705726062778204
1428	43.17038022628241
1429	41.34154126377131
1430	42.89774952114
1431	42.20680207434884
1432	41.72288852181759
1433	42.29873804581538
1434	41.06783504582038
1435	40.58757973213216
1436	41.476756703244135
1437	42.45220478100752
1438	40.76221151473434
1439	44.04408853100555
1440	42.09343218131142
1441	43.784432753480814
1442	40.70947708478475
1443	41.80481809430156
1444	40.68239008827852
1445	40.4971715109102
1446	40.35350304934532
1447	40.26294644242323
1448	43.87964533626798
1449	41.11074603337971
1450	41.846035010899534
1451	41.08820246942933
1452	40.92886587578582
1453	42.789578247655236
1454	41.19493304262526
1455	43.125540099000794
1456	41.71221719835843
1457	43.40108308232946
1458	43.42840249889675
1459	41.45248431642355
1460	41.43652810318897
1461	43.598943400097454
1462	44.18287113329253
1463	40.511701592053896
1464	42.02940541005479
1465	43.57618742391678
1466	39.545862657837475
1467	40.68945720022332
1468	42.14379933392258
1469	44.20320213250207
1470	41.642077763923105
1471	41.780000757032035
1472	40.336702024292656
1473	42.15960388529495
1474	40.97477451258211
1475	39.14451121660842
1476	39.91092265226442
1477	40.37321973057981
1478	39.43596784266799
1479	41.00535593177951
1480	40.73936218999494
1481	41.58815063800589
1482	42.387950394913936
1483	41.26383312381823
1484	42.033598939218535
1485	40.67301471062448
1486	42.31117230668607
1487	43.78401218135172
1488	43.60143214812499
1489	43.51729461533383
1490	42.85960897189841
1491	40.39199889566991
1492	41.00198587310241
1493	41.128638124083835
1494	41.41643135794882
1495	39.415892623743126
1496	41.66878796107474
1497	40.36817924665614
1498	39.46689695101639
1499	40.81090870572983
1500	38.87435209194635
1501	41.39277874824014
1502	42.11126352619979
1503	40.80906617738208
1504	41.901693945693424
1505	42.181750380065964
1506	41.833471227023416
1507	42.70771981634937
1508	41.30602591114465
1509	42.394122806167196
1510	39.945868550036664
1511	39.2370748254718
1512	41.080937327133284
1513	41.00174178132513
1514	41.85504954659012
1515	42.28720843812
1516	42.86696216794624
1517	41.06619556236698
1518	42.39368838037682
1519	43.24332179965778
1520	42.7560862084797
1521	42.470025955836235
1522	41.505890952876804
1523	42.120498387077284
1524	40.84733645892532
1525	39.90929766176776
1526	41.03019090975272
1527	41.74151426246136
1528	40.59929406430072
1529	41.112767568959804
1530	41.52220589283998
1531	42.43371048618238
1532	42.91263062567594
1533	41.49160536503532
1534	42.9425473593606
1535	42.33070777914189
1536	43.73114529005513
1537	41.88265990178172
1538	40.31743172922526
1539	42.07798969869532
1540	43.26411960564384
1541	42.42634692289483
1542	42.97171627891629
1543	42.47236831821078
1544	42.260537011470525
1545	43.598341910880876
1546	42.28641036593599
1547	40.49872811090155
1548	42.63446320576115
1549	42.122357705552226
1550	41.84087862044692
1551	41.10708062171652
1552	41.52421764884694
1553	41.629107349667585
1554	42.202115084483324
1555	40.03878873921351
1556	42.19658687851104
1557	42.892626469310926
1558	42.46705461978243
1559	42.3321417048461
1560	41.209195194112944
1561	42.24822329980019
1562	42.190522410663796
1563	42.695422891772736
1564	43.878248113355205
1565	42.474683464232484
1566	42.59980276236768
1567	40.261450848886824
1568	41.69519548835346
1569	42.578541040444904
1570	42.87370989339591
1571	41.50261174668638
1572	41.39481746152734
1573	42.947947157868036
1574	40.94142595202072
1575	40.46918727686799
1576	41.95273545456394
1577	40.551639426257346
1578	41.2557287919432
1579	41.154863250377325
1580	39.97060395619816
1581	40.06773606040711
1582	40.40041977642647
1583	39.71491661293068
1584	40.25117914613107
1585	39.93821671571062
1586	39.966064296071366
1587	40.837843247414774
1588	39.17130294607288
1589	41.69939825920912
1590	40.73865838186672
1591	41.32130292480847
1592	41.4509282625077
1593	40.27124368404721
1594	38.67434338578852
1595	39.09013931934562
1596	40.432726511972845
1597	39.25837109574579
1598	40.623537195161944
1599	40.378573945903156
1600	39.385278678194595
1601	38.57092864408703
1602	38.36330912196702
1603	38.39421585534256
1604	41.01424681650307
1605	40.783126249432655
1606	41.73782404287593
1607	42.63095129619248
1608	41.23104187769201
1609	42.25213299960059
1610	40.97752044661119
1611	40.821365586064786
1612	39.8902186714456
1613	43.62012447307804
1614	41.082714244279074
1615	40.31302743787265
1616	41.081660172751214
1617	40.52435317581334
1618	41.246486722859785
1619	43.67780770806636
1620	40.72261316413693
1621	43.824419034621876
1622	42.07514288683807
1623	40.83874155987312
1624	39.47378126348522
1625	40.59751969204764
1626	40.59023035744448
1627	41.18891918984314
1628	40.82403935820576
1629	42.058080952085916
1630	40.950216027212036
1631	42.25544883679008
1632	40.62690920822954
1633	39.89543006804947
1634	41.31415865479936
1635	41.77360168446768
1636	42.23042564681441
1637	43.160115221126034
1638	42.24165886598127
1639	41.26075208060336
1640	41.82204872392623
1641	42.66843415776383
1642	42.48269019479169
1643	41.102520608438034
1644	40.47527838042658
1645	42.02307714685274
1646	43.294595784131026
1647	42.699378683642806
1648	41.662733145494514
1649	41.69053507176808
1650	41.45428586405888
1651	40.94830153001266
1652	42.312774634500805
1653	40.72574885989338
1654	41.71328896002304
1655	40.130754897734995
1656	39.50856483746158
1657	40.25515753334175
1658	40.84365782785822
1659	38.87600388262736
1660	39.983353668535855
1661	39.15661802118257
1662	42.56552826196318
1663	39.77808184103432
1664	40.99254773969288
1665	41.273512629602365
1666	41.515802865054745
1667	42.23473634237316
1668	44.610846345622036
1669	42.73335955495229
1670	41.702438120971856
1671	41.739552545764816
1672	41.39833014930044
1673	39.454800166491964
1674	41.64229967626154
1675	40.86879990895664
1676	39.37488564534179
1677	42.06946147912732
1678	39.704834227631544
1679	37.899540695424676
1680	39.828788806714414
1681	40.19337922365132
1682	39.44438459609428
1683	38.64422287179708
1684	40.37368147104901
1685	40.58630276058674
1686	40.924193744536524
1687	39.89669811601698
1688	40.44143983225255
1689	40.82919108392096
1690	42.2187878656449
1691	39.28810439803723
1692	40.832584576115934
1693	40.55409625978157
1694	41.40151251881689
1695	40.52198201710417
1696	40.53904806955312
1697	39.23933324558496
1698	42.459008271646375
1699	38.979656473017634
1700	39.53562048574656
1701	39.059902915970916
1702	40.21046017104596
1703	41.374933069903705
1704	41.07089818794075
1705	41.20568820637175
1706	41.62267371066818
1707	41.08807748701032
1708	41.29902030668904
1709	40.77608483883717
1710	42.24831060527448
1711	43.37160649427922
1712	40.009688416719534
1713	42.04897181209064
1714	40.034824425761926
1715	40.53654341790894
1716	43.48363721626118
1717	42.24507416209431
1718	42.86793007838225
1719	42.78628425953771
1720	42.46812457937418
1721	39.27311244110478
1722	40.90711235114667
1723	39.89869928922789
1724	41.06644778954126
1725	39.70682146698679
1726	39.106960708006724
1727	40.854457148376774
1728	40.33307537025179
1729	40.27700244050852
1730	39.68827125990884
1731	41.64045317282445
1732	42.83844159812008
1733	40.4918385044085
1734	41.30237788355816
1735	41.447666415118945
1736	41.684418015691676
1737	42.173017885579256
1738	40.72127085287639
1739	42.39658766007792
1740	40.951301764660684
1741	42.80281401596333
1742	41.70241237660468
1743	41.897987844531194
1744	40.84889234701678
1745	41.822828863856486
1746	39.991520508194064
1747	41.25401242457319
1748	40.40858819251146
1749	42.82352771192764
1750	43.252252892339236
1751	41.52934187497644
1752	41.610862057691676
1753	40.54807900113697
1754	41.98906644674918
1755	40.46278545245147
1756	40.70059074071476
1757	41.06490955560581
1758	42.2314569689805
1759	42.75533869959746
1760	44.30851258857423
1761	43.70403911192904
1762	42.53675994364166
1763	41.05426635708916
1764	41.539466633420105
1765	41.107267210533784
1766	42.25388102876783
1767	43.37772721669079
1768	42.59390310594676
1769	41.96367262048257
1770	41.86393902352227
1771	40.81515791161416
1772	40.33573353314692
1773	39.69722906573708
1774	42.008275949825524
1775	39.674529290869934
1776	42.15492145168532
1777	43.313119690178674
1778	41.52726344552143
1779	42.32078109941969
1780	42.689785198312926
1781	40.921085926958064
1782	42.31123385728562
1783	42.88860005694918
1784	44.247123111925106
1785	44.27480256974105
1786	43.68764643094606
1787	42.40171720884754
1788	41.892793156694886
1789	40.12931293980804
1790	41.12133341904834
1791	39.87410537127961
1792	42.312659259042995
1793	41.32743317970712
1794	40.68736463055741
1795	43.468068446682764
1796	40.94820739308644
1797	41.544293100381054
1798	42.82142590832274
1799	43.410951631910486
1800	42.073331498265716
1801	41.26627007969222
1802	39.53854409218873
1803	38.31792399817827
1804	39.35721214835492
1805	38.67853668053186
1806	39.50619695033384
1807	39.47357322065081
1808	42.77795167839552
1809	41.726875082786464
1810	39.26773866312321
1811	41.2875247361097
1812	42.4070660943886
1813	41.73291304900653
1814	41.39868921110282
1815	42.14408736715378
1816	41.05216794434682
1817	41.647472253942105
1818	39.28452392900754
1819	39.42741392660989
1820	40.35041463712776
1821	38.93708911815513
1822	40.05313886114631
1823	42.836963238487286
1824	38.863495060139925
1825	41.87389148869857
1826	41.8949611747422
1827	40.28973477023969
1828	41.63694791919761
1829	40.51287649226935
1830	42.026423941821776
1831	41.261036990017196
1832	42.15360788802361
1833	42.63670717892658
1834	42.12774714169746
1835	41.495085203715206
1836	41.867828323331935
1837	42.32723964776193
1838	42.55914431446295
1839	42.53742925580679
1840	41.62335718289563
1841	41.34854318276691
1842	42.50922011497324
1843	41.28017460473393
1844	42.790793447660164
1845	40.0728752285252
1846	40.11051322281942
1847	43.19469575984264
1848	40.54644309414523
1849	40.52182820885005
1850	40.89454767374827
1851	40.564562731382566
1852	41.42292543935079
1853	43.6759108916571
1854	41.869351561270044
1855	39.76190916895079
1856	42.399807349442725
1857	40.366831394735485
1858	43.41617397626149
1859	41.10292582840472
1860	40.80584630692026
1861	42.63132536279711
1862	42.445634999907305
1863	41.59220888759028
1864	39.418209930936676
1865	39.46328190710113
1866	38.70020973019189
1867	40.71790383231889
1868	39.87214198886232
1869	39.73890231066008
1870	41.76362188130915
1871	40.69101082129173
1872	41.048567293944785
1873	40.52136751150721
1874	39.084530008058415
1875	40.92501600893599
1876	41.69803384123416
1877	42.65051227006484
1878	41.843255624211714
1879	41.3900055417968
1880	41.61059062265933
1881	41.98314652004564
1882	42.19453108651419
1883	40.07945030406593
1884	41.22862023527024
1885	41.17143771858279
1886	40.77982033363251
1887	39.87679812385141
1888	40.19660545201517
1889	42.395633488037774
1890	40.985474171833985
1891	41.656772757394045
1892	42.90288098641288
1893	40.208528182194186
1894	41.51341711286655
1895	40.05507880805021
1896	40.513262459625224
1897	40.30682225996586
1898	40.76495483966996
1899	38.9099295900597
1900	40.735252927957646
1901	39.389886991439624
1902	38.598071616555345
1903	40.469880864827466
1904	41.7157632421172
1905	40.84263009809223
1906	41.44391347777094
1907	42.46559469471738
1908	41.59107426084951
1909	40.496126102885874
1910	40.62424608710796
1911	39.91892678230854
1912	41.39092280518174
1913	40.899040542041725
1914	40.9222531961146
1915	38.590981067511734
1916	39.71640770253427
1917	38.67532294766108
1918	40.954441341665024
1919	41.167959596425796
1920	39.89093152964223
1921	41.07162445109705
1922	40.36270194800465
1923	41.28857514566711
1924	40.920036598617735
1925	39.9948074114365
1926	39.49471679030821
1927	40.46076743691994
1928	40.001238383090424
1929	39.56308981520528
1930	39.45432417887657
1931	38.84300491895727
1932	39.57869803039224
1933	39.25523400755556
1934	38.36670733265968
1935	38.34192139326557
1936	41.017019200683166
1937	41.49802767440319
1938	41.11437408895007
1939	43.22965705973678
1940	39.86079789707558
1941	42.69790006369595
1942	40.966396656546614
1943	40.55986850463825
1944	39.614786330768645
1945	39.763803878411366
1946	40.37910946659204
1947	40.46706369953838
1948	41.12273721816503
1949	41.65241059435676
1950	40.1579208196901
1951	41.11907769042637
1952	40.91013709437627
1953	41.699226564362625
1954	42.630330989810275
1955	42.39161255873027
1956	41.26438575437963
1957	41.34824601755827
1958	41.46159410331079
1959	40.381127898833455
1960	39.452688460467265
1961	41.34663297649846
1962	43.51317834418483
1963	40.5704214635961
1964	41.99236052076482
1965	41.01150556163698
1966	41.89274511189947
1967	41.45595848240571
1968	42.52150667539938
1969	42.69275522472672
1970	43.21999595592226
1971	39.1237594412665
1972	39.21500400528611
1973	41.60109074257224
1974	40.28197619424408
1975	39.911219229380166
1976	39.68724456950241
1977	40.539131841254864
1978	40.7108681059528
1979	41.337469785771496
1980	40.82847517165043
1981	40.637924840153225
1982	40.13033747108003
1983	40.01198793432769
1984	41.71346767750612
1985	40.28030494955645
1986	38.82242774170273
1987	40.36518223606417
1988	40.56279069863616
1989	39.755526605989225
1990	39.3901443841028
1991	39.727120226735515
1992	40.67579008982157
1993	41.08132548688248
1994	41.61965313469105
1995	41.193458053073925
1996	42.22875747715083
1997	42.47408520180754
1998	40.43412404141248
1999	38.213528642163176
2000	39.65488514798209
2001	41.09464475498052
2002	42.77864681321395
2003	42.44148374812414
2004	42.924919872961404
2005	41.92671483634896
2006	40.45749300121461
2007	40.82770215350021
2008	39.997972217066604
2009	42.61507320245
2010	42.471768932633694
2011	41.714219303048836
2012	40.89706345338839
2013	40.56486017656184
2014	41.402079746923235
2015	43.05166047313013
2016	41.89457407434893
2017	42.47570355198124
2018	43.6015132794258
2019	44.31845402700911
2020	41.26741102111163
2021	41.530292378582196
2022	41.64148795987003
2023	42.584725819854555
2024	41.66067461917297
2025	42.672129361297664
2026	41.28142065455408
2027	43.26341200925754
2028	42.777614444034825
2029	39.51143785474146
2030	40.19602033828178
2031	40.553466432387665
2032	41.34828832703344
2033	39.77766247663098
2034	40.19519650170524
2035	40.46620673647316
2036	41.514207333284745
2037	40.22607122641355
2038	40.83457795441128
2039	40.92676948592398
2040	41.64649638169786
2041	40.63185139872188
2042	42.571176176429084
2043	39.82383405383069
2044	40.30407685729852
2045	41.58440677881588
2046	40.75557656609242
2047	43.38450409743789
2048	44.38352498422288
2049	42.80553442717579
2050	43.11013562860588
2051	43.3152036812156
2052	44.2023530259348
2053	43.65563808866013
2054	41.42812890525157
2055	42.271922291518536
2056	43.1394327544168
2057	42.25508325958197
2058	41.778606605399844
2059	42.74530530173522
2060	41.544079355667854
2061	40.785677041575866
2062	40.87271946243272
2063	41.33135741627535
2064	40.58240836726662
2065	40.17455301846708
2066	41.858513360059966
2067	40.04108068450779
2068	41.061958415202184
2069	40.88543600003563
2070	42.620559629515405
2071	41.1429128858781
2072	41.70847206548237
2073	41.1676878871154
2074	42.129780815344304
2075	41.73564130902637
2076	39.78946083682146
2077	40.36798549529378
2078	39.84158311103983
2079	43.178256047143826
2080	41.811964113165565
2081	41.88534018814952
2082	42.82086811441958
2083	42.58160480106322
2084	41.366989568965785
2085	41.74446066226934
2086	41.89166483464715
2087	42.309289159411485
2088	40.11459982799414
2089	40.8441811699604
2090	39.992064444166516
2091	41.598385321534785
2092	41.11169978374009
2093	41.38039280258294
2094	40.338200403929065
2095	41.203640024458316
2096	42.78627650486974
2097	41.69020257854696
2098	41.49951794556066
2099	41.81782155128797
2100	39.220274156623866
2101	40.390741141032436
2102	41.33711466923191
2103	39.909542762226906
2104	42.05898413533266
2105	42.31002233200521
2106	41.48218395514981
2107	41.4582447144994
2108	41.06950706697895
2109	40.74611875265823
2110	42.054597039930215
2111	41.0278859232995
2112	41.377649072585115
2113	41.32723494702079
2114	41.88182632703407
2115	40.52513731824184
2116	40.28307473567408
2117	42.2182950164021
2118	39.667115280142866
2119	38.87376201100097
2120	42.12855516987461
2121	42.00838309723752
2122	43.04217853214663
2123	42.31546358948714
2124	41.202626880884445
2125	40.69727520558776
2126	42.60358898247795
2127	41.948706565933286
2128	41.764082109065825
2129	41.28417254202451
2130	41.36757224651057
2131	41.17421259893472
2132	39.41308321583977
2133	40.67617803703051
2134	39.23756040339407
2135	40.38082909603274
2136	40.18556148520265
2137	40.20776683687095
2138	40.15556638120176
2139	40.03587576174563
2140	40.964462797399946
2141	40.08195170548868
2142	40.29518294290676
2143	41.1118994273823
2144	41.77740534660092
2145	41.54751323025047
2146	41.65341502655317
2147	41.009043735152844
2148	41.38532375889385
2149	41.93092449024478
2150	39.4867093135161
2151	41.39312454149826
2152	40.62699746425961
2153	42.323062176059516
2154	42.47764520663203
2155	41.68049653172757
2156	41.56758513139127
2157	42.58214751678276
2158	41.319945647012204
2159	40.56879574307971
2160	42.03190739273607
2161	41.89738630202619
2162	41.077374735617525
2163	41.289610063532265
2164	40.40520750806956
2165	41.69701662834731
2166	41.292885979770475
2167	39.54144461982692
2168	41.71052543125918
2169	41.48208752300505
2170	41.74691921579308
2171	42.07466905318647
2172	40.652983951355765
2173	40.24905166588607
2174	40.28140381700483
2175	40.848918822637906
2176	41.43814364862678
2177	39.50557600962373
2178	38.61473590865182
2179	40.723604082426675
2180	41.55516697203468
2181	42.833318190552255
2182	42.45318854384962
2183	41.174681881013335
2184	40.55252000162658
2185	41.54618070691622
2186	41.140307403457484
2187	39.855032762645166
2188	41.59886726895375
2189	40.08334611547254
2190	39.91849699553047
2191	38.796681141628525
2192	41.31636163046925
2193	41.75090488089049
2194	40.45422164939568
2195	38.40633553860916
2196	40.4403484646284
2197	38.576284126044875
2198	39.275544164794326
2199	39.1871085345616
2200	38.368750936295
2201	40.796157676141014
2202	41.23745198173946
2203	42.0807058983533
2204	41.81421648330161
2205	41.102463678092306
2206	40.96032294784466
2207	40.9393691509497
2208	41.86671741863199
2209	41.940903246262145
2210	42.38464614125584
2211	41.970077299121925
2212	41.968648245003344
2213	41.57176962207631
2214	43.30960160791125
2215	43.67593305793745
2216	44.419110322155184
2217	42.42814959424812
2218	41.178236902986285
2219	40.656003648346115
2220	40.047655433121534
2221	40.152251584853296
2222	40.551758407780234
2223	40.55799080905893
2224	40.95599164109125
2225	41.450395437155755
2226	39.53871014952808
2227	39.86716063812553
2228	40.65433396460746
2229	42.78716423121671
2230	41.220845753377205
2231	41.58692858125315
2232	41.41082882962234
2233	42.30215693840522
2234	39.68546798632224
2235	40.4600331221681
2236	40.21206065919284
2237	41.042666122438334
2238	41.209065810303045
2239	40.403881844419836
2240	41.846008648954545
2241	42.4155208143483
2242	41.95929782476014
2243	40.74396150060021
2244	42.38070425605599
2245	41.34600418810011
2246	39.40394993546234
2247	39.99003112970448
2248	41.644783905853664
2249	41.15004577150879
2250	42.98829095870765
2251	42.075944430331205
2252	41.25438584087336
2253	43.40209185600905
2254	42.3526454493685
2255	42.740230891585504
2256	41.87671771174132
2257	40.42757355683365
2258	40.6723218041083
2259	40.32620169970972
2260	40.18694021148658
2261	40.47653007697405
2262	41.823397324880645
2263	39.969470618369066
2264	41.10414327947712
2265	40.719093210251934
2266	42.071178353582134
2267	42.1835427363833
2268	41.56148652419527
2269	41.939543629704914
2270	40.68282339315799
2271	42.14539765900216
2272	39.901211183217086
2273	41.09592502111375
2274	41.04221244687785
2275	40.68487142258881
2276	40.12231826489425
2277	41.26133086308096
2278	40.23294161930934
2279	42.46783020863094
2280	43.22459370661247
2281	41.59272396744128
2282	41.92396283682685
2283	42.9687600183783
2284	41.86968029302411
2285	40.96381945497636
2286	41.49573349133526
2287	39.16336062229494
2288	40.49363945891326
2289	40.72334762202008
2290	40.57593862122156
2291	39.43001608466995
2292	41.59055362751247
2293	41.52398857144743
2294	40.580944780647584
2295	42.32550425692146
2296	38.98500713871908
2297	40.73816770254171
2298	41.57705380973272
2299	40.878352494910494
2300	41.41849276076473
2301	40.90244947149015
2302	41.86601550997272
2303	41.91800510218708
2304	42.17407726518687
2305	40.920570120255775
2306	41.36174454369435
2307	41.47638020529947
2308	43.37574593379491
2309	41.12437377189704
2310	41.66545255618665
2311	41.48943847148466
2312	41.88519696376881
2313	42.944188932489965
2314	42.72353278077683
2315	41.007415100839864
2316	42.15623541573855
2317	41.02439220973268
2318	41.15736433440729
2319	40.063797640699676
2320	38.968528202477025
2321	38.98627205778752
2322	40.42494470650094
2323	40.23556231408173
2324	41.05259783166712
2325	41.05635815320844
2326	41.287360465217425
2327	42.30948112638295
2328	40.6519139885252
2329	40.54612116785765
2330	40.80692403030211
2331	41.466039470600506
2332	41.509733805015216
2333	41.11288127111274
2334	40.27248035646588
2335	40.848038779242174
2336	41.61737104617712
2337	41.18969607603297
2338	38.864130278909016
2339	42.308706352283835
2340	40.161733681136525
2341	41.16208656416889
2342	40.99810769979259
2343	41.26638732051553
2344	40.778407930815256
2345	41.03872063954827
2346	40.84745562354009
2347	40.6935759311479
2348	42.12748634860164
2349	40.95619915940064
2350	41.18863370839085
2351	41.907023768251804
2352	41.81552288639839
2353	41.25662703492408
2354	39.80001501774914
2355	41.2130274201413
2356	42.37621428769491
2357	39.405148945489344
2358	40.97057699035185
2359	41.24311574985748
2360	39.511090814400305
2361	39.328916313690705
2362	40.06770198293012
2363	41.067362574075375
2364	40.00496932115236
2365	40.99333533829777
2366	40.53421201015666
2367	40.923885875943014
2368	41.71709008250653
2369	41.97425044102546
2370	41.271522208924225
2371	40.941515765003075
2372	41.457371786941735
2373	42.22808601678621
2374	42.76932008207418
2375	43.89465830427511
2376	42.72637683031039
2377	44.07219085477075
2378	43.32277818894957
2379	42.82251900479556
2380	43.101350192454824
2381	42.254113158068705
2382	42.500348867567595
2383	43.07476996117167
2384	41.9172314399782
2385	41.84799251131008
2386	41.657778766998966
2387	42.847534711158055
2388	41.35795266469334
2389	42.13573621344601
2390	41.6871938807512
2391	42.441309915128144
2392	40.35292369043436
2393	40.57902268426528
2394	39.53478014894705
2395	39.001176565223865
2396	40.707124317094156
2397	39.41572997119938
2398	40.41101080511433
2399	38.93150619160573
2400	40.774757279773425
2401	39.9638703951558
2402	40.043755078700904
2403	41.96337637948682
2404	41.58286442595776
2405	40.41372244118225
2406	40.147629462122936
2407	38.27821586309837
2408	38.21684169666049
2409	38.434930270247364
2410	37.993777648464885
2411	40.84024877056308
2412	40.59632918586142
2413	41.62837814685963
2414	40.355850659795735
2415	39.486151131158394
2416	38.50736686270053
2417	39.77948855588655
2418	40.06625425477336
2419	40.7093384576893
2420	40.07873401115587
2421	42.20975716231404
2422	40.86471469781056
2423	41.1874937811351
2424	41.17716407116797
2425	41.275000423272296
2426	42.60503537328004
2427	43.84584772271886
2428	41.637010520567976
2429	43.06336517649189
2430	42.13339311006497
2431	41.64530936003329
2432	42.10622820489272
2433	42.209053353034975
2434	41.43290210053677
2435	41.2928143450771
2436	42.82747331138801
2437	42.12254267740397
2438	41.47920766736554
2439	40.638169530321505
2440	41.0334870027008
2441	40.59662772587125
2442	40.471455088812924
2443	40.27246816466336
2444	41.83465427902686
2445	41.59427415392331
2446	41.45133261076532
2447	41.43233729307344
2448	39.781496095076605
2449	40.6430618365813
2450	41.04685071252102
2451	40.50213733444418
2452	42.02907660273662
2453	40.937730970429854
2454	40.02920632669174
2455	40.9265527836113
2456	41.266795847710746
2457	42.788310366712565
2458	41.09179120873875
2459	39.8488482636508
2460	40.428328919883896
2461	42.145375196736175
2462	40.921936594102064
2463	40.424799889149746
2464	40.421015822088066
2465	41.121864496018524
2466	42.58330200321161
2467	41.17337578967725
2468	41.01745597202181
2469	39.673632875066076
2470	39.44437883257207
2471	40.7633197544293
2472	40.46971429567232
2473	41.24811281319414
2474	40.57028349744306
2475	42.145149635585355
2476	42.07298517805558
2477	42.359331663500896
2478	41.90277272340928
2479	42.092227705617745
2480	41.52654878493509
2481	40.432271810405595
2482	43.01390127123596
2483	40.82687054280194
2484	40.17976380471269
2485	41.7586523283072
2486	42.47308381410936
2487	41.55968814398281
2488	39.15082778659913
2489	40.0198278063982
2490	39.79794876614516
2491	39.93837755165078
2492	41.224809901609085
2493	40.885510730032046
2494	40.50302841505623
2495	40.54916147792577
2496	40.057407832620186
2497	38.94868194808867
2498	42.756616935227555
2499	41.196780253640185
2500	41.02545872018492
2501	38.95833151149865
2502	39.91845163187061
2503	38.80289630029706
2504	38.60080431182096
2505	40.0271293356239
2506	39.44031399032959
2507	41.023972650738145
2508	39.67475400484566
2509	40.16291205824306
2510	39.940560015677754
2511	41.98399607110269
2512	40.15553155495725
2513	42.43152564943536
2514	39.70695457196103
2515	40.13742868104184
2516	39.34050977673657
2517	39.426144071704556
2518	40.52501531010565
2519	40.670869514047496
2520	41.756547536452175
2521	39.3434715722012
2522	38.35705487153004
2523	37.941034767069105
2524	39.678760161044615
2525	40.19642103932256
2526	40.93373018769736
2527	42.659319215198735
2528	40.68082202906795
2529	42.98910229681589
2530	40.25983113782905
2531	40.49265673971457
2532	40.358664682113364
2533	39.74611232489397
2534	41.92488030644569
2535	40.439580438734964
2536	39.76933187672599
2537	38.83077178596324
2538	39.499685953877226
2539	39.42005014986108
2540	39.917443050964714
2541	39.95844715264985
2542	38.22560256954712
2543	39.85507442675954
2544	40.79023978375474
2545	40.507208439478056
2546	40.13610266274869
2547	39.47588122194352
2548	40.57677121400564
2549	38.842408504672235
2550	38.76865559277392
2551	41.48705697530248
2552	44.214593422336584
2553	41.746775755327434
2554	40.290514899702565
2555	40.174986343915904
2556	42.043019596457995
2557	40.850827358633815
2558	39.087735789928864
2559	39.89576234564047
2560	38.35993188837194
2561	40.987154698037195
2562	40.402146890881205
2563	41.81891214008527
2564	40.64050797119763
2565	40.167898794542936
2566	40.44164482573582
2567	42.36057092114707
2568	39.591398870603086
2569	38.970729437334015
2570	40.503858865386825
2571	40.39709523771502
2572	40.108589492186105
2573	39.87063064473159
2574	40.938112229237056
2575	39.12667703931447
2576	41.05142842395933
2577	39.88533243549869
2578	41.68617794597445
2579	41.09473081813032
2580	41.459936782867864
2581	40.774523843708465
2582	39.90946425420266
2583	39.06915161347027
2584	41.047493678831906
2585	40.92816002099674
2586	39.941469562575996
2587	41.69584681472999
2588	42.28651736363236
2589	43.35959921425615
2590	42.315060833267296
2591	41.34746518993481
2592	41.57569510578731
2593	42.752595095639265
2594	43.328247732937314
2595	43.83359197694064
2596	41.41310584668919
2597	42.371043331828304
2598	40.20513068016181
2599	41.6394083506924
2600	40.622845172730536
2601	41.831896050765906
2602	42.74599593786153
2603	41.769126103495196
2604	41.31533456978165
2605	41.72185718363638
2606	42.25244440904209
2607	40.83276824618666
2608	40.547786867609176
2609	40.452652908008055
2610	42.85449748752836
2611	41.876387110293
2612	43.36095562580315
2613	42.59518744046886
2614	41.50644816657228
2615	41.031102754957836
2616	42.75250782825854
2617	42.87253710119101
2618	41.94385389168072
2619	42.275371146130894
2620	41.355673818963766
2621	40.916836228464746
2622	42.1034484498456
2623	41.571597277707056
2624	40.64889659335586
2625	40.170702815832655
2626	41.690437869686484
2627	41.20053380114106
2628	40.36548992308361
2629	37.94249303595797
2630	38.572474505080656
2631	39.465065347444046
2632	39.29925860703568
2633	39.24988561489421
2634	41.46444511496086
2635	41.1768393119918
2636	39.3944973550505
2637	39.41011399673403
2638	37.749348985012496
2639	41.38455813163869
2640	39.26454715068219
2641	41.1656546770867
2642	38.86469496343072
2643	38.006051419074105
2644	37.65407359274376
2645	38.718254543813
2646	38.19260204565229
2647	40.53330057084564
2648	40.49348078462647
2649	39.32234767481295
2650	42.39101438361731
2651	39.30956083725585
2652	41.24477173604523
2653	38.61179095185743
2654	40.23531145037122
2655	39.27438004075242
2656	39.50579174946343
2657	39.72798622609862
2658	40.64882435691729
2659	39.97788437127837
2660	40.86721326830522
2661	41.14301062934571
2662	39.433717499283155
2663	38.44226252401357
2664	40.825198618763984
2665	39.22485653024849
2666	39.06604081738506
2667	38.00101858069135
2668	40.36863877768659
2669	42.151742674840555
2670	39.30510253679719
2671	40.09683944872364
2672	40.887644859469404
2673	38.58347250457202
2674	38.96673544124776
2675	40.63244291991873
2676	38.26369058205868
2677	38.51658563198374
2678	39.88381294831731
2679	39.214774863532924
2680	38.86167342073108
2681	37.64414697758397
2682	39.343042520787556
2683	40.058238029251996
2684	42.102433717936385
2685	39.527037088974076
2686	40.43128118455872
2687	40.83763010907088
2688	40.34731400627995
2689	40.9074554450312
2690	41.38390608409619
2691	42.273196129013776
2692	42.06415738825254
2693	41.66240785803809
2694	40.64664888587457
2695	41.15534843674529
2696	40.34078768127773
2697	39.19306907869619
2698	41.07106043015465
2699	41.92963436716664
2700	40.688893237137094
2701	39.96812383870621
2702	39.55193920524127
2703	38.52001637645373
2704	38.54274029902603
2705	39.96808714926976
2706	40.99036158453396
2707	39.908908581172916
2708	39.17726702866965
2709	40.66148015304282
2710	40.35803774652045
2711	40.63732415045984
2712	39.61377807058549
2713	38.84920000895234
2714	41.43371898250945
2715	41.8530743826048
2716	39.4657190941013
2717	41.72019193759462
2718	41.10187410771305
2719	41.106737334450756
2720	40.81965789263827
2721	40.55443321515525
2722	40.56633325417642
2723	42.49155704336326
2724	40.42504414666552
2725	41.00052565294925
2726	42.44274631266295
2727	41.57384492575068
2728	41.34317804863712
2729	39.181634058075566
2730	39.23846586647628
2731	39.27515774227986
2732	40.001341751734614
2733	42.50357188687968
2734	40.25794703634213
2735	41.38214016142054
2736	38.12980216228515
2737	41.3678779725981
2738	42.436631346152225
2739	42.479814688354224
2740	42.6073909432568
2741	43.44132133808717
2742	42.066493222080666
2743	41.91893184635432
2744	43.52248581877217
2745	41.477470950290474
2746	40.707106841290255
2747	41.344358413648344
2748	41.14193802286806
2749	41.33165777643768
2750	43.26290089038298
2751	41.40458006706367
2752	41.20737929957012
2753	42.24668615300835
2754	41.07985287810955
2755	40.295306729457
2756	40.86370833717065
2757	38.8114708878898
2758	40.12142556829416
2759	38.7390284165585
2760	39.94045703593675
2761	41.252042502883214
2762	40.80091345147809
2763	42.18189455936646
2764	41.253523441786506
2765	41.227222021372995
2766	41.104432620421086
2767	41.12420989559871
2768	39.574126016532226
2769	40.196414135723934
2770	41.58573577848627
2771	40.15563648720601
2772	40.71445416970828
2773	41.353264565253575
2774	42.43397818574186
2775	41.205447801285324
2776	41.05636104646505
2777	42.70353444976111
2778	41.04558366159607
2779	40.41464664324293
2780	41.78156636154414
2781	41.09451217308433
2782	41.15917775933401
2783	38.8776311760845
2784	40.988617620013486
2785	42.737952174761354
2786	41.31067148840565
2787	42.11328531130613
2788	41.3269644094993
2789	41.53549091709499
2790	41.431947633635794
2791	42.1981344441971
2792	41.76244439735124
2793	43.03270464450271
2794	43.61041304386173
2795	43.78846777656396
2796	42.10456134706271
2797	43.1662912600382
2798	41.748948055302236
2799	42.2268639092377
2800	44.228747979565036
2801	41.42882474354157
2802	43.166397530534674
2803	41.23209709152316
2804	40.93120285890025
2805	41.86524708994113
2806	41.70974701749219
2807	41.24393510904555
2808	43.003741645582224
2809	40.01584940054451
2810	40.65575416543303
2811	41.556333017879034
2812	41.194021283532635
2813	41.09604193139359
2814	41.530389706859076
2815	41.77977472108519
2816	40.6395046904868
2817	40.848510752917555
2818	40.46211137696915
2819	38.39791746926423
2820	38.52503435144341
2821	40.21450437338963
2822	40.72927894122649
2823	40.333325319865246
2824	41.33339188725568
2825	39.43943449068442
2826	41.65970266509335
2827	39.82730439831163
2828	41.420359887315435
2829	42.35557504536629
2830	42.44489948855394
2831	42.39120776601266
2832	39.39188851441534
2833	38.51096634194258
2834	39.50765877678107
2835	40.77277698644869
2836	42.05455077797184
2837	42.395944142178614
2838	41.64639635157133
2839	40.53251110569624
2840	41.31944847433768
2841	40.9622520172138
2842	42.79522869680546
2843	40.769216653799475
2844	41.039348836196595
2845	40.118188990131614
2846	40.94654027937643
2847	39.992083322198766
2848	41.41850894482876
2849	38.66784256357762
2850	39.119601726921275
2851	39.76779922265831
2852	39.61040202639742
2853	40.23162109287697
2854	40.698243984525625
2855	41.36138591255966
2856	38.97023562816619
2857	39.41417979809535
2858	38.79859713911607
2859	40.322931854715385
2860	38.91655241402628
2861	40.82056860594038
2862	41.080872983707884
2863	42.003536195220136
2864	40.09947933050292
2865	40.40305147922054
2866	40.050637970128115
2867	40.02239302328391
2868	40.397568290714084
2869	41.371277737825096
2870	41.75247971305811
2871	41.06046050843112
2872	41.31505777591839
2873	41.708705461847096
2874	41.335876578588014
2875	40.469349686600594
2876	39.285004642180866
2877	41.22139489177387
2878	40.535484307961816
2879	40.88949965547661
2880	39.74938859554291
2881	39.9673160272142
2882	39.788934511936745
2883	39.328225831438
2884	39.72360352218132
2885	39.19904866973569
2886	42.25695594890779
2887	41.299050844009905
2888	41.09734931952808
2889	40.98166423054373
2890	39.9046660369104
2891	39.82545361499995
2892	41.819964099984524
2893	42.031524506642754
2894	40.388544422421276
2895	40.78216959104973
2896	39.82505217873572
2897	39.77871529401778
2898	39.993595760275795
2899	38.35952425033938
2900	40.235086536605955
2901	40.21127198704655
2902	39.439589781398574
2903	39.74662207869305
2904	41.33859707894849
2905	41.64733460100309
2906	41.72435584379282
2907	41.07846058496208
2908	39.75396371350025
2909	40.886531759550735
2910	38.8983654858662
2911	41.139911448307586
2912	42.08306480045309
2913	41.15005917810892
2914	41.989615170950756
2915	40.6522264040545
2916	40.31245172492631
2917	41.30623518589622
2918	41.150167231466504
2919	40.34839679939354
2920	41.59855932557055
2921	40.55557930621208
2922	39.761762712019674
2923	41.22329990513908
2924	40.24457826016804
2925	41.38805657741357
2926	40.183925532025846
2927	39.32606858948577
2928	40.1132651976843
2929	40.616705454872736
2930	39.00538854880079
2931	37.33488914353002
2932	41.493858477780506
2933	39.656814853155495
2934	39.32026104155441
2935	38.05776485187975
2936	38.05862154883272
2937	39.7616334636616
2938	39.855533492602184
2939	38.75531873306651
2940	39.667827734134924
2941	39.875319088648034
2942	39.55686159697549
2943	40.49303911824852
2944	39.882308404500286
2945	40.29784511249608
2946	39.692664950619985
2947	42.56679731396692
2948	40.684586202684244
2949	40.786391667892694
2950	40.4862747900544
2951	41.43119153486744
2952	41.868053965450564
2953	40.94298730790975
2954	38.748998010307126
2955	39.82635298521756
2956	40.611587451858995
2957	40.21765897374524
2958	41.60909232760564
2959	40.83415119475048
2960	40.694712054080874
2961	40.72091496609032
2962	42.716792953522585
2963	42.57402726390745
2964	41.478469179803234
2965	41.613627755402824
2966	41.746970842566526
2967	41.853900609156256
2968	41.95130494590374
2969	41.42122910823859
2970	40.9767392389109
2971	42.051913789207966
2972	40.234041986835244
2973	40.24323338197545
2974	39.869722134427256
2975	41.74400721807037
2976	40.73824554532636
2977	40.4376944744339
2978	43.12081380848657
2979	40.59757318041529
2980	39.26367453574942
2981	43.20491720337421
2982	42.32766738176196
2983	43.018078994227956
2984	41.44577071288793
2985	43.8095025357415
2986	40.51792906394983
2987	42.420474108751534
2988	41.552695282376696
2989	42.855192765435326
2990	41.072698333103844
2991	41.292511307995305
2992	41.64474436196117
2993	41.06501373101475
2994	40.77557676416352
2995	41.47737783276859
2996	41.59599655452495
2997	40.63671267465297
2998	42.4484035162348
2999	42.4460385003335
3000	41.95435681033542
3001	40.77156878834408
3002	39.58202042630646
3003	40.14060403427903
3004	42.10998919925278
3005	43.350378782872966
3006	40.295461432631484
3007	40.64707380697504
3008	39.55536762079698
3009	40.94901836384206
3010	40.37542692524113
3011	42.120755574835904
3012	40.48717545300552
3013	39.04251805509554
3014	39.69659445089531
3015	40.55388305894973
3016	39.80738236189871
3017	41.174121165394304
3018	39.60128279848644
3019	40.66287948581099
3020	40.24903181565912
3021	40.191113096462495
3022	37.85700530874963
3023	39.986133991523495
3024	41.10560820413206
3025	40.576967479420944
3026	39.32047958086291
3027	39.0204723342653
3028	41.56957594448728
3029	40.78767269389119
3030	41.739021209805074
3031	40.29988230815966
3032	40.541460597238235
3033	43.665762987605014
3034	41.734334677667505
3035	41.05014376896846
3036	40.70453053655419
3037	40.557512971212596
3038	39.5154341167219
3039	40.16837521923696
3040	41.29062857893223
3041	40.09655013373932
3042	40.68129296735754
3043	42.30623028699828
3044	41.114498530813094
3045	40.080563073888655
3046	41.90597385734666
3047	41.841166999543375
3048	43.454156518484446
3049	41.54110811956882
3050	39.858996081585865
3051	42.64558524410918
3052	41.780838682236876
3053	41.55400461733381
3054	44.13980558581998
3055	40.75527541902447
3056	42.17241866560263
3057	42.595954496919234
3058	41.92014292195195
3059	40.14740010336755
3060	42.311217586098
3061	40.581937278574316
3062	41.45692685737495
3063	39.70271273069884
3064	40.539562400812144
3065	40.515189663997184
3066	40.90696811827905
3067	42.021456225447956
3068	42.35723460099972
3069	41.903735252089525
3070	40.358364244288886
3071	41.106109119087634
3072	40.42004539519317
3073	40.99679438880633
3074	41.22417395183833
3075	40.711006556699466
3076	42.503274904968556
3077	40.03156127960767
3078	42.99177090484202
3079	41.71291795945977
3080	40.84536146536544
3081	41.820209593778564
3082	41.8178657471007
3083	41.5977440605158
3084	40.709232455875096
3085	40.773823020794055
3086	39.8429103389463
3087	41.250912284050465
3088	40.32678923922106
3089	39.83189853257076
3090	40.479146325174646
3091	41.01485084878477
3092	42.829571750039776
3093	40.610259517916106
3094	41.17964578711148
3095	42.282542288059666
3096	42.53438009268525
3097	43.71497322068386
3098	42.24397822497543
3099	42.155300989189406
3100	41.34969716614897
3101	40.39092292317545
3102	43.358557716021245
3103	40.695821060834426
3104	39.61396213501027
3105	40.70585667406556
3106	40.91165874491329
3107	42.40781337564172
3108	40.53573605744092
3109	42.87314799252348
3110	42.34853239682781
3111	40.74993132271678
3112	42.25776887255471
3113	41.529831608256536
3114	42.62457831418933
3115	41.68287213080168
3116	41.730814184101405
3117	41.35344049164515
3118	40.47957500239497
3119	41.45988276581998
3120	42.96594917713959
3121	42.59846638970116
3122	42.01801007927545
3123	39.68941624282904
3124	38.23233628655018
3125	40.00422465699571
3126	40.91867720889854
3127	42.8364177132918
3128	40.54648466890255
3129	38.61501522067689
3130	41.393269986471175
3131	39.62666300842475
3132	39.971811940786544
3133	42.67595793435489
3134	43.829520213760105
3135	42.11130135570423
3136	40.470458036324935
3137	40.31985945870794
3138	43.112728181731
3139	41.20897213290778
3140	44.766981812375384
3141	42.336182827088884
3142	43.11639815188897
3143	42.76528818550938
3144	43.91513354025677
3145	44.674384123885766
3146	42.41237086591691
3147	43.643124248687535
3148	42.60933363548925
3149	41.91715192543274
3150	43.22297769587596
3151	40.84150953347926
3152	41.881005270794425
3153	42.9303448148955
3154	41.59534638819689
3155	41.90135360738816
3156	40.420196513128566
3157	42.0771283938938
3158	40.13662680625118
3159	39.20093659693519
3160	40.927815277152874
3161	41.51087351144762
3162	40.48797869472032
3163	41.88901650388942
3164	42.250261003590516
3165	42.688956695166944
3166	41.87599821179603
3167	41.344322604882414
3168	41.41754450568681
3169	40.952897935741866
3170	41.30755303624354
3171	41.36888458698044
3172	41.295954286090534
3173	41.36082587740352
3174	39.477697648190876
3175	40.41796948415192
3176	41.27677877502297
3177	41.57298308783627
3178	42.26686393657761
3179	41.61413218516587
3180	40.81292975084585
3181	39.985257744535616
3182	40.781024035079575
3183	40.33753911637078
3184	40.41823961243175
3185	41.82340293610292
3186	40.14843652858961
3187	40.70157701616853
3188	41.18323391874167
3189	38.32227449635013
3190	39.84078189741928
3191	39.26351550046448
3192	37.854716119905056
3193	40.55526817435978
3194	40.10754659616384
3195	40.40081594510581
3196	40.614793983574984
3197	41.44588256498869
3198	39.76861041200309
3199	41.0110576536611
3200	40.976616733799595
3201	41.59496603578359
3202	41.35540643103978
3203	41.006327077991386
3204	38.85384692637172
3205	41.03635187531465
3206	42.123934746339856
3207	40.348071317222676
3208	41.87029451560259
3209	41.457690010903406
3210	40.17942295899754
3211	41.36997128595069
3212	40.79725350245321
3213	41.14286439821913
3214	40.56013921344485
3215	40.61087003826393
3216	42.85841549184958
3217	42.551044906266
3218	42.112398554832396
3219	39.40192732182627
3220	41.52745227465833
3221	39.79437386101916
3222	38.505580416446946
3223	39.84113992794226
3224	41.60040877495945
3225	39.69469375445217
3226	41.56602703960711
3227	41.64835624086674
3228	40.49513751582705
3229	42.93895483903802
3230	42.382811451586065
3231	41.46067129121099
3232	42.388076125752725
3233	41.18727954200395
3234	41.52564679870505
3235	42.55839316343964
3236	41.9867158271596
3237	41.12757144970339
3238	40.12702907635122
3239	41.90078706909709
3240	38.35373653169361
3241	37.81241885249613
3242	39.0428292501336
3243	42.51504621603275
3244	42.915364791842784
3245	41.61781613311196
3246	43.489426369743825
3247	42.64024309892563
3248	40.79772673148147
3249	41.190774369043176
3250	40.712506561267205
3251	40.91602452467037
3252	41.31787426882745
3253	42.507484250791926
3254	42.91324378914325
3255	40.36674331695183
3256	40.14428616906549
3257	39.15028079982106
3258	43.12619743660708
3259	40.81588287356851
3260	38.70354763558744
3261	40.99816662991998
3262	38.76809345894617
3263	41.624846082524805
3264	40.716893946278816
3265	41.11428734200978
3266	43.0170451644401
3267	42.29535835039551
3268	40.16075511467131
3269	41.478069735428335
3270	42.5901543768196
3271	44.41000085577995
3272	41.9110925295394
3273	42.727504611019725
3274	42.11040092088339
3275	37.108651645419755
3276	40.47457786121158
3277	41.46325010117509
3278	40.267695700585556
3279	38.783424387980844
3280	39.62080941634326
3281	42.24540252379679
3282	41.75047466317549
3283	40.08127863588908
3284	41.56525090588323
3285	42.6876330685584
3286	40.059118287692435
3287	39.33355402313166
3288	40.827272701775584
3289	41.389744167482505
3290	40.460575515262484
3291	40.86007293075631
3292	40.258847712477575
3293	40.684198131843104
3294	39.71615843964943
3295	40.39352771288735
3296	41.869354706159776
3297	40.92077306474362
3298	42.823228948193545
3299	41.99751289820312
3300	41.62101890360349
3301	40.95959325723106
3302	42.365794036214474
3303	41.53605127696753
3304	41.0608350972401
3305	40.07036635519993
3306	39.828077641753104
3307	40.476854247111454
3308	43.08720896515047
3309	40.12515560302089
3310	42.795840318827445
3311	41.43262517504314
3312	39.90885474741545
3313	40.63764561900449
3314	41.149994893319345
3315	40.60219760239291
3316	41.02052378915544
3317	41.92993140891288
3318	42.50055578442302
3319	42.57899849278201
3320	43.226118569477194
3321	41.338022081545404
3322	42.38582489395815
3323	40.811314584967796
3324	41.49679778449072
3325	40.738517374529934
3326	39.82824567079051
3327	41.34542192440934
3328	40.86727423416808
3329	41.94126672956811
3330	41.059431103394225
3331	41.35762498359334
3332	41.63131133794037
3333	42.10824503837096
3334	42.73275027877684
3335	42.00548722542227
3336	40.530691078558455
3337	41.92093745747991
3338	40.53102267886823
3339	40.16220558600012
3340	40.7553147450554
3341	41.54364465889897
3342	41.34020529134646
3343	40.591398769794445
3344	41.64107678611615
3345	41.84688038197802
3346	43.21787711854795
3347	41.62950336922962
3348	41.69190252184475
3349	42.68944767209668
3350	42.780379414353305
3351	41.07673093095541
3352	42.101537215775885
3353	41.19941982784123
3354	38.506357888732715
3355	42.40231271992803
3356	40.66677111243535
3357	41.39474166189122
3358	40.832830908314705
3359	43.00582860557779
3360	42.06868241236255
3361	42.3662613888789
3362	42.18222759662765
3363	43.45042806500346
3364	40.529260724854666
3365	42.68852052462497
3366	41.68681065923954
3367	40.86068582368115
3368	41.75469954016445
3369	39.1456726339939
3370	39.72579656235541
3371	40.21803348846886
3372	43.1303190387775
3373	42.82320614487151
3374	41.27521631197127
3375	40.43337651465619
3376	42.175381616466545
3377	41.4697913172172
3378	39.94507624841608
3379	42.01575208709215
3380	40.717761040034915
3381	41.50713342941482
3382	41.665758300198604
3383	39.36074006055225
3384	41.38148548768757
3385	41.62694666597842
3386	41.19334732299627
3387	39.400842459413575
3388	38.62872427889779
3389	39.44930937548848
3390	41.101065129546605
3391	41.493830582169096
3392	42.70630126204239
3393	40.58810312914677
3394	41.31432980051672
3395	42.189764472779196
3396	40.15744293353313
3397	43.18504919379119
3398	43.591742350076146
3399	41.76149517136844
3400	42.0793996194486
3401	42.90634346016283
3402	42.30448996596123
3403	41.51961775606476
3404	40.968008765920914
3405	41.97851370032546
3406	42.78343146258869
3407	41.48787478047014
3408	40.77916671015067
3409	40.78950628651277
3410	39.484252881230525
3411	39.460551788483464
3412	38.51833579664543
3413	40.174816652490506
3414	41.232550801527914
3415	40.69562942491332
3416	41.9455000011239
3417	41.56564909965309
3418	42.08377400808614
3419	41.633655403381056
3420	40.571246012774665
3421	42.566477176706314
3422	42.0623533514722
3423	40.4486330983627
3424	40.977322536485374
3425	41.04043788069635
3426	40.958093482564365
3427	41.340125686616084
3428	42.20378251592029
3429	41.11355962145111
3430	41.51654384113327
3431	39.15691275835943
3432	39.427113137147394
3433	41.18613912260876
3434	42.48745543080006
3435	42.90664092121419
3436	41.318224045931025
3437	40.80346799929121
3438	40.25555193065643
3439	41.40457294760111
3440	41.40434033652788
3441	40.75488224362011
3442	42.2245225913591
3443	41.6281614035197
3444	40.4917532763741
3445	42.46914866960558
3446	40.89841799490135
3447	39.93101465923647
3448	40.72782725413613
3449	41.72210422171438
3450	41.269190890252936
3451	40.560600965372764
3452	43.05754242890495
3453	39.711247453535755
3454	38.818828542290724
3455	41.31387778093537
3456	42.36296186784899
3457	41.35650640167821
3458	41.318724808962166
3459	41.59625196558985
3460	40.03319086911154
3461	40.902923920064126
3462	41.75755755788018
3463	42.86631137317156
3464	41.748849390311435
3465	40.89654118586199
3466	40.61601709505936
3467	38.54210350188289
3468	38.98110309621712
3469	40.06230666391936
3470	39.990192022230595
3471	39.3925636197176
3472	41.559552179346866
3473	43.9379072425753
3474	43.14726283521848
3475	44.05236663796794
3476	43.194383248991166
3477	43.509963665463104
3478	43.2459538802201
3479	43.305991521653354
3480	41.614560369067796
3481	40.9337116252853
3482	43.28619124533587
3483	42.333167681977635
3484	41.62123788636593
3485	42.48173180090966
3486	43.53003492584693
3487	43.06918227344582
3488	42.070371595895786
3489	41.12776709432019
3490	42.30168818095558
3491	42.818358606379334
3492	41.449349723459434
3493	41.755913263477254
3494	41.62559199897139
3495	41.96576559013791
3496	40.250945983045504
3497	41.0628298243753
3498	41.39389808081121
3499	42.59544509941768
3500	41.827809014852406
3501	42.23094104700355
3502	42.955433799202886
3503	42.13323687234147
3504	44.15167310459187
3505	45.357976580348144
3506	43.486176806765144
3507	43.20469084390892
3508	42.63295085590335
3509	44.375836719841125
3510	42.54216539421143
3511	43.897111881445014
3512	42.52473031253879
3513	43.23826430325573
3514	40.94361580453807
3515	42.12767919657826
3516	41.51395462611295
3517	42.98320528978267
3518	41.43349083190066
3519	41.56017416654754
3520	41.89862908263118
3521	41.98957573083944
3522	40.87565698530066
3523	43.05168580959698
3524	40.310412044747196
3525	37.859783118074944
3526	40.46456828288266
3527	43.104475768100194
3528	41.19476738809846
3529	42.31484862273582
3530	41.54944648168926
3531	42.31319416388884
3532	41.6657645123394
3533	41.123302757843916
3534	39.86580731851141
3535	41.477424871921016
3536	41.03723827398239
3537	42.3791901247698
3538	41.18683541967157
3539	41.3754215442809
3540	41.92787518754113
3541	41.292533002874904
3542	39.337295276782605
3543	42.366901146905526
3544	43.14225840868757
3545	39.354050514929206
3546	39.8233417676372
3547	38.7524579082263
3548	40.554550850124045
3549	40.870460419339175
3550	42.21210397089533
3551	40.486497373613936
3552	40.85855682413453
3553	41.09949963187936
3554	40.37014532217402
3555	40.04528050360434
3556	41.385534709850994
3557	40.033695950239725
3558	40.2509291406031
3559	40.6983075317409
3560	41.09615513701844
3561	41.7192040463121
3562	41.16577757137122
3563	38.89337712696539
3564	42.10983880770355
3565	42.10188392140948
3566	39.75685373623581
3567	41.61802209715027
3568	41.77148699063664
3569	39.99119322164329
3570	39.345170008750216
3571	38.7326647763549
3572	40.151996839727545
3573	39.9782614868042
3574	39.88046012258828
3575	40.29104799795294
3576	40.97713145283283
3577	40.28437021312115
3578	41.17289048439398
3579	42.90265532022255
3580	39.344061115377386
3581	41.81823827398708
3582	41.6854136819311
3583	42.779976910798226
3584	41.712394574099655
3585	42.51430299974792
3586	41.94726540316308
3587	41.33173667632061
3588	40.83413144272138
3589	41.432735143571534
3590	40.52885652469318
3591	40.63926747916844
3592	39.79246525582652
3593	38.75842951907267
3594	39.45490425721581
3595	39.073666819956465
3596	40.991565108758024
3597	40.9208732013451
3598	41.9474860996746
3599	42.22916744806569
3600	38.25276319385977
3601	39.32169374533536
3602	39.6405899277246
3603	41.0214843890823
3604	39.38178310233074
3605	42.251980231597955
3606	41.16476056544444
3607	41.68983099245625
3608	43.71370598970446
3609	41.334135620244744
3610	40.8931389242741
3611	40.33170148922268
3612	39.70396239929854
3613	39.917027461204505
3614	41.03470030139734
3615	38.961223038170864
3616	40.723580249469094
3617	41.1771737663737
3618	39.025562062509614
3619	38.97245213826209
3620	39.52191646714774
3621	38.72527147233763
3622	39.5566387426413
3623	38.546928027451244
3624	38.62876882675499
3625	40.55707291071753
3626	38.850829202859366
3627	40.1022156111394
3628	40.07693860543549
3629	39.08209493194192
3630	39.44365982847359
3631	39.421480241322655
3632	40.15501945525292
3633	39.71054151788996
3634	40.36289682313932
3635	42.21003560919993
3636	41.57566227239657
3637	40.28198399251972
3638	41.00846361260504
3639	41.58980187052438
3640	40.14342805305612
3641	41.264169379725566
3642	41.28780377481944
3643	40.55376320464298
3644	38.57107210413328
3645	39.39238062051463
3646	39.136227419815675
3647	39.940078699311805
3648	40.605612867935186
3649	40.77092631055048
3650	41.84859850251581
3651	40.95085227160311
3652	41.455826727942366
3653	40.16115677244426
3654	41.84238077159206
3655	40.815801794256004
3656	42.02140073532971
3657	41.43600419058156
3658	41.10149505146076
3659	39.872134402221064
3660	37.71435127632976
3661	39.00026986113717
3662	39.57615636443471
3663	40.81428613814717
3664	39.21029988505663
3665	39.620434866004246
3666	42.30730543652077
3667	40.105817000837085
3668	40.78151040961486
3669	41.64126095026793
3670	41.48355447857837
3671	40.934212672748444
3672	39.83693841145622
3673	42.78135349380108
3674	41.03883522287731
3675	43.05366695352645
3676	43.05049532911932
3677	39.47713420505118
3678	41.52163164616362
3679	40.075718979068995
3680	39.17503344472968
3681	39.701843049328275
3682	40.94630928136725
3683	39.11549768488855
3684	41.41840912365382
3685	40.972315305005516
3686	41.30261612563147
3687	41.26820349327131
3688	42.3705633773736
3689	41.873014592928534
3690	41.06429197948544
3691	42.317351537992366
3692	40.84844189988122
3693	40.78457397733105
3694	42.150803991167976
3695	41.39373024629398
3696	43.991701990420765
3697	42.07971760818595
3698	40.25532882968002
3699	40.85761816510281
3700	42.64073807056748
3701	40.013678047580534
3702	42.634179737067726
3703	43.202290060109256
3704	44.04676667985032
3705	43.92392959488984
3706	42.549322565775
3707	43.488792990185814
3708	44.059126596754666
3709	44.99702477770974
3710	42.40935240156244
3711	42.212994218020945
3712	41.31728250455699
3713	41.61706560706158
3714	42.04596673777221
3715	40.25147161771766
3716	38.16101097250605
3717	41.37317310477431
3718	40.855712660665574
3719	41.8678137069533
3720	41.23658649042329
3721	41.382271124972526
3722	40.309334199037075
3723	40.003147947839054
3724	39.935196677052524
3725	40.045927818621635
3726	40.98847711149148
3727	43.18596944360569
3728	42.57175618485389
3729	42.673589675073174
3730	40.78734756326732
3731	39.74885000567262
3732	42.168226986750234
3733	42.56760683322477
3734	42.25662234114508
3735	42.533610522158135
3736	40.22577566485596
3737	42.43479685330407
3738	40.532225046506866
3739	39.59077132889649
3740	41.682737891189156
3741	40.84496083929107
3742	41.489146884799574
3743	39.99414297050901
3744	39.342625569143976
3745	40.77524434963841
3746	40.19509422176078
3747	40.838206383097706
3748	39.73771802679957
3749	40.33653439377274
3750	40.427725053363595
3751	39.535066213627225
3752	39.4481535127886
3753	40.721524254195025
3754	40.15440395918674
3755	41.647238023779614
3756	41.29122678875519
3757	41.752149514998294
3758	41.614710964326655
3759	41.936352165612355
3760	39.73914413365605
3761	40.62222488437644
3762	41.48192942331125
3763	41.116601208478
3764	39.32172657247877
3765	39.798051650323494
3766	40.66762516547781
3767	41.70265982448592
3768	39.96143440194329
3769	39.974115995029294
3770	40.797985628226115
3771	40.74389608756948
3772	41.550917803815075
3773	40.29450694416063
3774	40.914917727947106
3775	38.181149946296216
3776	38.44062090465945
3777	38.79992881045914
3778	39.97992743094593
3779	39.62856226750354
3780	41.24859346827
3781	41.38873497925792
3782	40.421529597608426
3783	40.969889592534784
3784	38.5012053332136
3785	39.902965439525765
3786	41.399334199672246
3787	38.65251381477376
3788	40.603879375425954
3789	41.23396164871616
3790	39.928970529629176
3791	40.28216560238138
3792	39.18363603933613
3793	39.695829711600375
3794	39.50416611074922
3795	40.09622466465571
3796	41.30409032379603
3797	41.13674230300719
3798	41.68495171177776
3799	40.711157819161805
3800	38.93815884714088
3801	39.343547537388936
3802	39.97669628001298
3803	40.30506156549535
3804	41.51932488956211
3805	38.077198191963795
3806	41.06255087125605
3807	39.92566968857235
3808	39.20928268192865
3809	41.77362680343433
3810	41.57818260189097
3811	39.83093028517077
3812	41.027841805389684
3813	40.49122610234552
3814	42.30194276259104
3815	40.60863779103989
3816	41.92368801462446
3817	41.70952082083207
3818	41.275834480701675
3819	40.07924460753788
3820	39.17787626993856
3821	39.27240431182431
3822	39.6510448602382
3823	39.06712316965336
3824	39.48658761425434
3825	40.27222296043902
3826	39.52783668490365
3827	39.51429077479642
3828	39.62125351701243
3829	39.506170021968614
3830	40.37141670961131
3831	39.60871611249754
3832	39.77905530484941
3833	38.85605330015417
3834	37.04250600328887
3835	40.73994442617806
3836	40.37053409836258
3837	40.05696117433056
3838	40.44558472940521
3839	41.7099959527433
3840	39.57203999051727
3841	38.21988930910704
3842	39.10044592755765
3843	39.718012679693324
3844	40.01954906264952
3845	37.43001160014357
3846	39.01655643373756
3847	39.47445847439246
3848	38.938962354327685
3849	41.94407642572989
3850	38.3119269922229
3851	38.05334504858599
3852	39.881870500950754
3853	42.32465492358191
3854	41.58512089758323
3855	41.80363928917183
3856	39.57466772905818
3857	41.94758355373888
3858	39.92996418602284
3859	39.611338161693546
3860	39.89571825213174
3861	40.73761489670264
3862	43.09700096685825
3863	40.4423311659654
3864	41.09881925182659
3865	40.730719256221775
3866	39.03798810434224
3867	39.48469252378785
3868	40.34004362710438
3869	40.02036110613539
3870	40.04534532547413
3871	38.83226612930415
3872	40.61116033733934
3873	40.96468290435438
3874	39.74103688712713
3875	39.208715040124424
3876	41.60147581441784
3877	39.08600548787125
3878	40.6476713093403
3879	41.275357465230265
3880	40.050641423970475
3881	40.77139108088152
3882	41.4867025710059
3883	40.7221341172485
3884	41.68357823706532
3885	42.091784368577954
3886	41.25191284061335
3887	42.216898932373994
3888	40.02633772901286
3889	41.70118281476807
3890	42.7726804328946
3891	40.82911638502898
3892	41.965641526333854
3893	43.37118968853714
3894	41.69041245726125
3895	40.981008170916795
3896	41.738324671376716
3897	41.49630265769859
3898	41.81599890360304
3899	41.36559804755574
3900	41.000042709490046
3901	39.98148985079554
3902	39.7861299555251
3903	39.1908056119372
3904	40.49814262212471
3905	39.94476298033765
3906	39.738572948370326
3907	41.021756691480796
3908	40.229860040260505
3909	42.76822845655286
3910	42.44677963670839
3911	43.43004763223136
3912	42.66468117165046
3913	41.58549324879685
3914	39.69641484466279
3915	42.55001481285865
3916	41.26754163080828
3917	40.57248376433381
3918	43.786263421832956
3919	41.123526848998026
3920	39.55053803778084
3921	39.9378950013542
3922	40.03114817606179
3923	40.18548421846779
3924	40.74913564012234
3925	39.98988490152723
3926	40.36365535165204
3927	40.78746712739602
3928	41.75253558691873
3929	41.01906387126188
3930	40.77091225717354
3931	40.68380305851586
3932	40.491252383227724
3933	41.364533000572884
3934	39.098559603158456
3935	41.03819658307534
3936	43.24702485514923
3937	41.44593657983145
3938	41.06108013640275
3939	41.08916245369685
3940	41.22935816630686
3941	42.58548931675897
3942	40.188553613588
3943	40.20880657306518
3944	40.611092830197194
3945	40.716666552918404
3946	40.38029621183894
3947	42.04624728755266
3948	40.50212229583856
3949	38.58433282531021
3950	39.95808839336188
3951	37.84190227499781
3952	39.78520079442274
3953	39.77444329478243
3954	40.20744717496886
3955	40.575497252203206
3956	41.547660952719205
3957	42.359853715935884
3958	42.73578488513182
3959	44.38153693422846
3960	43.15883760750974
3961	44.49586595409938
3962	42.35448559413121
3963	41.70442271448098
3964	43.27584477011053
3965	41.279341774375865
3966	41.64793260301205
3967	41.03773619427098
3968	40.116062880971825
3969	40.45982428990844
3970	40.2506267066975
3971	37.41192439085452
3972	39.18689231100827
3973	38.70177415119169
3974	41.22182173945628
3975	39.95945361087061
3976	40.23827638404074
3977	42.02705648524132
3978	40.11877665286887
3979	42.61607337366357
3980	43.04342356222134
3981	44.972493285793355
3982	43.01642669492674
3983	41.40487615767728
3984	41.1897634395468
3985	41.537190826628525
3986	40.7561247280577
3987	39.43130348976382
3988	38.82003102036931
3989	41.84189896401405
3990	40.04454724186226
3991	40.233134217474245
3992	40.388724822102375
3993	42.004513339065426
3994	40.84656612745859
3995	39.30953431703709
3996	40.78458038874086
3997	40.13681567299416
3998	39.64225139997028
3999	41.38949760324208
4000	41.80296084669279
4001	42.405237312506586
4002	40.72432562899417
