0	5.903669888775149
1	5.735085576992719
2	6.026683987950676
3	5.717460553756112
4	5.779604798599039
5	5.730797458762569
6	5.984320952249812
7	5.5344912749758235
8	5.5793271710839685
9	5.705673904678126
10	5.353403456550142
11	5.961747013404859
12	5.68560998036463
13	6.434317611454858
14	6.040509218362428
15	5.903645305915658
16	5.5839155188702705
17	5.637649886734759
18	5.943692547731243
19	5.915946083926822
20	5.715634984374004
21	5.813910569540743
22	5.793088269676824
23	6.155649618122118
24	5.532330670947918
25	5.544754877569874
26	5.770151784920229
27	5.6826571657518175
28	5.671716958367148
29	6.021129356568364
30	6.0295053174114726
31	5.557596449278934
32	5.232899907507801
33	6.008521558190531
34	5.587386886886512
35	5.682818051676724
36	5.663938118117724
37	5.29643821028637
38	5.847462702788768
39	5.601226033554721
40	5.40056480319567
41	5.758796823936174
42	5.6228856959228795
43	5.753357303022792
44	5.564432517924796
45	4.80576168277284
46	5.436408674726906
47	6.045380850634604
48	6.225780573653661
49	5.711390734470887
50	6.110192409806987
51	5.980960712149337
52	5.91824402597287
53	5.804475987445384
54	5.874627020492555
55	5.711620704714155
56	5.733163343240019
57	6.053856151504373
58	6.237903633328388
59	5.797419928761823
60	5.426087982192109
61	5.834351918138403
62	5.673870434760476
63	5.76117806619352
64	6.205214925587559
65	5.831573114236526
66	6.127229882464988
67	5.714645689590727
68	5.811104248301636
69	6.185570597477512
70	5.643081048726798
71	5.729568176692709
72	5.710703904616034
73	6.3119526020016234
74	5.644221328276897
75	5.885857572260296
76	5.841035973221531
77	5.910805863834519
78	6.077578817575457
79	5.6899355656466035
80	5.805767536778753
81	5.771504764440256
82	5.535254804117079
83	5.902583017694771
84	5.998644456800291
85	6.443614242497514
86	5.8972455524760665
87	5.8787363954050935
88	6.011638228413838
89	5.667142460381488
90	5.71970765945743
91	6.088889590261697
92	5.808814769457435
93	5.796334158995887
94	5.802646054196086
95	5.677040077155468
96	5.788027182204
97	6.087294276445462
98	6.037436149211111
99	5.831306373677359
100	5.7779185503371755
101	5.585474385221974
102	5.606003037971704
103	5.800009157292599
104	5.8223927708122485
105	5.956672195082828
106	6.086796262797749
107	5.671057650087762
108	5.583191668486021
109	5.936656793083948
110	5.42300174900754
111	5.808965378424773
112	5.6338834535351605
113	5.542266957765869
114	6.017459936240142
115	6.2009093071681125
116	6.361648012795137
117	5.696519382145894
118	5.928859952346898
119	5.460655288488758
120	5.580593950706292
121	5.6502113267434195
122	5.401825191571714
123	5.9079043123543835
124	5.865557937604528
125	5.926045682118981
126	5.7468241512809675
127	6.05427551260576
128	5.8893617976430095
129	6.023563996644487
130	5.852349965201399
131	5.6037808778489895
132	5.7228738826756445
133	5.469791470324563
134	5.538994606534211
135	5.599804275570738
136	5.698046531234667
137	5.608755556188594
138	6.096589120697722
139	5.2485862886745025
140	5.466693493573292
141	5.879422591749143
142	5.89007731505426
143	5.499587565918875
144	5.708009400274807
145	5.819639076326883
146	5.376732463654232
147	5.629812688105066
148	5.719756566820229
149	5.612778390141222
150	5.759798855352873
151	6.0094922021108275
152	5.312446929829527
153	6.218941747333917
154	5.839520738972859
155	5.701778503400136
156	5.3339190616776975
157	5.523713679809026
158	5.714799828764247
159	5.8918949354349435
160	5.711025271450813
161	5.863877413214253
162	5.65757622619913
163	5.917162447743756
164	5.539086429201818
165	5.779840282069315
166	6.0041050356453844
167	5.947081091227631
168	5.6909391705504815
169	5.5124725960086565
170	5.993626105745971
171	6.192569025433681
172	6.205868537525954
173	6.0476660443340995
174	5.865042975437061
175	5.593030388189124
176	5.587013501870971
177	6.119273793887428
178	5.897888213380323
179	5.818212851159099
180	5.3386872667207905
181	5.644900612481732
182	5.775755717081123
183	5.7971868719490995
184	6.02884776093141
185	5.975876431240799
186	6.0758090656185395
187	5.57528019782881
188	5.985005723885163
189	5.79760128937393
190	5.883804721912533
191	6.03166874181368
192	5.804614703493885
193	5.916500807440708
194	5.812259632373238
195	5.926146461714713
196	5.563183991032528
197	5.542349524315823
198	5.614022957300996
199	6.278027160594954
200	5.587880772054344
201	6.065485964975342
202	5.691329920707024
203	5.7571232176593155
204	5.994930924700042
205	5.776743864616489
206	6.112294949426937
207	6.040944895350066
208	5.853943795010473
209	5.953149247960126
210	5.895914732467081
211	5.8602664186432945
212	5.8983305401546575
213	5.437379134899354
214	5.498394818083489
215	5.476650950568331
216	5.6969382605167675
217	5.919850285933867
218	5.57859539778973
219	6.089155089529777
220	5.705271668548199
221	5.719110135599942
222	6.107848240864992
223	5.137226491716733
224	5.7786909773581785
225	5.760123589138411
226	5.967047422195556
227	5.9793139688607155
228	5.710196923309833
229	5.90517818297477
230	5.729870905707438
231	5.663728979038305
232	5.813529398975295
233	6.117275230962503
234	6.154756480908522
235	6.51527723575068
236	6.471127365038367
237	6.155334807925829
238	6.043077688636071
239	6.046894107856933
240	5.63366635120796
241	5.5855063544943535
242	5.853478651624966
243	5.980139542558203
244	5.751685155270615
245	6.168419019673645
246	5.702034627778868
247	5.502790372934603
248	6.0065547490224915
249	6.037088274105833
250	6.125233797503019
251	6.028690967993771
252	5.746085782614017
253	5.80042698104174
254	6.494257693004863
255	5.624751858690822
256	5.326133573016325
257	5.7912123061868375
258	5.13257284489231
259	6.043848392854742
260	5.442296689780104
261	5.435187714981588
262	5.651455964888216
263	5.565977471438814
264	5.6572457160353755
265	5.751675595735781
266	5.897322527019708
267	5.882284540818201
268	6.265637991262676
269	5.6001479937627545
270	6.131978273681573
271	5.73745805102176
272	6.112567798765533
273	5.725003929452712
274	5.914893391092019
275	6.338880379122988
276	5.678768962454717
277	6.407010946646892
278	6.029694246525579
279	6.078684871045878
280	5.842433289277655
281	5.76997701703182
282	5.5346306833657914
283	5.601824898869774
284	6.26123829618952
285	5.84440375232646
286	5.926062925737003
287	6.005349997572513
288	6.0830712692294
289	6.146749622217057
290	6.279333890346026
291	5.919728024010138
292	5.4614525101644285
293	5.473804326682022
294	5.806863413027607
295	5.842173487767951
296	5.934387275028098
297	5.784148264572342
298	5.8436224553653
299	6.017079874297997
300	6.273554369598351
301	5.845906882062887
302	6.076362150255267
303	5.754567213131504
304	5.867738996932208
305	5.9171238653315275
306	5.8547405016100305
307	5.918391487438448
308	6.188960643845263
309	6.0852304302872335
310	5.859676886202256
311	6.661134966319644
312	5.9735408396950955
313	5.5398404737928555
314	6.184542148178803
315	6.003695377148192
316	5.306371982566189
317	5.872829227879068
318	6.240171376840594
319	6.093407857370803
320	5.623316622780745
321	6.128478943001526
322	6.311813045645372
323	5.606009474242989
324	5.891180835126821
325	6.04004288367248
326	6.316430326317428
327	6.281136021357738
328	6.499990252566268
329	6.317286928500384
330	6.245838698848064
331	6.11191269948136
332	6.274897543901502
333	6.09657620225648
334	5.796491972184822
335	6.085946027922069
336	5.671334902065913
337	5.795639795473651
338	5.576666315125537
339	5.468443345033865
340	5.52953607226534
341	5.383305566824874
342	5.719670137986195
343	5.605554310182223
344	5.741750581112626
345	5.935832221480988
346	5.659370811672829
347	5.689932052799775
348	6.0144250513554525
349	5.493284934225571
350	6.097988863478339
351	5.734743415370766
352	5.477098487616981
353	5.6834109994722635
354	5.912459772742341
355	5.934624166611243
356	5.899812262136655
357	5.7245945788294526
358	5.890525597527056
359	5.211636870022353
360	5.833413945264705
361	5.259172341646046
362	5.325648889719091
363	6.138611084502097
364	6.083010804980941
365	5.885042701926833
366	5.763341603001911
367	5.679956580332466
368	5.963077539301312
369	5.872152410111482
370	6.057030845827694
371	5.798958733221641
372	5.377491200610205
373	6.0782113943176865
374	5.47891055319575
375	5.868067981012225
376	6.218711684552068
377	5.594254247073632
378	6.152822336907472
379	5.816406295431827
380	5.525231397129603
381	5.407840758383972
382	5.4833258236081965
383	5.661514768557415
384	6.0316566989678435
385	5.733008987593726
386	5.940390310731276
387	6.155215143484239
388	5.842533521464817
389	5.710509750970271
390	5.931238484358152
391	5.578208273411725
392	6.050480296962225
393	5.6556500845052
394	5.357941012802467
395	5.596608711880401
396	5.220920623951082
397	5.239825487958471
398	5.251775212209424
399	5.527754403401825
400	6.139342997829188
401	5.768122750088201
402	5.812096011817918
403	5.260929941316856
404	6.057804781278862
405	5.734390499875256
406	5.792356311601825
407	5.98747728660913
408	5.945079589909618
409	5.661494346327571
410	5.9447313770456605
411	5.849149077500449
412	5.718954391940261
413	5.815411909864678
414	5.2870093696465155
415	5.527394727352424
416	5.979759789246648
417	5.566810838566771
418	5.6131170937072765
419	5.665314685073173
420	5.524141813258786
421	5.77205606541799
422	6.14105523507087
423	6.054502794860882
424	5.3762918832339155
425	5.70598755014312
426	5.429177283893264
427	5.486475592612788
428	6.1751481288030945
429	5.912989082669367
430	6.038224786372324
431	5.7855679170453564
432	5.6459487155584345
433	5.8342708737132325
434	6.345447133463107
435	5.702781612595902
436	5.933930904219895
437	6.256738669018322
438	5.7302468672985345
439	6.254220326225794
440	5.975753564144985
441	6.660974693181397
442	6.440485717049051
443	6.040999234452542
444	5.73838935079956
445	6.065108151547819
446	5.540952416938869
447	6.084811999202353
448	6.090631783780487
449	5.905166640576756
450	5.6555892003224795
451	6.053415451343719
452	5.967386922076606
453	5.5876459880726355
454	5.6740696209321655
455	5.651138463156339
456	5.611220820957669
457	5.960547267548018
458	5.380915483281816
459	6.08290554080359
460	5.5365808355883175
461	6.163604102654005
462	5.64322585770366
463	5.524963652780634
464	5.3243214684699325
465	5.758094160850294
466	6.030400313072792
467	6.036286507386439
468	6.049204779820783
469	5.633018817019282
470	6.043304674388775
471	5.958062091930319
472	5.531668539267954
473	5.853594205136239
474	5.559510399481945
475	5.4831329780583955
476	5.803700781912849
477	5.7091530439056974
478	5.622266104029068
479	5.919786016477028
480	5.77646494054479
481	5.461246656571663
482	5.392893056827615
483	6.238872341638035
484	5.922707084499092
485	5.66491107683889
486	5.011306306982806
487	5.710806111239638
488	5.203494358422474
489	5.00231029500151
490	5.895140918959673
491	4.966274037648663
492	5.584211699228637
493	5.26521681333222
494	6.030589426827817
495	5.041904709709845
496	5.411917347854042
497	5.681654299652929
498	6.182311976663342
499	5.690212612382172
500	5.507915821643275
501	5.046273774493533
502	4.988402570655056
503	5.984301153361147
504	5.7577836124788595
505	5.337663445027881
506	6.01103270285634
507	5.567610271227213
508	5.537257109609186
509	5.889742568896297
510	5.6905126421987875
511	5.438330745896726
512	5.753098745510439
513	6.090289290536495
514	4.856974500727916
515	5.26464637638297
516	5.522031291958507
517	5.80608454167029
518	5.859759887975664
519	6.229755471697959
520	5.654564786989248
521	5.86801184113062
522	5.998092966819985
523	5.892276257440318
524	5.737704579940531
525	5.738321099170299
526	5.821293943981816
527	5.45883286251302
528	5.7214361590728915
529	5.315846367175075
530	5.640228807058791
531	5.56602357596566
532	5.703582163557886
533	5.555171998576969
534	5.399009554743995
535	5.2699120886004165
536	5.741947872741788
537	5.37329996922399
538	5.531209201663952
539	5.448978316205912
540	5.202936108242929
541	5.155963019994619
542	4.877843748278106
543	5.232988593544475
544	5.544387490249955
545	5.844273314490676
546	5.936331688388496
547	5.657283754908476
548	5.658903247411367
549	5.606996960490685
550	5.4031181576493905
551	6.074256376546792
552	5.5734077617547175
553	6.032460734712095
554	5.78645734442323
555	6.237696966973972
556	6.030795198361496
557	5.516783931589774
558	5.288598450202
559	5.683637322936079
560	5.466756292271024
561	5.85738793845574
562	5.705915893711841
563	5.479745187776348
564	5.832683235405566
565	5.613773615786212
566	5.8763528956923095
567	6.1609586984487725
568	5.766933887036847
569	5.238342385926121
570	5.302438199751749
571	5.25966829607276
572	5.942624333835952
573	5.3416760725171
574	5.011073315294421
575	5.096737449763798
576	5.586406283729429
577	5.048257510942713
578	5.482141002981697
579	5.679475330857548
580	4.9258879856055575
581	5.5427695841904825
582	5.817979746446158
583	5.624333478954966
584	5.623830527444806
585	5.458694420341933
586	5.923429360788509
587	5.525521756352251
588	5.272877707261745
589	5.455390019343072
590	5.669799667562845
591	5.856280128274088
592	6.193397947279817
593	6.1285103466205815
594	5.998991294728757
595	5.732705141637824
596	6.021492227044726
597	5.746731836091247
598	5.425205218197069
599	6.101807238845943
600	6.1587556331117375
601	5.751453512966466
602	5.888612747499183
603	5.945474962525569
604	5.851368902209396
605	6.0416261084351435
606	5.5852365103183175
607	5.763534985610943
608	5.261253745573413
609	5.385262751024311
610	5.244865887801444
611	5.5791143043428235
612	5.5471729639038605
613	5.347677086459181
614	5.416960220188844
615	6.078434259755808
616	6.000234698580003
617	5.906669872926236
618	5.360669234525856
619	5.774914177864577
620	5.925561482700556
621	5.842172436131519
622	6.0165034190550015
623	5.838439358559209
624	6.162296632794356
625	5.814244502867897
626	5.767621929143181
627	5.751493525766488
628	6.079755453347
629	5.570336493541022
630	5.999922581894341
631	5.536954605420137
632	5.372433251233181
633	5.891489637314851
634	5.704530323433313
635	5.348499295571232
636	5.567747936200464
637	6.266792763022816
638	5.9439410055246205
639	5.752257582883572
640	5.858141420364457
641	5.4411689265617476
642	5.780249461752711
643	5.55452989995706
644	6.126108819639519
645	6.2108264277958565
646	5.899385318027088
647	5.923572844598163
648	6.286091462632037
649	6.222104150728096
650	5.572718259960386
651	5.730294382617396
652	5.917494240347679
653	5.736950427469035
654	5.743341795520334
655	5.902934671173785
656	5.901510246029459
657	5.871234817698448
658	5.717795460369763
659	5.859159247038437
660	5.828380516895599
661	5.748873027624271
662	5.793076487792699
663	5.885892337502172
664	5.886749280855332
665	6.214324681169691
666	6.026903869445972
667	5.971647544099761
668	6.17270309691373
669	6.354368289239204
670	5.509350035991701
671	5.74998628250375
672	6.005666140958282
673	5.744169117854914
674	5.880171936535065
675	5.861678311358578
676	5.58659436633837
677	6.044749366847739
678	5.839696437862921
679	5.774987238381623
680	6.221031220398069
681	5.848570524753482
682	6.1360652975850885
683	5.584019082291115
684	6.24395110066673
685	5.565473166133864
686	6.262371427267753
687	6.424819085858832
688	5.677912359907382
689	6.270934681698585
690	6.063933475387846
691	5.823425547439285
692	5.882476648415258
693	6.035339789803178
694	5.738468942273264
695	5.723184448950092
696	5.656543780833147
697	5.7961590019339715
698	5.729070287667158
699	6.1172060805591055
700	5.706323518667729
701	6.102840715442494
702	5.641837027775814
703	5.773021374291258
704	5.699301250630722
705	5.9112080581011135
706	5.958399258605306
707	5.744580597749241
708	5.773331942758833
709	5.611891885290051
710	6.36926383252885
711	5.879108299750353
712	5.755775842505848
713	6.107555413218986
714	6.052470181966461
715	5.950608411334787
716	5.477789972533486
717	5.934054799678392
718	5.954961148410915
719	5.275555047641607
720	5.795544924185268
721	5.788093306695068
722	5.901867873345246
723	6.34162563677641
724	5.707080318921863
725	6.02896101834443
726	6.010599381269965
727	5.585798815078548
728	5.786464268697145
729	5.869313955214516
730	6.022612269353203
731	6.483876214222851
732	6.158300691688725
733	6.56025497100843
734	6.296927560894019
735	5.955545279577379
736	6.1111232756285006
737	6.337175504116334
738	6.29606634189214
739	6.006564801844334
740	6.327917530892306
741	5.92715275708811
742	5.7606674230389165
743	6.068110016556815
744	6.27130484031272
745	6.141807928822674
746	6.156497057388996
747	6.337852977920715
748	5.927740244597673
749	5.7704396483002105
750	5.571303757892396
751	5.802853177424213
752	6.137574101965388
753	5.863725808065936
754	5.645968560580431
755	6.20297159653257
756	5.70115186046759
757	5.832951879129052
758	5.657882734777638
759	5.740029717398393
760	5.406877384042653
761	5.9027685025131404
762	5.754763272055552
763	5.926494751252784
764	5.752979466817027
765	5.84658926705954
766	5.328153209015003
767	5.916543724972584
768	5.960483294111079
769	5.4490590071207645
770	6.131864784483768
771	5.848643531072762
772	5.755014446163445
773	5.866153785955452
774	5.730503090283396
775	5.954737755285681
776	6.017871140616061
777	5.912110308727192
778	5.97026978102148
779	6.029761581342121
780	5.89790971749131
781	5.810291759018625
782	5.742228218133578
783	6.220632897104558
784	6.402981678774816
785	5.93432966038728
786	5.951380126066022
787	5.675577686857968
788	6.291322441303758
789	5.373411434258506
790	6.121854301723826
791	5.5025419314252115
792	5.33864834089288
793	5.808617706518436
794	5.504214250293783
795	6.160282029621784
796	5.942710116536195
797	6.030837355808255
798	5.8520548188661525
799	5.8687303184972555
800	5.441107046231171
801	5.783932070073982
802	5.575596385327726
803	5.737275849221228
804	5.580454782830527
805	5.3349104071713604
806	5.149829436273915
807	5.55197736754594
808	5.464446324629754
809	5.986731629669129
810	5.655464326963698
811	5.7868482234892324
812	5.378233496128745
813	5.951537580118063
814	5.88523191683946
815	5.5852919984179925
816	5.562565938151802
817	5.61541073312817
818	5.781231914687921
819	5.7562899269167005
820	6.1724830072520245
821	5.8606125321256215
822	6.304906336067308
823	5.880429647222817
824	6.244789704907739
825	5.728690793235472
826	6.022036651565787
827	5.988767795373767
828	5.872494405043684
829	5.7042624556497445
830	6.284131520306732
831	5.661513262795836
832	5.89541553882697
833	6.111405111935024
834	5.854702401371586
835	6.165087116944792
836	5.5443941204401845
837	5.952224431856831
838	6.2133773389877485
839	5.8832190485562315
840	5.769403248656077
841	5.868725882639537
842	6.052149150479395
843	5.98106352049311
844	6.170465711802548
845	5.875601446314392
846	6.283718106478155
847	6.664132017745699
848	6.224015819662294
849	5.89434447099433
850	5.757977579758246
851	6.248667654762702
852	6.115309151933095
853	5.730379334803824
854	5.99516382259461
855	5.520862224177375
856	6.0162171630617065
857	5.973104341493433
858	5.889001520042558
859	5.973169717138103
860	5.793646410726475
861	6.166898855894642
862	6.225170900473077
863	5.793493895640323
864	5.807809887549975
865	5.951360022163678
866	6.040446399194435
867	6.454765692939539
868	6.140368449405028
869	6.180613928763273
870	6.029128328194269
871	5.766645144746601
872	5.542436901424227
873	5.486300029037138
874	5.734297709208824
875	5.8802016344018115
876	6.023634002206192
877	6.220504879091999
878	5.716299036317852
879	5.914507956310298
880	5.897327043041846
881	5.858125887487285
882	6.30123845733476
883	5.924432999931899
884	6.240773086030522
885	6.1422340038544245
886	5.86063652832001
887	6.0082064486042475
888	5.974410519459621
889	5.709099918784306
890	5.676018904642185
891	5.732426102991166
892	5.525790821490522
893	5.936792344873313
894	6.132243459090221
895	5.891270926307464
896	6.137099827652459
897	5.675682437459977
898	6.393537540376326
899	5.900731826189428
900	5.846696022683095
901	5.806077807842152
902	5.76086320434397
903	6.011754204292338
904	5.81625553215778
905	5.989885048530299
906	6.703302404384634
907	5.871374269050503
908	6.105597169501802
909	5.644269159488365
910	6.213239834889705
911	6.307892701274516
912	5.919265131987398
913	5.85598964034699
914	5.983834905879455
915	6.102250581684081
916	5.97842285676756
917	6.253280912624043
918	6.174776612035556
919	6.162234325831601
920	6.106827049116643
921	6.23961315204591
922	5.907878368388095
923	6.018398693207045
924	5.615561769132111
925	6.531303454514551
926	6.290511521445108
927	5.9759158277149655
928	6.147398373411201
929	6.131143477882597
930	6.066318746923736
931	5.841903021330715
932	5.932186635911943
933	6.274700655631984
934	5.795998029993768
935	5.940378305471617
936	5.916102604158386
937	5.9208960188897795
938	6.039129532917855
939	6.161775443884481
940	6.452867101933214
941	6.1181727485407675
942	5.824730415000655
943	6.770142153080519
944	5.897840295310043
945	5.888275228065742
946	6.19843664980527
947	6.2922364010657335
948	5.890692629073273
949	6.40893118208136
950	5.970167770547588
951	6.3162678474429095
952	5.84500683666035
953	6.085388239534525
954	5.9319407248972285
955	5.609215137812756
956	5.613748837710284
957	6.25203215053952
958	5.954385213153984
959	6.143773086602667
960	6.360684351660992
961	5.982162145664573
962	6.212312948922065
963	6.182755209150744
964	6.144968763279043
965	6.33730190376926
966	6.38376084678704
967	6.137920644030856
968	6.264122742292416
969	5.959624439201433
970	5.732002504620385
971	5.677752609293236
972	5.760355119512563
973	5.779048108208426
974	6.004944807661971
975	6.212902591467704
976	6.041323258727292
977	6.191078871903201
978	5.512591772530303
979	5.76302785534816
980	5.774300194781417
981	6.603095965039711
982	6.284078792166267
983	5.964291872490983
984	5.527388711647778
985	5.98477421621182
986	6.253045775724648
987	5.888347832257776
988	5.815338629700054
989	5.860039355928548
990	5.966032963593515
991	6.242297232109275
992	6.072776968540191
993	6.032543559714863
994	6.024319841135869
995	5.679349129010491
996	6.20622239174087
997	5.9529866594591425
998	5.733629609252266
999	5.979701697245998
1000	6.030400662420242
1001	5.535300077746923
1002	6.090523088881765
1003	5.46232196801781
1004	6.051879857602081
1005	5.907750850808134
1006	5.9917575768863305
1007	5.734533204288267
1008	6.109942731270282
1009	5.953720923320959
1010	5.901569599926573
1011	5.969656414404545
1012	6.35601342738219
1013	6.526940971590466
1014	6.028419750790904
1015	6.310142109566673
1016	6.1502310937574345
1017	5.946378691592164
1018	6.448610006734453
1019	5.925954923060248
1020	6.3569585546514595
1021	5.9831256087079545
1022	6.30529598148615
1023	5.818633011837758
1024	5.4259024810372685
1025	6.07715388290398
1026	5.97436790803026
1027	5.59065520174718
1028	5.6461213964733465
1029	5.246638514985289
1030	5.615715362189735
1031	5.851838719856758
1032	6.108577672774275
1033	6.063599473128771
1034	5.872076723376366
1035	5.579318810237066
1036	6.391660981604816
1037	6.240093267848359
1038	6.156451147545111
1039	5.877729845514414
1040	5.863695662973461
1041	5.857264456931802
1042	6.460989940931514
1043	5.637657326756201
1044	5.946278063513876
1045	5.874722303823753
1046	5.201915051213238
1047	5.5460198087974035
1048	5.947207740551989
1049	6.2503103411011836
1050	5.651992163012637
1051	5.934536668299136
1052	6.706368632959521
1053	6.466210162303771
1054	5.647613875700148
1055	5.834468371142634
1056	6.031652094130085
1057	6.208514840142901
1058	6.62676200388227
1059	6.0638965134843925
1060	5.83630702670719
1061	5.735112076454361
1062	5.584655418157974
1063	5.606867914046967
1064	5.600277089423951
1065	5.414552342600746
1066	5.664423744971328
1067	5.553151296306085
1068	5.9650921116119315
1069	6.042468677982307
1070	5.94462714083051
1071	5.602779646321071
1072	5.791604194021931
1073	5.329476752440371
1074	5.6684351493643055
1075	6.26662536718875
1076	5.815138248685797
1077	6.0076914102785945
1078	5.642105860140526
1079	6.246684009387435
1080	6.1128890190165155
1081	5.802743584101838
1082	6.246633272230782
1083	5.491883237730236
1084	5.728151321014387
1085	6.432879405331285
1086	5.8620156461322255
1087	5.9790744174792705
1088	6.1097706242470355
1089	6.139585431897859
1090	5.557774770691425
1091	6.43105382203569
1092	5.855217990998279
1093	5.602505635101865
1094	5.955733390065661
1095	5.8722190446886104
1096	5.467224046132473
1097	5.455930739910596
1098	5.923787873716948
1099	6.0110825699497
1100	5.738637657866592
1101	5.617733124486667
1102	5.990252547052854
1103	5.245998468638039
1104	5.256634552344351
1105	5.6051872022451805
1106	5.584762200023601
1107	5.235740434318826
1108	5.6140706564152145
1109	5.364506443445595
1110	5.156888433133459
1111	5.450001637687624
1112	5.753145036179033
1113	5.309374938161183
1114	5.5286634476178005
1115	5.657514571986688
1116	6.367572297484616
1117	5.248322530556042
1118	6.089451643390863
1119	5.9497512722258
1120	6.09483045653602
1121	5.244467968364511
1122	5.1064875666487675
1123	5.750434226472017
1124	5.411263439717116
1125	5.801950530698584
1126	5.209964449381576
1127	5.350712006114132
1128	5.730811938388893
1129	5.725288702947178
1130	5.879263832153012
1131	5.557708515243177
1132	5.690176916384258
1133	5.767044833385267
1134	5.86561052665364
1135	5.665360388325676
1136	5.543628758970453
1137	5.277709501523739
1138	5.6759134765512345
1139	5.5729116313023646
1140	5.683437079048388
1141	5.340057282454653
1142	5.719246585260658
1143	5.653179269141844
1144	6.035773793992111
1145	5.94678999063469
1146	5.970680755015408
1147	5.486984565226073
1148	5.583840765498839
1149	5.818969739383665
1150	5.901923601764265
1151	6.025159318201287
1152	5.645232055101347
1153	5.478506619111285
1154	5.914125767123936
1155	5.751814412484463
1156	5.992378671490993
1157	6.212885167186175
1158	5.4960221431580285
1159	5.673832588799513
1160	5.612277014893936
1161	5.466838170739888
1162	5.666757225910158
1163	6.03262155186948
1164	5.560192604958354
1165	5.644675662233311
1166	5.24316226643732
1167	5.490717105696672
1168	5.5856072240921115
1169	5.911067086629739
1170	5.493082130191529
1171	5.681013184251204
1172	5.531517648839435
1173	5.387074837362677
1174	5.397200353811338
1175	5.3741558561225755
1176	5.696112674764
1177	5.752939428095587
1178	5.462847039184678
1179	5.448752800374139
1180	5.817502498595979
1181	5.844769097111321
1182	5.9857385943652535
1183	5.755110768336183
1184	5.633623964774597
1185	5.239083047953927
1186	5.713678366776156
1187	5.5684759585933365
1188	5.209376281984312
1189	5.277728745007771
1190	5.9836371079909485
1191	4.887808216802694
1192	5.285874043536879
1193	5.2242728316456875
1194	5.103058911669455
1195	5.487608538181598
1196	5.851937752377215
1197	5.227662679458457
1198	5.396174807781817
1199	5.66894042708013
1200	5.313294367221498
1201	5.391766772331628
1202	5.911262094028948
1203	5.693554388789697
1204	5.663389773909603
1205	5.691956567025635
1206	5.728077760034633
1207	5.38915566205978
1208	5.477790394261877
1209	5.268808604981851
1210	5.394862012336778
1211	5.1943690813393895
1212	5.356604629197599
1213	5.329142540945223
1214	5.625971147891723
1215	5.432642247297248
1216	5.475901556581465
1217	5.68233742282619
1218	5.693180710169778
1219	5.33469846515651
1220	5.700292822862202
1221	5.514259544455324
1222	5.790924886122668
1223	5.54675457378461
1224	5.605042805778986
1225	5.776566949904048
1226	5.5504475402621996
1227	5.8532013623673045
1228	5.5898314324116845
1229	5.359299010989262
1230	5.274328306461101
1231	5.855256946604819
1232	5.677564022452483
1233	5.189122476180073
1234	5.920422883625532
1235	5.733732285096382
1236	5.580285585161585
1237	5.407903753292128
1238	5.2208249006224685
1239	5.654188027507183
1240	5.486302841776933
1241	5.560976368242523
1242	5.628417734472517
1243	5.239178917296362
1244	5.454922344035966
1245	5.962177731267671
1246	5.418838212542206
1247	5.293462056127682
1248	5.377393110224498
1249	5.264457869375666
1250	4.894319491785741
1251	5.286754195666163
1252	5.439086532391298
1253	5.17539748185721
1254	6.017275630399524
1255	6.054746635365958
1256	5.703251501959158
1257	5.160135475074861
1258	5.409863875466448
1259	5.367243861855453
1260	5.840036164992283
1261	5.496687225098
1262	5.625419552930802
1263	5.244010754877626
1264	6.0950184721293725
1265	5.587986182212588
1266	5.5016204570480625
1267	5.203897524093861
1268	5.400946011190257
1269	5.886895710456336
1270	5.705398909398915
1271	5.575263552279263
1272	5.603386936464204
1273	5.574497202673494
1274	5.619457196495391
1275	5.767940840294483
1276	5.337030271932227
1277	5.344846872247406
1278	5.682053523194839
1279	5.693373851779112
1280	5.766200429922116
1281	5.622283339194904
1282	6.073664310087097
1283	5.2855279410500975
1284	5.772640670011583
1285	6.18954412390006
1286	6.0341334965495905
1287	5.221945131993998
1288	6.071438518026597
1289	5.979733609410259
1290	5.835970123800481
1291	5.5915244151510395
1292	5.774900597526627
1293	5.724488798213068
1294	6.0564777386498845
1295	5.809846724604937
1296	5.759804574017431
1297	5.769345318259825
1298	5.508731690189247
1299	5.285804952550347
1300	5.655905994157967
1301	5.2304886352236855
1302	5.696156326158673
1303	5.246115945162344
1304	5.504491708415788
1305	6.717390820968272
1306	6.296822832227909
1307	6.477825788847004
1308	6.779530533214107
1309	7.197539681573466
1310	6.869931945306858
1311	5.882056721099169
1312	6.194173250748276
1313	6.009305319818712
1314	6.153138580263614
1315	6.431869613646973
1316	6.114125540952321
1317	6.09095730911634
1318	5.970461763949681
1319	6.672336930354075
1320	5.349505806329739
1321	6.376114372262644
1322	6.0095323747319
1323	5.613156017746881
1324	6.274759959572139
1325	6.089432790141588
1326	5.963956594361524
1327	5.9130978406030446
1328	5.933630385750229
1329	6.239525275132134
1330	6.165934157709489
1331	6.1472132855531525
1332	6.269432355301116
1333	5.928563575296943
1334	6.2674858620929905
1335	6.193854109887923
1336	6.433522861379666
1337	5.910258232915426
1338	5.829477312820313
1339	5.943104528467194
1340	6.184041537990781
1341	6.461169632923259
1342	6.522774469518325
1343	7.213780935682089
1344	7.321279249173869
1345	6.345436284703643
1346	6.138566965310168
1347	6.151647731131914
1348	6.6408355841356235
1349	6.312410509770553
1350	6.337067886039219
1351	6.354993027441476
1352	6.48717767060199
1353	6.312182628503586
1354	6.2446900742696725
1355	5.947286579329937
1356	5.992356859589084
1357	5.256708751526414
1358	5.965710824040241
1359	6.256329285082973
1360	6.222502788627875
1361	5.765869533911748
1362	5.951522603001347
1363	6.273532642976916
1364	6.671702689323212
1365	6.4629041242483725
1366	6.497969002930552
1367	6.528794067053164
1368	6.373994068417837
1369	6.552104732581617
1370	7.1268322962435
1371	7.167920182092493
1372	7.389180736521912
1373	6.98877575259996
1374	6.838443509960851
1375	6.622178868630376
1376	6.260259989762178
1377	6.164129366936778
1378	6.431072667957653
1379	7.09328122741261
1380	6.183089307709749
1381	6.68005568526825
1382	6.7272696838032635
1383	6.344960633197077
1384	6.737131913198141
1385	7.317594341202508
1386	6.48161650502588
1387	7.039233160058429
1388	6.854604924048259
1389	6.897406660813774
1390	6.9555789179033365
1391	6.984936946454004
1392	6.828982144642713
1393	7.198009716226177
1394	6.991606471624584
1395	7.229225702710458
1396	6.548988953728638
1397	6.769048453424508
1398	6.142359858002456
1399	6.563133969184004
1400	6.619572860946053
1401	6.571679052845063
1402	6.321231390394168
1403	6.192642604134135
1404	6.314257034372253
1405	6.556532571445311
1406	6.130782326849651
1407	6.455511050320524
1408	6.428309818883777
1409	6.1104123925813925
1410	6.2979021077790565
1411	6.266680945552659
1412	6.719342464864312
1413	6.352118167451139
1414	6.375302691469644
1415	6.123316227261038
1416	6.182089467172521
1417	6.20738091236575
1418	6.238468839484593
1419	6.503825760897036
1420	6.23544566464165
1421	5.959051371111926
1422	6.012313104478007
1423	6.27438710789185
1424	5.612229711287333
1425	6.206375408989364
1426	6.212811450291424
1427	6.82248660420154
1428	5.969552025476113
1429	5.40747378762952
1430	6.234143370848113
1431	6.207435321705506
1432	6.056825492733386
1433	5.5900024721635
1434	5.410605710169185
1435	5.692820605574808
1436	6.09725199631308
1437	5.673370514854564
1438	6.4202793615335665
1439	5.84192935836081
1440	5.52881499993818
1441	6.132296914503533
1442	6.43707464395185
1443	6.889665743891535
1444	6.604427184349876
1445	6.091398821813273
1446	5.426402249102821
1447	6.067511092518074
1448	6.002415257410398
1449	5.761535016866146
1450	5.540934744233255
1451	6.170791562988075
1452	6.040436861544012
1453	6.235531487148812
1454	5.638568901805571
1455	5.6237177439185935
1456	5.988718021705813
1457	5.787081226040983
1458	5.86283020879187
1459	5.667496228235342
1460	6.115250503170241
1461	5.581406278049907
1462	5.635107688582428
1463	5.659595583267398
1464	5.438733054539832
1465	5.692378454169286
1466	5.941159482826834
1467	5.758368045024216
1468	5.626333848165197
1469	5.4104655580536924
1470	5.546361099815102
1471	5.551108108240565
1472	5.476091714840415
1473	5.611724721244552
1474	5.146341844797259
1475	5.291372553193862
1476	5.334825582951345
1477	5.666309378147301
1478	5.291942278840148
1479	5.417927258706079
1480	5.689491734265028
1481	5.781982176672336
1482	5.97394885710995
1483	5.834866525702964
1484	5.7152378804486155
1485	5.8829950402872635
1486	5.797411341903339
1487	6.154976389384059
1488	6.020231643742522
1489	5.670604994134406
1490	6.1459375507615395
1491	5.493642750643674
1492	5.799981877847493
1493	5.849907695951279
1494	5.77271379072159
1495	5.323096891476318
1496	5.620371500795079
1497	5.042890262217604
1498	5.508724379329101
1499	5.345051841055758
1500	5.340238696119848
1501	5.490657255120981
1502	5.235658085390297
1503	5.12325990681239
1504	5.640244060412492
1505	5.470151745336808
1506	5.900289566462444
1507	5.465555324839257
1508	5.300836894875871
1509	5.573037495733382
1510	5.611057080004631
1511	5.568489354432799
1512	5.82034158488085
1513	5.81263612748831
1514	5.964209362589814
1515	5.8352867679829705
1516	5.815464346444714
1517	5.636377047409951
1518	5.432550521722887
1519	5.747126822619821
1520	5.57091711287853
1521	5.528769229255143
1522	5.622521191683799
1523	5.861625323934971
1524	5.846350998424411
1525	5.247495268164895
1526	5.505361757806078
1527	5.70910091331866
1528	5.582231644555191
1529	6.165737104860226
1530	5.902989646344854
1531	6.247001658043159
1532	5.691325668866077
1533	5.844454278815113
1534	5.606047803502328
1535	5.770752674873577
1536	5.690874052852766
1537	5.298788159040241
1538	5.753763811760451
1539	5.748887551328672
1540	5.541558498570544
1541	5.846817294946364
1542	4.96284826873615
1543	5.430316674512214
1544	5.607901629614338
1545	4.935697235246669
1546	5.097536608573165
1547	6.057269904965629
1548	5.4836170032146185
1549	5.631028590450008
1550	5.225029738108882
1551	5.611651740130592
1552	5.553142569759333
1553	5.628539430288386
1554	5.688924280529587
1555	5.0962776454556975
1556	5.56085908620281
1557	6.22633881958212
1558	5.394390391105244
1559	5.512479189520552
1560	5.269064943063588
1561	5.874694899444695
1562	5.549422309736632
1563	5.581905908073553
1564	5.231696450949281
1565	5.753875202705464
1566	5.777794763575049
1567	5.533411350568007
1568	6.188163759817271
1569	5.56028481756648
1570	5.703909857418167
1571	5.865920933390239
1572	5.524939285177208
1573	5.482438763750138
1574	5.584822713966705
1575	5.798019609435372
1576	5.691872479757701
1577	5.817917839926508
1578	5.303496379992196
1579	5.749636059792653
1580	5.761082066484212
1581	5.537207083043491
1582	5.6964385749073445
1583	5.441578188656178
1584	5.760877211176597
1585	5.702472079378036
1586	5.505603204874951
1587	5.827042998198205
1588	5.65781914754945
1589	4.988265087690702
1590	4.755846509716057
1591	5.565954996734047
1592	5.245223845504107
1593	5.2534870499785455
1594	5.848441674293057
1595	5.672427127016362
1596	5.037703515567847
1597	5.562305501613394
1598	5.495784593604084
1599	5.574886934966475
1600	5.409325984702685
1601	5.648648950961863
1602	5.803691880160663
1603	5.637046928450563
1604	5.382085505189915
1605	5.276569719945453
1606	5.879823134945913
1607	5.636538949609704
1608	5.346446805707681
1609	5.305276336870786
1610	5.607964034569443
1611	5.181128455730821
1612	5.2342431991186285
1613	5.695746817971446
1614	5.869194696714676
1615	5.509233679455257
1616	5.522762964703509
1617	5.71764595614336
1618	5.105048629177776
1619	5.697567458345631
1620	5.287046138976332
1621	5.228763872778399
1622	5.5520322666773305
1623	5.733709997099865
1624	5.360209218659275
1625	5.688144170832562
1626	5.7048525217337565
1627	5.761001234828789
1628	5.64615975569722
1629	6.370538754113965
1630	5.489219766753993
1631	5.686960822796953
1632	5.884764869521477
1633	5.022114940094876
1634	5.572934402201208
1635	5.644637336007354
1636	4.928965640269626
1637	5.187001514129032
1638	5.665713598574049
1639	5.488905575388423
1640	5.9788573398898155
1641	5.793318735669162
1642	6.011757771999303
1643	5.903186940399115
1644	6.1078038050536945
1645	5.446023314872136
1646	5.186002730773512
1647	5.330992030698911
1648	5.283011905070741
1649	5.2162016429542355
1650	5.462372711748661
1651	5.429444551606256
1652	5.657289711260245
1653	5.223518240972969
1654	6.0004285846731005
1655	5.761596531634378
1656	5.352850749967232
1657	5.409417070234439
1658	5.8993775631208365
1659	5.354746538165387
1660	5.6453605570642225
1661	5.613827125703713
1662	5.6528427306080085
1663	5.684587329883404
1664	5.535044791922255
1665	5.5893443479878036
1666	5.439252773257443
1667	5.866720247600424
1668	5.326146470353784
1669	5.461400234452123
1670	5.2422298068978845
1671	5.59496374408915
1672	5.684338549418434
1673	5.492973403813407
1674	5.3992947189706815
1675	5.475627224764123
1676	5.297082440888385
1677	5.417334771829127
1678	5.679603187870909
1679	5.686877738291765
1680	5.181912289381503
1681	5.114997385092528
1682	5.393191584160782
1683	5.402356534872882
1684	5.33711700423851
1685	5.52670104594155
1686	5.580897225880419
1687	5.339852770103205
1688	5.335527252488383
1689	5.501659190378275
1690	5.855527427576855
1691	5.531485922449017
1692	5.523594858019163
1693	5.424014988188432
1694	5.486854359235597
1695	5.694813157753602
1696	5.579118537682802
1697	5.627581920259975
1698	5.266754578122745
1699	5.860915346642474
1700	5.616712429681221
1701	5.740601142700137
1702	5.757329398827272
1703	5.463221189999476
1704	5.59846336807688
1705	5.500414748489311
1706	5.3892944533737905
1707	5.712017912686188
1708	5.801285165104798
1709	5.72824695581556
1710	5.939505078060598
1711	5.834473679498918
1712	5.418159777943388
1713	5.245889420016344
1714	5.677900669151673
1715	5.89853532778648
1716	5.461890238859383
1717	5.753850699538081
1718	5.477875881692472
1719	5.3520789693362225
1720	5.328965119395265
1721	5.971849507136892
1722	5.773681138362595
1723	5.471706977889097
1724	5.608613329745653
1725	5.582314464090702
1726	5.406775693454573
1727	5.456220681798847
1728	5.091352692077921
1729	5.4455533367960935
1730	5.461157696312158
1731	5.7960076050348945
1732	5.583849456200751
1733	5.854670949369204
1734	5.769583736746859
1735	5.8563582555423555
1736	5.412643415138371
1737	5.814286015481213
1738	5.724335093099531
1739	5.848844117892317
1740	5.8347714283469525
1741	5.928897806195775
1742	5.649001983134443
1743	5.895588405956235
1744	6.0826722020623345
1745	5.582899737311411
1746	5.9260352506672875
1747	5.901918544638541
1748	5.487133679042387
1749	5.858945653598583
1750	6.037397268800965
1751	5.611807717424106
1752	5.923968035161761
1753	5.531302430860433
1754	5.578214325600031
1755	5.191830031603457
1756	5.692628419465917
1757	5.406017154241676
1758	5.676209506978582
1759	5.619633662445725
1760	5.626246993168329
1761	5.4364842719952415
1762	5.710122659748756
1763	5.726561320300558
1764	5.682792008933025
1765	5.621333900959455
1766	5.593027517217124
1767	6.306313923427986
1768	5.554823202895622
1769	5.426740111574039
1770	5.451958616306189
1771	5.390933384174103
1772	5.977943087647906
1773	5.945325479219
1774	5.9948922612470685
1775	5.908037606552523
1776	5.994368093247306
1777	6.025238536468656
1778	5.647290307301825
1779	6.172780622370426
1780	5.8513270171046745
1781	5.654558881967461
1782	5.668657633718873
1783	5.673316404033448
1784	6.018719191888287
1785	5.797821496425519
1786	5.594967388027095
1787	6.210375221637074
1788	6.2087644834579745
1789	5.457545387683189
1790	6.1841454105360505
1791	6.287738749203392
1792	6.2959466394010315
1793	5.446768239427772
1794	6.014652869194482
1795	5.9147486056771825
1796	5.708060305650363
1797	5.741896146078562
1798	5.945415755727819
1799	6.0764923504034725
1800	6.191935209336012
1801	6.083613422408592
1802	6.083551863572918
1803	5.80380018988963
1804	6.091662391312216
1805	6.520413675038005
1806	6.193318053515066
1807	5.58479619125507
1808	6.076291945729965
1809	5.980609263417131
1810	5.917540686139112
1811	5.832953752651908
1812	6.215867355499442
1813	5.687252483819381
1814	6.493392452311551
1815	6.052478433590782
1816	6.555266982004647
1817	6.2477555509911475
1818	5.939553720036467
1819	6.363933428741511
1820	5.5486704960455855
1821	6.086859826292646
1822	6.569721119251925
1823	6.560467922852345
1824	6.019609392129635
1825	5.8699970846198175
1826	6.0558549694427395
1827	6.1575370530274
1828	5.715397855153476
1829	5.920788861350422
1830	6.010313539112862
1831	5.717858062175043
1832	5.485739865055702
1833	5.8873889636443435
1834	5.824022571172108
1835	6.3981117352057
1836	5.5108770912224765
1837	6.075453732324281
1838	6.13744277381807
1839	5.971433452473483
1840	5.670642595008005
1841	5.746947393213176
1842	6.136416458158135
1843	6.003060175155193
1844	5.808559486673876
1845	6.017997692592994
1846	6.354305436824112
1847	5.809575539379899
1848	6.477414149332771
1849	6.193233923344597
1850	6.472525357085951
1851	5.773504990836617
1852	5.597976383862717
1853	6.025677964000361
1854	5.68260309481629
1855	6.02508873671924
1856	5.677463215057174
1857	5.8335628235014925
1858	6.035559648983156
1859	5.711751831500787
1860	5.235002594474943
1861	5.435485242690443
1862	5.360266160091839
1863	5.5128459190667245
1864	6.072025492887369
1865	5.037516397772303
1866	5.608450196268952
1867	6.35022251266923
1868	5.690150894986385
1869	5.915776930335733
1870	5.507803852680153
1871	5.846631907533027
1872	5.879308841494665
1873	5.51093255238442
1874	5.28298853559072
1875	5.997419530487439
1876	5.604476405324874
1877	5.740547937299184
1878	5.854675454114109
1879	6.140719314713314
1880	6.189960503712508
1881	5.776874690767354
1882	5.688062659263421
1883	5.7388215387991375
1884	5.865427053992473
1885	5.834460368544691
1886	5.612998829239873
1887	5.613191813610646
1888	5.149567572521317
1889	5.542312631967677
1890	5.77384841454174
1891	5.858061523196978
1892	6.112955942060007
1893	5.820866423890369
1894	6.113526628743622
1895	6.336478870062069
1896	5.495315858522163
1897	5.938135166803382
1898	6.021208373803585
1899	5.26112964921542
1900	5.418536504105842
1901	5.534459998487802
1902	5.841972982446702
1903	5.888990928966125
1904	6.127174553860654
1905	5.542688054205977
1906	5.491599997729834
1907	5.556184319676423
1908	5.54603851773409
1909	5.838135747434419
1910	6.337395006143128
1911	6.2591384059488036
1912	6.275807630657177
1913	5.913547100154694
1914	5.796873615076777
1915	6.260853323177819
1916	5.477293937611116
1917	5.615169249403968
1918	5.903282159608607
1919	5.723733102252325
1920	5.557685832472854
1921	5.71541817167246
1922	5.654650184420598
1923	5.555469134438936
1924	5.418549336622198
1925	5.455237827487815
1926	6.23021944752088
1927	5.799167500490564
1928	5.731230956867183
1929	5.782023333282755
1930	6.329926523323929
1931	5.771479701248021
1932	5.292873686932451
1933	5.670912250896041
1934	5.804511035036727
1935	5.9354383704629905
1936	5.681950167421624
1937	6.209309655270032
1938	5.623827890464148
1939	6.0340423347840995
1940	6.10072372660136
1941	5.9885408553669395
1942	5.479774818209953
1943	6.124324859934145
1944	5.997869155734434
1945	5.686379338369838
1946	5.8261389186563255
1947	6.009554011968475
1948	6.64800182249718
1949	6.310377897530511
1950	6.1444849570524775
1951	6.106953677246401
1952	6.23147572537308
1953	5.934794098613865
1954	6.161275451536728
1955	5.77339388078386
1956	5.859565571762231
1957	6.202148025377215
1958	6.286085831828232
1959	6.398894837537697
1960	5.817834052222493
1961	5.955043493673451
1962	5.739570006862054
1963	6.33115548056396
1964	5.734420844982234
1965	5.887355050565234
1966	6.106424233906708
1967	5.872190618666972
1968	6.2532884312293255
1969	6.136207152575745
1970	5.947481833130696
1971	5.919326299716289
1972	6.066834216510742
1973	5.3400529847655696
1974	5.601876026765624
1975	5.900372052511135
1976	5.892029173456619
1977	5.665876436759561
1978	5.749191950361741
1979	5.998695856159199
1980	5.8824820412155665
1981	5.242979389758835
1982	5.803036686895574
1983	5.398205133431255
1984	5.150997853116211
1985	5.719534413575833
1986	4.942083089430247
1987	5.556138494657655
1988	5.880066794260115
1989	5.751822499951049
1990	5.634575409029815
1991	5.460985403746807
1992	6.354962273572183
1993	5.6418694728891765
1994	5.714668880946842
1995	5.593036087833676
1996	5.951705020134003
1997	5.829462504505616
1998	5.689743532115333
1999	6.046978194310274
2000	5.223771738278975
2001	6.126361014227726
2002	5.794441344393288
2003	5.604646347889716
2004	6.2511175033212405
2005	5.43707509288527
2006	5.428460952133462
2007	5.583497688970089
2008	5.65515718265838
2009	5.237016845555973
2010	5.285762613332476
2011	5.454324365420652
2012	5.829858198402576
2013	5.464176137453835
2014	5.463454977117712
2015	5.434920993305943
2016	5.441634899385561
2017	5.97357533580543
2018	5.878236213602445
2019	5.474451869650097
2020	5.519658254258526
2021	5.834136227491811
2022	6.161240076972365
2023	5.940123771467439
2024	6.025553157682547
2025	5.615540247242622
2026	5.507410565135125
2027	5.589510863137999
2028	5.315157141077104
2029	5.251876654744977
2030	5.548529496475362
2031	5.760348737396384
2032	5.638359467119431
2033	5.589328707709196
2034	5.14996954268257
2035	5.669598986422255
2036	5.417035815722853
2037	5.872823099996401
2038	5.40310426502672
2039	5.778830578207113
2040	6.2064449928875
2041	5.788396962626285
2042	6.159208481665813
2043	5.684456801802491
2044	6.01012313594866
2045	5.278880315706774
2046	6.167438908832575
2047	5.927543481228302
2048	5.79955886016724
2049	5.568986633605835
2050	5.755696152657859
2051	5.764877725066094
2052	5.830972797549318
2053	5.92447854736681
2054	5.714908335602074
2055	5.888106816394744
2056	5.990589963500959
2057	6.076017711909086
2058	5.421835802035613
2059	5.990503759008475
2060	5.878317923191193
2061	5.58000460549614
2062	5.7708476724724855
2063	5.849015399238562
2064	5.578306148119757
2065	5.675111266880919
2066	5.678601941224805
2067	5.7250344082917595
2068	5.878681247657959
2069	5.9252730014631965
2070	5.798282504839005
2071	5.707569569309722
2072	5.935474325728037
2073	5.808232114255887
2074	5.719121700417004
2075	5.892735003849295
2076	5.889937115825121
2077	5.618042718836716
2078	5.743114729351053
2079	5.831675865705711
2080	5.926951171625125
2081	5.78607022079603
2082	5.90600514557888
2083	6.079104307699763
2084	6.167528115988217
2085	5.7282964718980764
2086	5.779612738090776
2087	5.686726763740019
2088	5.930668108866504
2089	5.529509149094217
2090	5.601281710955865
2091	5.9708788849480445
2092	6.189976208119274
2093	6.070755330849509
2094	5.904083153487152
2095	5.807210293586108
2096	6.071114546469481
2097	6.064002996938988
2098	6.172579459083964
2099	5.884027095628841
2100	5.6040987743338375
2101	6.2534421122329364
2102	5.843198531028899
2103	5.9954183237578995
2104	6.163155002922099
2105	6.299359982054127
2106	6.029324001624387
2107	6.445851961728118
2108	6.245925464343211
2109	5.652015469593536
2110	5.7890465561849656
2111	5.798873376165414
2112	5.953271373144253
2113	6.006464098655607
2114	6.367795268695699
2115	6.079789028822041
2116	5.638325554071908
2117	6.077030783953578
2118	5.808341739903082
2119	6.187669965297183
2120	6.243609756752487
2121	6.368165693120684
2122	6.141692829203547
2123	6.347805328191902
2124	6.243268928959372
2125	5.9783450637608455
2126	5.811125531161401
2127	6.261818483113417
2128	6.172340509003058
2129	6.560843591182734
2130	6.380385293334763
2131	6.041544688805681
2132	6.120679415744794
2133	5.740474575495714
2134	6.244097234250869
2135	6.131872257090473
2136	5.7315204683797125
2137	6.003048832977149
2138	6.104371479999106
2139	6.038083716391778
2140	6.089207645445243
2141	5.9910001665228485
2142	5.81945762941848
2143	6.17991189415103
2144	5.887644536370654
2145	6.142801151040658
2146	6.242529621487292
2147	5.915396668066593
2148	6.136837979546014
2149	5.794093663198589
2150	5.623687657288134
2151	6.3317774263125
2152	5.619768467051187
2153	5.692214316204361
2154	5.8827654618583365
2155	5.97089711381979
2156	6.21278664853587
2157	5.720546949675713
2158	5.812696424214487
2159	5.981475256635325
2160	6.02426763039318
2161	5.942833506200465
2162	6.193330455783904
2163	6.08044730585622
2164	5.98001102203316
2165	5.976925814238976
2166	6.296972010225533
2167	6.141171312110613
2168	6.530783688695256
2169	6.531545171728373
2170	6.055610043841166
2171	5.66143172496578
2172	6.096455252288238
2173	6.110525806384063
2174	5.898457951702874
2175	5.570081420346438
2176	5.85423973976243
2177	5.982567737156929
2178	5.951229723161552
2179	6.1047143373753
2180	5.967910562733958
2181	6.048374637315046
2182	5.781206579030926
2183	5.688050670445732
2184	6.003949623130904
2185	5.887694917493906
2186	5.959755778191751
2187	5.443885296744742
2188	6.174213317840208
2189	5.821243854721338
2190	5.772418297872209
2191	5.552188064707637
2192	6.090612495006705
2193	5.930443908631525
2194	5.764956248738773
2195	5.891331877177921
2196	5.639739093270623
2197	5.979489396622915
2198	5.847010274039415
2199	6.0447157325036835
2200	5.908135608350622
2201	5.753767777471218
2202	6.069796533181958
2203	6.039493273898591
2204	5.915309101196203
2205	5.897904003073547
2206	6.122134984572368
2207	6.137969588893317
2208	5.782438732505161
2209	6.204470673894293
2210	5.8839826923881
2211	5.698747591265115
2212	5.790208929320934
2213	6.1560327339988214
2214	5.9151548233765086
2215	5.766735161519797
2216	5.422224407112758
2217	6.024771206067382
2218	5.893790151947685
2219	5.4771774914242375
2220	5.984754376000349
2221	5.774871658054687
2222	5.828860603610179
2223	5.738846296826754
2224	5.571147870831279
2225	5.896386837809746
2226	5.497773376355647
2227	5.096092412228973
2228	5.162563173834825
2229	5.19297739709276
2230	5.285560060849762
2231	5.565404105653647
2232	5.734774099514449
2233	5.8229367956599924
2234	5.884516629250598
2235	5.931247429260191
2236	5.970185270440806
2237	5.95689501195577
2238	6.286810506897133
2239	5.724636644872235
2240	5.169058753467565
2241	5.278416557077631
2242	5.530057985768582
2243	5.26472859059735
2244	5.209634750611126
2245	5.724071500616041
2246	5.036936752597961
2247	5.4809969801020175
2248	5.381341027858152
2249	5.4634240213581124
2250	5.275015416670705
2251	5.282363127275239
2252	5.679820193076392
2253	5.251719328930096
2254	5.110085405040361
2255	5.539238306585597
2256	5.502729630208671
2257	5.943946494098978
2258	5.608314967213264
2259	5.606022683354029
2260	5.492212015266716
2261	5.476403830873509
2262	5.520524243017175
2263	5.366674045014687
2264	5.535203631915593
2265	5.396731559880037
2266	5.221617918423216
2267	5.2602042711618155
2268	5.388775842664114
2269	5.15337987070187
2270	5.771576086748286
2271	5.107734736898661
2272	5.3421710551028845
2273	5.352386965993217
2274	5.720845926425384
2275	5.384218809029066
2276	5.453681998387655
2277	4.941031584552488
2278	5.455927963376331
2279	5.328507906871493
2280	5.702325797295089
2281	5.764765383839616
2282	5.364281722369739
2283	5.947109400404327
2284	5.713844087961624
2285	5.504306645648631
2286	5.624898013606075
2287	5.715647764293901
2288	5.339175443906533
2289	5.538325766176557
2290	5.862673119811824
2291	5.41732191025347
2292	5.666761124987572
2293	4.980813532328906
2294	5.770672731888929
2295	5.696244205025904
2296	5.510965348618306
2297	5.5965418505954965
2298	5.40790240765309
2299	6.04957952389035
2300	5.5460441199355275
2301	5.783146241149364
2302	5.261960060597122
2303	5.268479508339574
2304	5.318240615614719
2305	5.658776650367929
2306	5.774120907802931
2307	5.399893208030756
2308	5.592194359049249
2309	5.294817347852051
2310	5.614637088139554
2311	5.424066667658672
2312	5.5740191963205135
2313	5.611810337136255
2314	5.740582557924922
2315	5.373371838609818
2316	5.854358960689742
2317	5.668619668448035
2318	5.7287763176030735
2319	5.541134360006091
2320	5.540787431317491
2321	5.596663442715427
2322	5.8014398809760195
2323	6.1968223244910785
2324	5.590665833455813
2325	5.591283113846517
2326	5.838910487523108
2327	6.049847242018709
2328	5.625144481090264
2329	5.63490580663371
2330	5.698698668449386
2331	5.5911917412030725
2332	5.913968183960022
2333	5.862758025066445
2334	5.844808939690585
2335	5.679120914470683
2336	6.118467955007438
2337	5.906036120419327
2338	5.204931521171574
2339	5.577207888580369
2340	5.44811174303441
2341	6.011753926041174
2342	6.00224054490052
2343	5.874967377708037
2344	6.183256552226222
2345	5.536120969643166
2346	5.691327610863656
2347	5.523995924465794
2348	5.28331971974568
2349	5.982576964066761
2350	5.762961527948747
2351	5.575560081287187
2352	5.986335519643392
2353	5.430924774192592
2354	5.3447358399616105
2355	5.652271006027658
2356	5.191771801300898
2357	5.791089143959482
2358	5.6577643569838925
2359	6.2883272273582485
2360	5.82143877439841
2361	5.895430470934081
2362	5.431780722891318
2363	5.45340919621581
2364	5.670545030122619
2365	5.999527434186735
2366	5.625366521520297
2367	5.78552636030029
2368	5.706325048024351
2369	6.113316793086457
2370	5.581478940386626
2371	5.8399210167381925
2372	5.376816763808154
2373	5.7132935927541935
2374	6.208447110330762
2375	5.88103509063906
2376	5.479696371169946
2377	6.210207704224549
2378	5.855299145699507
2379	5.530709130422531
2380	5.621166458786259
2381	5.591668594413571
2382	6.043596825657108
2383	5.962542756984999
2384	5.906691496068044
2385	5.859575639513732
2386	5.3594739096889725
2387	6.089497303993334
2388	5.701315659636144
2389	5.755606926863087
2390	5.425358699245262
2391	5.770714863274684
2392	5.46321645181961
2393	5.895885502555019
2394	5.628380038356686
2395	5.506139645349049
2396	5.471889564936255
2397	5.1959770752644
2398	5.546420091672063
2399	5.391813029034453
2400	5.469222267569811
2401	4.984832394918401
2402	5.3675761935765145
2403	5.846686862542205
2404	5.966362547348364
2405	5.23487487394427
2406	4.9521074242440655
2407	5.218090246993059
2408	5.835299806047798
2409	5.304252295893316
2410	5.658517587350396
2411	5.879759403096307
2412	5.38352938005992
2413	5.447599833663782
2414	5.3388261851475365
2415	5.442884884988676
2416	5.73858771600194
2417	5.354460995533312
2418	5.898735676134848
2419	5.7119447903525185
2420	5.516865358104384
2421	5.455365044656454
2422	5.96220163557137
2423	5.541594826883113
2424	5.620986386052378
2425	5.607337156824244
2426	5.669409020018695
2427	5.71733403555594
2428	5.514063540449032
2429	5.766522196252068
2430	6.212006303366984
2431	6.0408449546522025
2432	5.57328995502026
2433	5.4731920039105715
2434	5.917177337542022
2435	6.008035109727289
2436	6.116905962309591
2437	5.9600630937933765
2438	5.3918782782741115
2439	5.331224918262463
2440	5.376358710936262
2441	5.896451637043306
2442	6.09940066251809
2443	5.484698868464526
2444	5.549758471769149
2445	5.050862679748065
2446	5.427758449027017
2447	5.565489360635916
2448	5.338816505350094
2449	5.173012628581028
2450	5.474098467120026
2451	5.679918918848773
2452	5.800715722420303
2453	5.708005433147695
2454	5.254169116422422
2455	5.3796777836112994
2456	5.346997702754128
2457	5.563890341302831
2458	5.416868465267803
2459	5.210486576489822
2460	5.562060741793384
2461	5.103646200932329
2462	5.479128103346433
2463	5.403143623810847
2464	5.3906444987193085
2465	5.486786223731322
2466	5.241975748692563
2467	5.401349731877506
2468	5.676642609590676
2469	5.816641284182795
2470	6.005018099446498
2471	5.515670367915577
2472	5.644145619252865
2473	5.0895889658361595
2474	5.214465843101104
2475	5.638058366078863
2476	5.4032050259974
2477	6.059758619787566
2478	5.969679823291025
2479	6.270367852690607
2480	5.859616017545125
2481	5.311494941223648
2482	5.594880144897443
2483	5.479075160647542
2484	5.442437497114745
2485	5.368578010556231
2486	5.698821045744962
2487	5.717811333484859
2488	5.639597021530056
2489	5.653136785469523
2490	6.302333059645231
2491	5.529836418121803
2492	5.295224582208526
2493	5.248000558390851
2494	5.353539501603453
2495	5.369861540753695
2496	5.615269734866674
2497	5.524921024903005
2498	5.202368304778657
2499	5.210195415219714
2500	5.398596920781927
2501	5.450287446933171
2502	5.9821061834118785
2503	5.409431217412077
2504	5.574070680341361
2505	5.6572812580189
2506	5.612353212202327
2507	5.64821426583931
2508	5.632416151701961
2509	5.542342574790327
2510	5.458836495400461
2511	5.796337578031211
2512	5.742844181802826
2513	5.841915432047453
2514	5.549650764769514
2515	5.327430314821402
2516	5.295817699053808
2517	5.473721477103108
2518	5.768628728453496
2519	5.93954017750055
2520	5.527204102769301
2521	5.452081641619023
2522	5.525650547462623
2523	5.433176779297524
2524	5.677844057287359
2525	5.518177340641734
2526	5.566497762626364
2527	5.955091988291499
2528	5.432741938696434
2529	5.3910880068195475
2530	5.703010156728806
2531	6.386240275575392
2532	5.480462457437591
2533	5.114263590798098
2534	5.484350574816254
2535	5.812802199140725
2536	5.199493035737376
2537	5.375807171245467
2538	5.412866411869226
2539	5.834592292658556
2540	5.933175975940262
2541	5.5665967441331485
2542	4.859940532958628
2543	5.263804606782406
2544	5.48540732162116
2545	5.578166065242821
2546	5.621624482148759
2547	5.428024790593817
2548	5.520471017610086
2549	5.8603740075272945
2550	5.436153144616242
2551	5.134838219035834
2552	5.529762104508698
2553	5.82864849737132
2554	6.0758526094436025
2555	5.414542003678136
2556	5.228724740591613
2557	5.631093151173104
2558	5.467069410489423
2559	5.7335418243365375
2560	5.67188872082612
2561	5.641981812453665
2562	5.738549173850011
2563	5.895300714531312
2564	5.43939301726385
2565	5.839859665991059
2566	5.925528601612184
2567	5.819934068308078
2568	5.82610055997135
2569	5.172057681268134
2570	5.515384410289246
2571	5.767282574464592
2572	6.058255950104234
2573	6.433009903526172
2574	5.760463410640396
2575	5.45787138054699
2576	5.592663036465457
2577	5.749792410164465
2578	5.902452424361469
2579	5.361590854290927
2580	5.762040768230012
2581	5.533826445506918
2582	5.414083924625043
2583	5.617607209033591
2584	5.765915938722385
2585	5.593368367945877
2586	6.625468827332444
2587	6.138772361159856
2588	5.843358223580111
2589	5.730525750416139
2590	6.331095574184681
2591	5.909247973394391
2592	5.413400665298125
2593	5.588556645457786
2594	5.585766935823882
2595	5.25679959044173
2596	5.636349181784341
2597	5.872837234400671
2598	6.0421239694359254
2599	6.423275557127697
2600	6.283850365682745
2601	5.935240283169202
2602	5.998808056234908
2603	5.9150721328986995
2604	5.9508486119832025
2605	5.63383763654029
2606	6.383873512535108
2607	5.810938421330702
2608	5.723490946076069
2609	6.221669167637277
2610	5.644093345851195
2611	6.198906753512284
2612	5.650359497306229
2613	5.958672476513877
2614	6.173118832292708
2615	5.672855154628963
2616	6.002771700976345
2617	6.004378024303373
2618	6.082504584130143
2619	6.079499499177794
2620	5.808586475877709
2621	5.766763946283158
2622	6.207974144477609
2623	5.600851671451661
2624	5.914705530666252
2625	6.17615535304992
2626	5.996033257221603
2627	6.078462850072726
2628	6.102650181430008
2629	6.074848339560396
2630	6.0205141474969235
2631	5.626416559494528
2632	5.49553562124875
2633	6.033997105561728
2634	6.445172240784496
2635	6.380586435338791
2636	5.973100314675811
2637	5.815407616642919
2638	6.094240298125156
2639	5.720112901038588
2640	5.764147845859569
2641	5.450129092331016
2642	5.51683697046834
2643	5.631204898779637
2644	5.636142750893598
2645	5.696511787810631
2646	5.861292352315687
2647	5.044701919151731
2648	5.894533413302485
2649	5.623126667200115
2650	5.741043611147713
2651	6.306005526129467
2652	5.971944336419861
2653	6.015821538577538
2654	6.239182615713578
2655	6.135535824582437
2656	5.54647290688879
2657	5.436993034951346
2658	5.357341221686567
2659	5.880217890026604
2660	5.803569286587023
2661	5.496970552926691
2662	5.589078865014692
2663	5.355730402564423
2664	5.656515258099219
2665	5.621987845195182
2666	5.608313198592657
2667	5.519423128454974
2668	5.585473777411008
2669	5.4642601338646335
2670	5.552000595547671
2671	5.779962923108154
2672	5.817134446289865
2673	5.671615146534557
2674	5.7361638953417415
2675	6.096259133563658
2676	5.49062850982504
2677	5.817446263658265
2678	5.7559289345163
2679	5.942930000231568
2680	5.443634789442543
2681	5.451174334727757
2682	5.93951651569053
2683	5.589592131993091
2684	5.953407554150605
2685	5.794662273206928
2686	5.846374109558318
2687	5.716686671293322
2688	5.601471642591129
2689	5.348068918074582
2690	6.0607192937039835
2691	5.54822680852296
2692	5.623296647013356
2693	5.9900513881710955
2694	6.09945575797041
2695	5.408952383707669
2696	5.098277869906469
2697	5.222754786466274
2698	5.455268063881279
2699	5.735341258480616
2700	5.2316633161023995
2701	5.732582371196923
2702	5.084578193052788
2703	5.970348383464899
2704	5.641437412924127
2705	5.739294715387687
2706	5.046682430917311
2707	5.600898592648666
2708	5.249510577268209
2709	5.509857706262027
2710	5.742854430130142
2711	5.335950567753475
2712	6.003308126332779
2713	5.58486004922958
2714	5.63633298484882
2715	5.781220588600373
2716	5.63415538773689
2717	5.338745477406277
2718	5.647436394270921
2719	5.8415796642722935
2720	6.108529146672695
2721	5.853793413620483
2722	6.2671672415489015
2723	6.095237270535589
2724	6.106667640609109
2725	5.995445880391986
2726	6.242895006596169
2727	5.859558177427272
2728	5.747714177217316
2729	5.623851889440023
2730	6.063482504042024
2731	5.77093137671703
2732	5.801230320889336
2733	5.692085591064684
2734	5.673716783218967
2735	5.845906031601638
2736	6.083565937560792
2737	5.441766078664314
2738	5.497605925013382
2739	5.593818960511409
2740	5.575333221025355
2741	5.930115860085591
2742	5.259082171646208
2743	5.6057658388589875
2744	5.993666095813692
2745	5.2976097012814005
2746	5.91919614589641
2747	5.224827601341495
2748	5.584273564910467
2749	5.792779072668116
2750	5.13042806870073
2751	5.331078422076976
2752	5.574691464809142
2753	5.522991940740619
2754	5.434121087392062
2755	5.848545177750599
2756	5.824832579474385
2757	5.487089401615897
2758	6.0568771858301815
2759	5.908655361398709
2760	5.348902599649017
2761	5.670982300256172
2762	5.737292088547707
2763	6.141972855998016
2764	6.050484294794229
2765	5.705965196295596
2766	5.939903945292897
2767	5.874890816210403
2768	5.464948573219901
2769	5.586302784455046
2770	5.933533416479626
2771	5.920476089155876
2772	5.802865172492977
2773	6.004876743510706
2774	5.518642113595871
2775	5.435269324993368
2776	5.44809528488171
2777	6.112831251793448
2778	5.987506453956215
2779	5.6838971289361755
2780	5.655526905240552
2781	5.929976068086482
2782	5.798438261710741
2783	5.928703581672666
2784	5.533469475485728
2785	6.065531142603704
2786	6.005266300121754
2787	5.857894175458461
2788	5.856185603747913
2789	5.961643318137122
2790	5.939988010304322
2791	5.967699334118922
2792	5.900551724166844
2793	6.180059066872701
2794	5.906224527553419
2795	5.885402451793564
2796	5.0413217551585845
2797	6.0330856536319475
2798	5.5529996293181885
2799	6.40038291119952
2800	5.988162868516176
2801	5.904899346822386
2802	5.903669888775149
2803	5.9906004749906945
2804	6.15090726027154
2805	6.606281813963161
2806	5.6564498468852715
2807	6.10598457655151
2808	5.795889701472694
2809	6.090286062402537
2810	5.951159096738332
2811	6.372742643860413
2812	5.7411607316424815
2813	5.7364743657749955
2814	6.2172248966863854
2815	6.1569725895989595
2816	5.643460784226032
2817	5.656239735290655
2818	5.741482575433354
2819	5.689748240782171
2820	5.598357032336035
2821	5.639851462286649
2822	6.054688794678965
2823	6.104199423848695
2824	5.842065365107284
2825	5.593752426606478
2826	5.435055681177608
2827	5.326070177150797
2828	5.70725397705756
2829	6.094987834501519
2830	5.770992662261185
2831	5.874737477783591
2832	5.811153225269519
2833	5.477326608638559
2834	6.039900763294616
2835	5.897601418104437
2836	6.052902687463544
2837	5.872762823162243
2838	5.74368461255555
2839	5.965364270046873
2840	5.6219944624431
2841	5.821755012940713
2842	5.81683458682598
2843	5.958321568507984
2844	5.956701401831126
2845	5.969379933316275
2846	6.140397948573935
2847	5.509763952477797
2848	6.206786972664841
2849	5.707892329030624
2850	6.175335778068409
2851	5.712888193275401
2852	6.16996254826032
2853	5.9677794435289995
2854	6.140416781718668
2855	6.0608040383285555
2856	5.935586870028856
2857	5.78969227108008
2858	6.138462522702548
2859	6.02131189361639
2860	5.77038948319908
2861	6.484365863225889
2862	5.698942611508469
2863	6.022077881442566
2864	5.8112731327421905
2865	5.963004510063081
2866	6.185362466192969
2867	5.875976203937928
2868	5.984590254683096
2869	5.612897369292586
2870	5.410790794101294
2871	5.920269439408888
2872	6.303284867871597
2873	5.720303535581542
2874	5.768580321934938
2875	6.04945491960847
2876	5.961684298086167
2877	5.6583792441104155
2878	5.908230268247582
2879	6.080922271417578
2880	5.552957759815706
2881	5.569936461239069
2882	5.23313771069411
2883	5.699414820137984
2884	5.279510375059415
2885	5.255806819425554
2886	5.613271190592974
2887	5.757002910407383
2888	6.011457208584408
2889	5.877491246612217
2890	6.042772914967031
2891	5.957129851296582
2892	5.275445725140864
2893	5.873817188692286
2894	5.864135621813476
2895	5.640349007188797
2896	5.76331362334996
2897	5.92573997019792
2898	5.724599750755047
2899	5.667864537202624
2900	6.010106205785869
2901	5.681647945051442
2902	5.672462411587646
2903	5.866780890294479
2904	6.098572062325116
2905	6.110396798165487
2906	5.794336619310469
2907	5.8213257324560646
2908	5.820445626030523
2909	5.9162571200420535
2910	5.834476231314564
2911	6.076205095133514
2912	5.724583298642482
2913	5.7237092471865125
2914	6.101995993269208
2915	5.432786452867221
2916	5.4949578938370625
2917	5.710984629453095
2918	5.705399242121226
2919	5.692612500431067
2920	5.996781743754881
2921	5.439222270292622
2922	5.544098822937622
2923	5.512118459484637
2924	5.90897456871168
2925	5.767917228049266
2926	5.879619764328445
2927	6.003510838893324
2928	6.377159868506865
2929	5.64797302219902
2930	5.905309312403581
2931	5.947625819709367
2932	6.1993860206955835
2933	5.923245435888721
2934	5.7059448403684225
2935	6.108169616231522
2936	5.577665690586754
2937	6.178922813456743
2938	5.9978987990867605
2939	5.993263689880149
2940	6.126527597582541
2941	5.924919065051984
2942	5.5529996560491925
2943	5.9308441660139355
2944	6.363199753801927
2945	5.847553256528791
2946	5.891912433290435
2947	5.472458636903925
2948	5.923256585265737
2949	6.083264241372828
2950	6.196523036911499
2951	6.307720079944596
2952	6.048684750608105
2953	6.036427718968059
2954	5.598787286884748
2955	5.408303921287878
2956	5.965212638469458
2957	5.46469981134455
2958	5.578763528549071
2959	5.714884203806331
2960	5.950635898911657
2961	5.71787192404052
2962	5.982763464025377
2963	5.781644992765359
2964	6.014880319244599
2965	5.805869419129515
2966	5.390813275511914
2967	5.517887328961935
2968	5.788229886273721
2969	5.970813306514611
2970	5.844804523126291
2971	5.960954407032356
2972	6.383959336146897
2973	5.956682487429131
2974	5.856412276594223
2975	6.075651817280797
2976	5.789016248068617
2977	5.847791541071688
2978	6.059729742964012
2979	6.103816584754456
2980	5.708659569493774
2981	5.8813465499104645
2982	5.993809539041505
2983	5.368514636960977
2984	5.949168595518837
2985	6.312982770535667
2986	6.172112542921548
2987	5.612192958729976
2988	5.843409163381247
2989	5.800599178981502
2990	5.647134129549746
2991	5.910422681050802
2992	5.939133520842731
2993	5.512009243361722
2994	6.044519848423264
2995	5.819463783829424
2996	5.6170890853881055
2997	5.4209924859062015
2998	5.762719972105196
2999	5.8831113087086235
3000	5.594494553442758
3001	5.645536989240411
3002	5.449486258688057
3003	6.206175810447219
3004	5.576307578527684
3005	5.952537370512291
3006	6.2170302102418695
3007	5.616811118408479
3008	5.79248112148579
3009	5.8316905296191655
3010	5.598292999440603
3011	5.918530210968004
3012	5.955135651140772
3013	6.215726025025046
3014	5.808033622603842
3015	5.698604897881878
3016	5.619727466065759
3017	6.057172371641947
3018	5.952836822682995
3019	5.87815866389692
3020	6.01967246805742
3021	6.11612821685768
3022	5.769352580780309
3023	6.227691811578984
3024	6.302742379275833
3025	6.157873902847461
3026	5.653241014818483
3027	5.825217412801793
3028	6.107760858391159
3029	6.078797858898064
3030	5.797209290168681
3031	6.25294708380655
3032	6.343819939652528
3033	6.141920622941044
3034	5.767932091294377
3035	5.839805586364558
3036	6.053936086972596
3037	5.802245951828441
3038	5.85791283548363
3039	6.1102221044459135
3040	6.130630558884213
3041	5.9148615505312865
3042	6.272137419157713
3043	6.027050036003997
3044	5.90320333301672
3045	6.040212552950418
3046	5.8039565698101745
3047	5.854453513536911
3048	5.637161164666706
3049	6.3200430487896435
3050	6.1005642630857215
3051	6.110404895080627
3052	5.5836586631445355
3053	5.803098822104504
3054	6.136956542011772
3055	6.112268324518547
3056	5.226041225204024
3057	6.44177201614545
3058	5.746814380984384
3059	6.03658080072833
3060	5.83789810490506
3061	6.119459998708108
3062	5.625152534498143
3063	5.9804277282600085
3064	6.033786921108286
3065	6.1250710884547175
3066	6.282413153312562
3067	5.855905066349447
3068	6.235902975256628
3069	6.099377176553495
3070	6.03472188628607
3071	6.17667887996729
3072	6.215319175070669
3073	6.2368391310705675
3074	5.824694235088611
3075	6.337466571320172
3076	6.047189961445613
3077	6.266933966280347
3078	5.957783705406361
3079	6.07822252800868
3080	6.328888834069287
3081	6.443869337266237
3082	5.968515039501175
3083	6.394814153826803
3084	6.217781818792285
3085	6.236576879104914
3086	6.018075393052859
3087	6.329474797955571
3088	6.176309626439112
3089	6.179061687827442
3090	6.178193670331673
3091	6.352211366821016
3092	6.009226497335354
3093	5.9975365198671575
3094	6.06335945654671
3095	5.884440322402085
3096	6.055351234460406
3097	6.48492583739511
3098	6.105023230707323
3099	6.109110831589707
3100	6.514514457668345
3101	5.966067754586173
3102	6.123111918159054
3103	5.9880814206921595
3104	6.074521011287809
3105	6.080374539249272
3106	5.046588633070762
3107	6.002451679791291
3108	5.6523765798166075
3109	5.767775629466491
3110	5.951258843070607
3111	5.533624028712488
3112	5.818784058703657
3113	5.763794949781723
3114	5.729977738280626
3115	5.9604197199244995
3116	5.683020308147775
3117	6.246281480063303
3118	6.215422063693069
3119	6.277798117430848
3120	7.012803823041761
3121	6.953753208703578
3122	6.853457451730387
3123	6.6518772482249275
3124	5.821752797092188
3125	5.934368613343779
3126	6.308103231616144
3127	5.833375206758494
3128	5.919023753464458
3129	6.442338306498193
3130	6.568892055503774
3131	6.389656558223043
3132	6.132507873332738
3133	5.7457944900578966
3134	6.27112961906372
3135	6.17492897505416
3136	6.700247364172331
3137	6.404584552250328
3138	6.8371700379970815
3139	6.5197385740780724
3140	6.674699904622392
3141	6.2375859144750745
3142	5.894278185623471
3143	5.944886716060962
3144	6.416752977208549
3145	7.036979847893898
3146	6.202522009885554
3147	6.77851783502237
3148	6.158510189063597
3149	6.359237935371903
3150	6.448542281028353
3151	5.890653102666209
3152	6.30652308598913
3153	6.259905283916304
3154	6.36484639418675
3155	6.463002066387659
3156	6.760281990954034
3157	6.270896917594339
3158	6.320924169637319
3159	6.674831188044718
3160	6.300173450702465
3161	6.731521886429823
3162	6.328861765364041
3163	6.661201446409307
3164	6.484387768919415
3165	5.689166398192697
3166	5.946370845272183
3167	5.7534693875109335
3168	5.822580207932973
3169	6.407799067630421
3170	5.946401952433407
3171	5.6334621660836
3172	5.650296260480436
3173	5.743053128622789
3174	6.100519017268673
3175	5.928231051537354
3176	5.532367056530831
3177	5.964571996399128
3178	5.309058713173002
3179	5.9228276506617945
3180	6.101474807169143
3181	5.833327913643573
3182	6.265800806287471
3183	6.164096541001524
3184	6.529605755202349
3185	6.177700587390739
3186	5.722842385347885
3187	5.572320839492777
3188	5.795718993769223
3189	5.901509763116207
3190	5.782669521725333
3191	5.916965362662497
3192	5.629526116115286
3193	6.020124460921737
3194	5.970352401143001
3195	5.652608157614723
3196	5.499573866968305
3197	5.423973635747248
3198	5.37112696517615
3199	5.507209251789181
3200	5.769355930305148
3201	5.4075399251072716
3202	5.604336169925945
3203	5.26571969841561
3204	6.07897526906507
3205	6.137368057900832
3206	6.25683388878088
3207	5.7231686439541996
3208	6.203167528791394
3209	5.817379611657942
3210	5.466490637508441
3211	5.401447267103214
3212	5.799824633868516
3213	5.636462053143702
3214	5.998779916151679
3215	5.759026093396625
3216	6.1652345607004015
3217	5.94660070085775
3218	5.811869489261984
3219	5.7526908474392755
3220	5.77401669875838
3221	5.7105791321656305
3222	5.578634873451831
3223	5.63552337031627
3224	5.697694040286871
3225	5.547626560828454
3226	5.411468405710653
3227	5.895975833854053
3228	6.031496925840551
3229	6.100799953673224
3230	5.653292466222619
3231	5.564760025948404
3232	5.633660700888096
3233	5.7650156426497405
3234	5.969380079479519
3235	5.446847619951621
3236	5.813771164786813
3237	5.935030885450938
3238	5.391585672577114
3239	5.822346596845184
3240	5.670611089521149
3241	6.234720268350335
3242	5.854871477890155
3243	5.840981768000433
3244	5.920593213202925
3245	5.543152704410353
3246	5.7642244105340215
3247	5.79488512791455
3248	6.025885950891255
3249	6.033916699536334
3250	5.528139149838841
3251	5.818866182849672
3252	6.306944812590652
3253	6.363000841402669
3254	5.929115014945757
3255	6.484359041403528
3256	6.360024413280085
3257	5.831675519535083
3258	5.885370638795737
3259	5.929773469991238
3260	6.172099049560006
3261	5.8212473320531455
3262	6.017509626852425
3263	5.819333679843789
3264	6.3502428127049555
3265	5.977603323914657
3266	5.977976032104949
3267	5.596876902605579
3268	6.154574504336939
3269	5.6256143958686025
3270	5.201057709709435
3271	5.49171136718202
3272	5.909714036196203
3273	5.557130793304639
3274	5.754953373162379
3275	5.301050256743855
3276	5.680849081549497
3277	5.538119187506165
3278	5.816728570466663
3279	5.200929879294123
3280	5.438525874086344
3281	6.013481188223108
3282	5.646671764777697
3283	5.961562656823469
3284	6.144488755111084
3285	6.203858086901732
3286	6.250351176158683
3287	5.462618557178306
3288	6.100455065454613
3289	5.980337206166546
3290	6.139080044876164
3291	6.255068893306478
3292	6.2750172351413
3293	6.4409207130746715
3294	6.066009215877576
3295	5.868863970734835
3296	5.6158691140481505
3297	5.84222313804263
3298	5.993058455446177
3299	5.889258190652775
3300	5.440446642937688
3301	5.887320824443075
3302	5.284352748422623
3303	5.71157111965421
3304	5.767317644303706
3305	5.858043506856994
3306	5.837913495583482
3307	5.358550554923934
3308	5.8191828710873
3309	5.790039492905041
3310	5.838095748114433
3311	5.8270263782859075
3312	6.170624229197806
3313	5.934097639678519
3314	6.012093599283412
3315	5.805259520408013
3316	5.8543276198405465
3317	6.058794908484241
3318	6.164513904441125
3319	6.1972022140650935
3320	5.771192172427725
3321	5.654515820966599
3322	5.651290387230329
3323	5.74056503804429
3324	5.492904761733717
3325	6.022800735767748
3326	5.715609983762889
3327	6.2407075482813035
3328	6.069346401337314
3329	5.63211485367945
3330	5.394361890396881
3331	5.719155295604856
3332	6.0544561831774315
3333	5.547014272619179
3334	5.730177670787028
3335	5.873904404630532
3336	5.6111270583895525
3337	5.962469756826666
3338	5.726849460133639
3339	5.607656563837496
3340	5.63588267075386
3341	5.827139828155687
3342	5.550196974509677
3343	5.366817174345102
3344	5.672712343942915
3345	5.627509425959042
3346	5.397121744667001
3347	5.8878254134846
3348	5.787053396505319
3349	5.78213791180429
3350	6.223297838045916
3351	5.579960945202057
3352	6.251287344705507
3353	6.053970155629708
3354	5.907765496902363
3355	5.820344625879857
3356	6.10336907722896
3357	5.682334287240601
3358	6.178638859781842
3359	5.835922394547292
3360	5.599525479424929
3361	5.735586080166385
3362	5.8946742574801965
3363	6.16583002305557
3364	6.179119547883587
3365	5.6738365939624185
3366	6.359428328280389
3367	6.426739560101177
3368	5.893626146651243
3369	6.304878851300262
3370	6.081862852475259
3371	6.37070984677169
3372	6.053413210212963
3373	6.073468760807626
3374	6.048923414963641
3375	5.50664791232562
3376	6.001214582529066
3377	6.160041909535665
3378	6.451928720765977
3379	5.948666267868515
3380	6.069246785221496
3381	5.31372307429675
3382	6.554966622693471
3383	5.836715031033235
3384	5.668109746445488
3385	5.9152437633546215
3386	5.90607657369558
3387	6.385665805379399
3388	6.248259790662758
3389	6.156910933538795
3390	6.235702031231111
3391	6.330432828417656
3392	5.303781218313279
3393	6.164792860409685
3394	5.893613028595321
3395	5.80741464479323
3396	5.671521565013017
3397	5.89794168069536
3398	5.915156889102939
3399	5.851804598615199
3400	5.735581934941905
3401	5.414048390432899
3402	5.252903936276066
3403	5.581544891610963
3404	5.16476447928413
3405	5.497882816965357
3406	5.736893755368102
3407	5.825238054971416
3408	5.100242351941546
3409	5.463869172054043
3410	5.441570293144387
3411	5.667564767066413
3412	5.969974843317901
3413	5.498931479214578
3414	5.313693050862713
3415	5.734948745483829
3416	5.204867340093211
3417	5.456618020958904
3418	5.895758418625356
3419	5.593205488857487
3420	5.380133103152647
3421	5.54902890616863
3422	5.577615515890435
3423	5.691596004840985
3424	5.513703144774429
3425	5.5193986188472834
3426	5.67321123497479
3427	5.832867044952776
3428	5.52339837297747
3429	5.639153943217665
3430	5.375011637493993
3431	5.680086915591313
3432	5.541069710755285
3433	5.459366105551231
3434	5.04137533447401
3435	5.563554763865161
3436	5.497712589253946
3437	5.315414197597566
3438	6.03748567833475
3439	5.413850388176627
3440	5.715194124478846
3441	5.4890734535422085
3442	5.8935343287343915
3443	5.908384480837911
3444	5.545733282064821
3445	5.648977347144355
3446	5.59748227944643
3447	5.613765556515241
3448	5.909169836837932
3449	5.549993362471434
3450	5.272085617862964
3451	5.615899466921607
3452	5.5552189236180105
3453	5.680401566058702
3454	5.333927252240941
3455	5.442121782640467
3456	5.493564624792782
3457	5.140950222190459
3458	5.446132009339707
3459	5.749954734500613
3460	5.597984638170934
3461	5.504696958740469
3462	5.475273078069341
3463	5.82851482279422
3464	5.607480231291262
3465	5.296536429457163
3466	5.5090422802464145
3467	5.3980554201248
3468	5.6623381340652434
3469	5.830573747226212
3470	5.470313363968507
3471	5.809863932510819
3472	5.757813532087143
3473	6.01944770836628
3474	5.367480716699407
3475	5.691110151924289
3476	6.140681077675629
3477	5.972587823816152
3478	5.735060053014643
3479	5.635754970540439
3480	5.619410345064076
3481	5.623438698323065
3482	5.736495258837683
3483	5.637239648027377
3484	5.517077003315669
3485	5.254731905870651
3486	5.337316284214895
3487	5.5702021538840105
3488	5.301725759487648
3489	5.321675035946169
3490	5.823190988664721
3491	6.036904013533474
3492	5.240450525446441
3493	5.670302767402112
3494	5.488833432881314
3495	5.3067337004490165
3496	5.75164695953437
3497	5.313721612605968
3498	5.912325316126715
3499	6.112557946206158
3500	5.343099159727446
3501	5.863445129156681
3502	5.575452936072221
3503	5.25174459940677
3504	5.5704347019491935
3505	5.419175045185525
3506	5.361864490058801
3507	5.109398759905871
3508	5.41904782173979
3509	5.7441579509965175
3510	5.570378979576169
3511	5.3348618656816855
3512	5.425152460320679
3513	5.294045224499069
3514	5.090002027893938
3515	5.656946423766506
3516	5.374056264035527
3517	5.406642485407264
3518	5.267968080073258
3519	5.491910677561293
3520	5.401402177175521
3521	5.406754009491324
3522	5.914040432188028
3523	5.184121788463037
3524	5.467759827607139
3525	5.035200723999829
3526	5.466925652183026
3527	5.557346064514503
3528	5.40921197526933
3529	5.381250407761681
3530	5.64866249833109
3531	5.452336441066165
3532	5.838600144828144
3533	5.769143016885198
3534	5.644696507042086
3535	5.479832550735762
3536	5.281578911744113
3537	5.50957157594139
3538	5.662967550035821
3539	5.62455583038862
3540	5.976227474187896
3541	5.383904583701711
3542	5.630926508032048
3543	5.4901364463425875
3544	5.653788942388951
3545	5.654484808612829
3546	5.069414355734738
3547	5.44917796201201
3548	5.526570865931152
3549	5.199178636892096
3550	5.009428187096222
3551	5.330487339957637
3552	5.519173350423403
3553	5.660636756895039
3554	5.885532614020974
3555	5.606747869510646
3556	5.827708059803965
3557	5.8016019220832735
3558	6.18170999050248
3559	5.944122889059774
3560	5.67009616485647
3561	5.288915832793785
3562	5.283581764057067
3563	5.481013578762274
3564	5.462603915401245
3565	5.341082443255446
3566	5.16096297267809
3567	5.128055846210835
3568	5.165134209965453
3569	5.602501038753614
3570	5.361181163040208
3571	5.368633597619309
3572	5.751716890618433
3573	5.9640580450831715
3574	5.775129225366141
3575	5.959270465435063
3576	5.079402735581629
3577	5.316150051200184
3578	5.520662749204632
3579	5.7107945698200675
3580	5.67203803261221
3581	5.375762192353468
3582	5.094435862454834
3583	5.624406854433891
3584	5.40345146668481
3585	5.313644441643559
3586	5.724479835664298
3587	5.293610632412188
3588	5.178158826741268
3589	5.083194872722988
3590	5.533386408488837
3591	5.408413233589717
3592	5.526211426274114
3593	5.877620705331047
3594	5.615000488249479
3595	5.861756825634759
3596	5.782054850768374
3597	5.487988253792506
3598	5.457831635710249
3599	5.482426720137759
3600	5.4241659701314315
3601	5.313153030881536
3602	5.086509455926945
3603	5.168834756591261
3604	5.732624772430132
3605	5.547696968923841
3606	5.890692882781372
3607	5.963384933901747
3608	5.95067897527071
3609	5.682136751882177
3610	5.10622601426996
3611	5.460473318757605
3612	5.865907151913586
3613	5.658975074102942
3614	5.480788603707976
3615	5.6813617949701225
3616	5.440662739827172
3617	5.471593774064045
3618	5.764726004328562
3619	5.525496644399005
3620	5.51366817723543
3621	5.3772386952459765
3622	5.06130526573182
3623	5.083919957143456
3624	5.12106757082826
3625	5.4231538140195
3626	5.212996915185183
3627	5.563132410955076
3628	5.344893884918845
3629	5.435450041315028
3630	5.5801111242341195
3631	5.43335072441362
3632	5.666397640266098
3633	5.400555408604945
3634	5.758437565479147
3635	5.304406935458247
3636	5.713916917531085
3637	5.574840514588944
3638	5.740946883177182
3639	5.82712960362638
3640	5.753949251599774
3641	5.847072855810823
3642	5.192597869821601
3643	5.9669582765047915
3644	5.00332496386255
3645	5.61801108923966
3646	5.769376889239821
3647	5.822405351986322
3648	5.999207804095503
3649	5.8069064148118645
3650	6.417645827752564
3651	5.579529927290802
3652	6.086122616700048
3653	5.2909586282500785
3654	5.292321260669346
3655	5.386600370467109
3656	5.90991992181586
3657	6.279269265579364
3658	5.929456734166339
3659	5.523299512570852
3660	5.849804715503567
3661	6.163224223763715
3662	5.575797170106576
3663	5.6896945763606
3664	5.759995485830341
3665	6.18771124231118
3666	5.139048898603461
3667	5.880627308535771
3668	5.6209810744693725
3669	5.596467234350903
3670	5.564426230077941
3671	5.781525170704192
3672	5.3363052657469705
3673	5.575020460102027
3674	5.6304549600289615
3675	5.946418637038687
3676	5.691989193324087
3677	5.678125939792633
3678	5.6408565093510825
3679	5.877131276270978
3680	5.636139419327179
3681	5.978287766612385
3682	5.842227413210144
3683	6.434872540728022
3684	6.286023290846885
3685	5.667806597838132
3686	5.422562079258064
3687	5.777960159448643
3688	5.66729066136312
3689	5.947333792386782
3690	6.3800573563592655
3691	5.918847974047774
3692	6.324497871374998
3693	5.833159303835407
3694	5.548611716128624
3695	6.413347853949082
3696	6.070111801489408
3697	5.523484681679303
3698	5.7919507465894435
3699	5.590639481854592
3700	5.54411715749306
3701	5.778797254279829
3702	5.565423305832649
3703	5.745867948770726
3704	5.751422664643611
3705	6.165398556409691
3706	5.873857827047062
3707	6.385302397249657
3708	6.03708433413928
3709	5.557946110450531
3710	6.409653317425514
3711	6.04383045341741
3712	5.8927785636905625
3713	5.634932491351101
3714	5.991259425357933
3715	5.728842935877735
3716	6.150356764844013
3717	6.648239141598005
3718	6.285503998325854
3719	6.1891700962353315
3720	6.03957056290714
3721	6.124958901545344
3722	6.339602913423914
3723	6.220825686216296
3724	5.99364410240393
3725	6.2983477149032225
3726	6.385461708769359
3727	6.358120438698797
3728	6.372342928062162
3729	6.314828977530425
3730	6.34887113796099
3731	5.961380431531504
3732	6.426495978644697
3733	6.375017673458082
3734	6.255980893977073
3735	6.488643355146034
3736	6.112285211415924
3737	6.31946246525038
3738	6.307692123277395
3739	6.00661010729485
3740	6.3757353076562
3741	6.39304781020765
3742	6.00831336124769
3743	6.070007207059524
3744	6.108312140715767
3745	5.976385646847842
3746	6.058823813274829
3747	6.09906750046245
3748	6.182349193050923
3749	6.382587624391077
3750	6.534093015964835
3751	5.806141312777615
3752	5.526218569974086
3753	6.522156852037502
3754	6.057077546198861
3755	6.223678794067264
3756	5.495888490809652
3757	5.687201981211075
3758	5.61699987656572
3759	6.210289605418276
3760	5.761762688309073
3761	5.893855218438015
3762	6.538103807190467
3763	6.444854482527826
3764	5.642213419094855
3765	5.841658616154736
3766	6.008546819125451
3767	6.029197430832315
3768	6.289722698389751
3769	5.5445140958422385
3770	6.169049534058132
3771	5.744997529553989
3772	5.830329942015835
3773	5.670700679142828
3774	6.359290288622267
3775	5.720328464155537
3776	6.0095547529132
3777	5.864925640705867
3778	6.05282972357503
3779	6.038159838524777
3780	6.447729813467038
3781	6.203234404279764
3782	6.085790420617657
3783	6.010917930412674
3784	5.78631790633626
3785	6.0712086719268035
3786	6.480733497971027
3787	6.370289034723175
3788	6.378506826586274
3789	5.902070012799566
3790	6.261172159799262
3791	6.2381081826304605
3792	6.249324434194927
3793	6.143915251711976
3794	6.012731817575363
3795	6.216751875164822
3796	5.8645473259582515
3797	6.190323246149208
3798	6.092763161564968
3799	6.4189879064879385
3800	6.457708758307561
3801	6.4442721598833606
3802	6.5682325653044975
3803	6.389861418883296
3804	6.303297863710358
3805	5.84828787532885
3806	5.866862606848667
3807	6.3159526735296945
3808	5.732545999342778
3809	6.160125307275139
3810	6.152727824305185
3811	6.199937517736918
3812	6.455933080939776
3813	6.105234064076041
3814	6.460866861516504
3815	6.292671960436186
3816	6.486861935692348
3817	6.017505656048632
3818	5.882014359949164
3819	5.918848036756554
3820	5.908440834143387
3821	6.033477060110629
3822	6.140024200676815
3823	6.559257254992193
3824	6.5030223775456255
3825	6.042691426598916
3826	5.999687071305966
3827	5.764860422746045
3828	5.831712100973645
3829	6.436500632860871
3830	6.036297078404139
3831	6.081731987934281
3832	5.8578960390182
3833	5.834302766943823
3834	5.638406778881387
3835	6.012830543778217
3836	6.55599210391722
3837	6.501611771321613
3838	6.272823419306135
3839	5.7181085973888015
3840	6.03734073203573
3841	6.252262263238761
3842	5.613763006308205
3843	5.899683488203711
3844	5.869259776410892
3845	5.943986391939201
3846	5.61846059924214
3847	5.9764572704783285
3848	5.793050680969212
3849	6.215389979135635
3850	5.898895741564272
3851	6.0830029298554456
3852	5.941445713997887
3853	6.200221961425418
3854	6.405387265155084
3855	6.091195874075496
3856	6.108958345960808
3857	5.491288484085053
3858	5.976072517664364
3859	5.422266108993322
3860	5.767611907190238
3861	5.77329222598975
3862	5.9111081677572255
3863	5.923562813878183
3864	5.800198507646936
3865	5.5826603099277206
3866	5.768898961921732
3867	5.522742402040128
3868	5.215807010713937
3869	5.411809659940638
3870	5.79795094340403
3871	5.127570431575753
3872	5.587996882636272
3873	5.721089755115325
3874	5.870655511957506
3875	5.47967303442924
3876	5.511692184266484
3877	5.701057541481499
3878	6.213079532533304
3879	5.717835444780593
3880	6.013048314683176
3881	5.834151833457875
3882	6.272837237199001
3883	5.885628196723572
3884	5.759219403472074
3885	5.5981950850720175
3886	5.794058078705869
3887	5.777683365502215
3888	5.61748820597469
3889	5.9409172888942585
3890	5.667674249931636
3891	5.293087890124889
3892	6.023741185690657
3893	5.972810781037063
3894	6.1713265755103
3895	6.042382588013914
3896	5.724631140872035
3897	5.824756564678137
3898	6.067199953293826
3899	6.123305662275574
3900	5.7850475331501015
3901	5.7005010396797475
3902	5.981660474685641
3903	5.6226547805324625
3904	5.57735368015395
3905	6.332700248491571
3906	5.362159322354798
3907	5.627971427539422
3908	5.884690971826417
3909	5.78266783065977
3910	5.756373195960962
3911	5.96535953315799
3912	6.190107381261826
3913	5.881273665886487
3914	5.891978809772006
3915	6.117520629360548
3916	6.111876505349946
3917	6.171401039810868
3918	5.830359360434464
3919	5.822636664060772
3920	6.226122325227651
3921	5.64320058902552
3922	5.643666785061426
3923	5.615109056841144
3924	5.874310174328405
3925	6.0345819850552
3926	6.026862033318439
3927	6.075933124531327
3928	6.168349561521965
3929	6.0630049840555875
3930	6.030833444243285
3931	6.019422967229883
3932	5.849948109353976
3933	6.32548925341514
3934	5.851758410488419
3935	5.9927063084375485
3936	6.316590873878843
3937	6.056647013280173
3938	5.958287726509181
3939	6.0700497144207874
3940	6.45954287198279
3941	5.996046584704394
3942	5.990941848919841
3943	6.470144401215359
3944	6.062966169954199
3945	5.64589632143369
3946	6.13295569031684
3947	5.7083872475261055
3948	6.248769484771574
3949	5.98166069726039
3950	6.368159042232738
3951	5.768107303852157
3952	5.97563018910897
3953	6.031429106767498
3954	5.776838216576224
3955	6.312488145243433
3956	6.419067212506582
3957	6.329780903589999
3958	5.8165894383115955
3959	6.16329826166075
3960	6.054853470104747
3961	5.521232796636374
3962	5.623569717935071
3963	6.194818250209342
3964	5.811228038288471
3965	6.1392560001249565
3966	6.1215502036248415
3967	6.107825505609508
3968	5.738798658613047
3969	6.21399105179701
3970	6.096936023867845
3971	5.749399326694659
3972	5.506992535975603
3973	6.0760120958824295
3974	5.972408947789585
3975	6.025861485599797
3976	5.992711875799364
3977	5.8621239671811685
3978	6.04771841015963
3979	6.047602127811107
3980	5.542859573594656
3981	5.72182929389996
3982	6.033242100774048
3983	5.905548408501569
3984	5.996933635254241
3985	5.797409729558408
3986	5.696316522131322
3987	5.756182589745711
3988	5.883320057906646
3989	5.883431129654122
3990	5.987520240768072
3991	6.133607960862679
3992	5.802530082057711
3993	5.8356097292122415
3994	6.1667390739842425
3995	5.906927105871378
3996	5.509024996788092
3997	5.866104976588391
3998	5.680637214889273
3999	6.1400578343731
4000	5.683814185870367
4001	5.63455531270424
4002	5.747836475057533
