0	46.59891928657562
1	42.12880968864698
2	43.25011829722459
3	42.369321688579674
4	42.92372112219201
5	42.24191851391354
6	42.68727305875025
7	42.582920356001246
8	43.99300482052753
9	41.8145540182299
10	42.69389257432522
11	42.04527097269785
12	43.18603246109774
13	40.7515504957669
14	40.77551306181249
15	40.91339897831665
16	42.79947886467524
17	42.63238907202267
18	41.9654437006182
19	41.37414832012667
20	42.46584698968828
21	43.3511008984044
22	42.425356087250634
23	42.18503334111039
24	42.0784464190153
25	43.40213590384454
26	43.116294103891654
27	43.21788241193013
28	42.69800980273148
29	41.85693899754164
30	42.36666581064623
31	41.04460359647643
32	42.492610323984486
33	42.83430290549592
34	42.16480960478252
35	42.91869603643545
36	41.34659078619788
37	41.34507092527031
38	41.39746990194937
39	38.564797005932114
40	40.15226162077653
41	41.47614978251289
42	41.88939731909666
43	42.059185624328826
44	42.779971571707705
45	42.9125403432994
46	43.69391901932438
47	42.057372618984886
48	40.570671197823586
49	40.447170159816956
50	39.09506371546727
51	41.97483265030606
52	41.49850462962058
53	41.84796575541359
54	41.69190083109338
55	42.282941992812006
56	40.310641395687384
57	41.1510322997222
58	42.60462239320148
59	41.432534889208064
60	42.76609175998175
61	40.80812005791165
62	42.11046341936113
63	41.196515117917194
64	38.79991189086708
65	41.704384761459124
66	42.362291519393715
67	43.37501753826842
68	42.49616363406291
69	40.65839499199343
70	40.9554240509798
71	42.95698190720736
72	40.712911963407436
73	43.78361285881643
74	44.19217647052217
75	43.63349501959588
76	43.55680429120355
77	43.629732464390294
78	45.07598984803878
79	42.886399497087396
80	45.31930889150577
81	41.41605756354353
82	43.044226355404604
83	42.539954908445495
84	41.81782229050952
85	44.26292352095397
86	41.574495346355036
87	43.29294395087297
88	43.740188320474296
89	42.941346721625315
90	43.487496830452784
91	41.290516843757935
92	40.436539548089975
93	41.371170363095175
94	39.08213775259177
95	39.032363938407784
96	42.06430562168441
97	41.027988375667654
98	43.23207099379001
99	42.76010346421599
100	40.26426970712274
101	41.53894746514138
102	40.88263639426336
103	41.47096675284691
104	43.367554562867426
105	43.84384209048584
106	43.13479477369303
107	41.48007286164441
108	42.58864562395613
109	42.99403991919113
110	43.21182380703527
111	41.53153633157113
112	43.55677779413198
113	43.57176285508328
114	40.71969319839621
115	42.39416830480507
116	42.26551555034263
117	43.10899697589672
118	43.88920554135839
119	44.61878879575728
120	41.39831790455571
121	43.040601747247
122	44.44527393995584
123	43.500561595083546
124	43.51206123743713
125	39.86603738346848
126	40.74217787249308
127	40.767599230020075
128	41.35719355826824
129	39.935905703355154
130	42.46336901409813
131	41.26997399988662
132	40.897464728270414
133	39.75693808969977
134	40.61967774246513
135	40.0376753566381
136	41.15697155992834
137	41.04050856096646
138	39.67117060263133
139	41.75990592321392
140	42.40292174278746
141	41.292238568971115
142	40.70650268245306
143	41.16077046743665
144	44.13455970487714
145	43.2394273149705
146	42.232224059539256
147	41.67381724418561
148	42.299446277173736
149	41.192721970626636
150	41.80115402518234
151	38.97551304639701
152	40.99165050305192
153	42.11011224452222
154	42.34602774203913
155	41.339082268103546
156	42.98861477844882
157	40.39230823823067
158	43.35602393358033
159	42.105964731137156
160	39.741335794329736
161	40.99463963071375
162	43.804343063915546
163	41.42985620254642
164	42.7975985811899
165	41.780028687154406
166	43.048661139594195
167	42.929000460166165
168	43.74144239220378
169	39.780010940736524
170	41.8688357432403
171	42.20057160400478
172	42.08324070025634
173	42.91036830836503
174	44.129601794985746
175	41.78674926275938
176	41.0836975057464
177	42.18047101530262
178	41.487156413687075
179	43.02705620073052
180	42.32360450788991
181	41.350663610950214
182	42.77897650848189
183	42.1264622336653
184	40.518931266062665
185	41.28102662459776
186	40.76937870651516
187	40.506287347700834
188	39.62068536734131
189	43.33725032358297
190	40.33330892974821
191	41.28773394687185
192	40.14934974608666
193	42.55875467414036
194	43.65972702327357
195	42.58487184895737
196	40.57251378911395
197	40.88517601141651
198	40.80290568005363
199	42.05749359173831
200	42.546332789472146
201	41.95731433958741
202	39.690276238212284
203	40.5935698889988
204	41.30565872226172
205	39.82958708936091
206	42.17587746922709
207	46.54525356373346
208	41.85072010896473
209	41.254806145762565
210	41.29943258852585
211	42.4041565379072
212	41.614865241578705
213	41.685048678048155
214	42.36813000116668
215	41.68367191319079
216	41.193469447555074
217	41.54551507573532
218	39.87414537440098
219	38.346619894549924
220	39.699315623970165
221	40.79135782577653
222	40.36528116233625
223	39.71913455812099
224	41.06686742067436
225	40.79681672956338
226	40.01582807821407
227	39.84423198670856
228	40.884613944986434
229	42.56485693207977
230	41.182735794231775
231	41.14407543456111
232	41.5211643105525
233	41.3197733231931
234	40.173605624702475
235	39.8864396260159
236	40.10282810682863
237	40.70555805027249
238	39.17411188686179
239	39.62035813807121
240	40.27939585565716
241	40.897776047516636
242	40.70460644924616
243	40.82669163994292
244	41.50080029163827
245	40.33409075748892
246	41.06817573406593
247	41.81802738049816
248	42.045635055828114
249	43.2839487694263
250	41.95140116615973
251	40.05177306845881
252	41.1982764577089
253	41.594300232357874
254	42.81183756058288
255	38.20887606778637
256	39.251189389017426
257	41.89500594644443
258	39.75058301373095
259	42.50514682116196
260	41.02839074365271
261	40.82230574657961
262	42.29092187966834
263	44.07272827100841
264	42.01888113217923
265	41.03838238050336
266	40.5437009664811
267	39.790278142698085
268	39.38063965536826
269	39.82967071883271
270	37.83930135982562
271	39.23066956334931
272	40.92922210332233
273	39.56562315169089
274	39.62348601714159
275	41.83240863639884
276	38.71599459408428
277	41.85511431890354
278	38.66439386676892
279	40.085272950340546
280	40.74128531576599
281	39.96598021261731
282	37.85828575437804
283	39.790817430670465
284	37.997235529003966
285	39.47481417494252
286	38.66527429377028
287	37.43261663047681
288	39.00586143305355
289	40.20554852071916
290	42.13436832034765
291	39.876841216638965
292	41.055285574181006
293	42.492653989979736
294	41.26811479742699
295	40.935752841274
296	39.37350670228854
297	39.78350356805222
298	41.75620311722354
299	40.24681211664978
300	39.486000648727526
301	40.22013987917023
302	40.12959351461269
303	38.676627219442445
304	38.239688494577166
305	41.02493752995405
306	42.14875833779291
307	40.644354355709986
308	41.371994541122184
309	38.66269642734822
310	42.734991148868616
311	42.86402924553977
312	42.855399474671906
313	42.23796885346145
314	42.415653841000804
315	44.139872091997155
316	42.56393522113407
317	40.31502105079971
318	39.78432183588605
319	40.36762048662583
320	41.51361502775368
321	43.81622880272237
322	42.61208341390274
323	40.82465700688041
324	42.556089588263454
325	41.55516714923278
326	43.0444774210055
327	41.94982815957689
328	41.48934575832885
329	42.34136679169584
330	41.9376074524783
331	43.0561979219921
332	41.49204489120291
333	42.81321132060242
334	41.703788170210274
335	43.029087774743246
336	42.172158948728864
337	43.06306119013585
338	44.138031501357126
339	42.908161305711886
340	42.1035822829058
341	43.80287798537621
342	43.94281070003192
343	43.93825754733625
344	42.193888567423826
345	42.90640704921983
346	39.71773747859336
347	41.860659788148816
348	42.57448743554655
349	42.299542442239904
350	42.6556530981369
351	41.187515699508666
352	42.606080344608884
353	42.676635972552916
354	43.099940001063274
355	40.57100453030769
356	43.453687320950976
357	40.25904908423304
358	41.663687668401096
359	42.61314520293392
360	44.32594483468687
361	44.5247342186455
362	44.25385688126173
363	42.211509760221446
364	43.022192345213405
365	41.708191862648434
366	42.74437369333234
367	40.97561648577271
368	43.19734302923911
369	41.82203259377154
370	42.69419191550698
371	43.04610694756611
372	41.89310146249633
373	41.46221938165054
374	42.9048666412419
375	39.1553267384033
376	40.42241569434456
377	40.01847436350185
378	41.07403646385565
379	41.98301893625449
380	40.96232409470146
381	41.23030087030897
382	41.08225954510776
383	41.37288414160311
384	41.84758057457648
385	40.93867963950555
386	40.48431319471605
387	43.44549029992447
388	43.166406596309145
389	42.954903668699565
390	40.230335007532354
391	40.06549749111831
392	41.822484073196456
393	42.00251506268083
394	42.32497812287945
395	41.81354212911765
396	43.75792662238808
397	40.45190863031216
398	39.966022152773796
399	42.349254812412454
400	42.196690942556366
401	42.36567266399206
402	43.57512227232752
403	40.90461777760114
404	39.882319886335765
405	41.96168945331518
406	41.2790081338666
407	43.10063511637999
408	41.89525271756073
409	44.73706165796784
410	42.245071583327544
411	41.8602600059066
412	42.359325941029304
413	42.59792070192524
414	41.07743313318274
415	44.0850807717627
416	42.022055814777346
417	41.0936793838676
418	41.49293133707496
419	41.093999689743676
420	43.32465263212527
421	43.23446304646368
422	42.6110155092456
423	41.070791872365135
424	41.62713113246338
425	42.8576262829402
426	40.91236019003798
427	37.78349101389091
428	41.0512835629839
429	41.993585010120185
430	41.34454715481029
431	40.083195543578654
432	42.382333288815424
433	42.545751819751146
434	40.12492548058282
435	40.41567015411604
436	40.72104537655511
437	43.424487707200434
438	40.413558887855636
439	42.81157036651328
440	40.90326373460421
441	41.76066207928158
442	41.99522328201491
443	41.1456354845572
444	41.40249077050397
445	42.35378671780916
446	40.80765034347236
447	41.687182680554336
448	39.77400656424962
449	42.653988929797244
450	41.609244325068836
451	41.95993608401407
452	42.47009455815897
453	41.847482496063996
454	42.65527614125582
455	42.581321026456195
456	40.99124798857432
457	39.10988101165269
458	40.555394309266966
459	40.95756616202449
460	41.587417577397076
461	40.450898609127236
462	41.5809211119914
463	39.97043388918348
464	40.51079421582341
465	40.72723112220518
466	40.583091895731506
467	41.051506691769355
468	38.86988802385542
469	39.91054408248178
470	39.54172970939895
471	41.051930802402445
472	39.199822721471904
473	38.48685078069558
474	40.30828493406297
475	39.66866657557563
476	42.80654444106288
477	40.47591299841406
478	40.42067869087117
479	40.02321670446923
480	38.778044937678594
481	38.15482948292788
482	39.62661180346256
483	39.95686839437451
484	40.10685069350547
485	39.95304998933103
486	39.897965581373015
487	41.11017232375657
488	40.28360127733865
489	39.07475978921766
490	40.00212509226434
491	41.9888771799626
492	40.985964362067094
493	40.68719884892967
494	41.43980575151087
495	40.63861390206547
496	39.9766106613534
497	38.579220630973985
498	40.48975927988822
499	38.94961944258127
500	41.07001163580213
501	41.20753499434592
502	41.334199422891956
503	42.98593724907958
504	41.65988626171653
505	39.14707486418101
506	39.20433980002154
507	42.57515559343584
508	43.312924869753104
509	42.20887709844372
510	42.19915980392097
511	44.185785917283056
512	44.367476060070466
513	42.44077835731492
514	43.10717149873002
515	44.23760065667411
516	43.847603935135616
517	40.943080313026655
518	41.65731997730687
519	43.19311170730727
520	41.81938196728159
521	41.768766921386
522	40.48788502091365
523	40.53040237040692
524	42.32182202699352
525	41.59047460579147
526	40.03073856204422
527	43.27525825139657
528	41.72312745705273
529	41.0110581766641
530	42.58125734634845
531	44.01381504559573
532	43.98641284065759
533	43.355346631845
534	42.20763578882188
535	43.128121896257234
536	42.93389864691098
537	44.814395929535614
538	42.89439542694684
539	41.25387268831614
540	42.755862439002016
541	43.84376298403737
542	44.37365870175001
543	42.96070834857979
544	42.752508452092066
545	43.936784018144074
546	44.30950704449678
547	44.85655956914384
548	40.36233144317805
549	40.34197513919561
550	42.6990877574267
551	42.141907559930594
552	41.603136492192064
553	41.725858868876664
554	41.60478258265993
555	42.521643580352354
556	43.276143135437096
557	41.716305451074135
558	42.332979693080105
559	42.809261109906124
560	43.702905719211515
561	43.190427909798544
562	42.995446296647636
563	42.948470565332705
564	41.79423840533393
565	43.58210899477065
566	43.71941119454604
567	42.86405622537385
568	41.729812082976274
569	41.31696112780562
570	44.120086699432306
571	43.2764981086718
572	42.14595754533736
573	41.22671816524645
574	42.60717459571393
575	41.67875685488546
576	41.34186154321623
577	42.06515684537359
578	39.73876235101183
579	39.60951469875781
580	41.431378294969726
581	42.37095900880619
582	42.83305647475016
583	42.40907196923845
584	40.76442723568001
585	42.350416505998766
586	40.87723973229761
587	42.460778451419216
588	41.389792601151115
589	43.480277309232264
590	41.90765629435405
591	42.74249643752495
592	41.60754755703317
593	41.602629471951325
594	44.36031908983162
595	43.429766630801765
596	43.688351405960496
597	41.041701445133185
598	42.54199308695437
599	43.17353031972821
600	42.86963580755996
601	41.87642041170653
602	41.981556281977966
603	42.43893040678113
604	42.55585349276863
605	42.25850469984033
606	41.201392231613696
607	44.172321777302095
608	43.567573614141764
609	43.563675562780176
610	43.71168992704379
611	43.04868608540145
612	43.34163035774841
613	42.820923129657075
614	40.07173562321727
615	41.991124249790616
616	42.294912587498146
617	43.342289398666445
618	42.43724419692195
619	40.59576818364478
620	43.195427447646665
621	41.90678731919657
622	42.39066825286698
623	41.123741166956606
624	41.492162668436706
625	39.908030955811746
626	41.51015580671066
627	41.03884465115187
628	41.77731866628026
629	41.7780944125035
630	39.28908788396585
631	40.922480658538845
632	42.49525154561755
633	41.305589720584834
634	41.74839866279354
635	41.82925058562794
636	41.43600932789629
637	44.92755190678981
638	43.95974220623807
639	40.00566205588507
640	40.411945719812536
641	42.24660003487144
642	42.14125704668641
643	41.53064519669114
644	43.95055957366765
645	41.87907148097072
646	40.50426614957244
647	43.04574517699547
648	40.3664160616038
649	40.577411375198245
650	39.5179667614011
651	42.090604850157796
652	41.330541446388146
653	41.12247012871032
654	42.875646865574886
655	40.7035078071923
656	42.8785652614385
657	43.34460083911268
658	44.09180122795394
659	44.809183616225226
660	42.68261159260186
661	42.91423154482993
662	44.15224672807584
663	41.854446816357644
664	44.12385244189016
665	43.28277425363621
666	43.4271187759049
667	41.697816673016696
668	43.80161382339191
669	43.220899706026536
670	41.861490226843365
671	42.720878451035944
672	42.996423003773835
673	42.79244905954542
674	44.50805012783991
675	42.30820187894668
676	42.70275025993887
677	46.52729371642637
678	45.23499948241699
679	42.290736172139034
680	42.99777429859043
681	42.35653244560095
682	42.1255159597034
683	43.53576769475042
684	43.049320248764374
685	43.59487863861494
686	42.9234901464956
687	42.35109312896826
688	42.84378544327488
689	41.15270885886463
690	42.5387417068462
691	42.9080726640722
692	41.85968527855046
693	43.51713518999997
694	43.33845041625833
695	42.539551157741506
696	42.93866688470101
697	44.75823656754863
698	44.601943966550586
699	43.17712929173033
700	42.60045342351809
701	42.812384482016206
702	44.99224306696994
703	43.72559795445286
704	43.38549565378925
705	40.84266253108193
706	43.06099377404051
707	42.95612015287063
708	41.01858874741458
709	43.036601846989385
710	43.59907234653878
711	42.9165244186973
712	43.59362798028249
713	45.00174630122185
714	45.44184884171043
715	43.02552052991784
716	45.59152764367686
717	44.40979809450458
718	43.571528839643506
719	41.64644224086672
720	38.42718746907355
721	40.10896528323688
722	38.654718581968424
723	42.113581582063205
724	43.207913710491304
725	41.09193070733178
726	40.02705909418046
727	40.01340785830202
728	39.79588769128322
729	41.69554916470291
730	39.953646208708264
731	40.205740317979746
732	41.276174674434614
733	43.04289062556878
734	42.48732428331913
735	43.601734051181346
736	39.7880766171962
737	41.53673359646016
738	43.02032387189579
739	41.04041227946805
740	41.66971917124626
741	41.82516063691158
742	41.97938060311384
743	42.556008530502226
744	43.18702856397809
745	43.900997997830075
746	41.55699519647119
747	41.461510300891966
748	41.65632273315353
749	41.43211656892294
750	41.420850889265616
751	41.96434425397304
752	43.26071037736199
753	43.02670016851901
754	42.24902514392876
755	45.89431089163787
756	44.937977025168706
757	42.83811510460872
758	46.18925487922482
759	44.01753798347245
760	44.84645409527655
761	45.88193740302688
762	42.44590308293421
763	45.252279414250204
764	42.441523249744435
765	42.646435031966284
766	43.632599947816345
767	46.19778072416104
768	42.868037274777535
769	41.908943497453116
770	43.22195909641426
771	43.05062734707197
772	42.63169211529825
773	43.67258885655835
774	42.87465907423266
775	44.29297250917454
776	44.97241686549873
777	42.085466829075976
778	41.805908386028634
779	42.585304697239685
780	42.716487956191365
781	42.227414086322554
782	44.10493977925293
783	43.311244104008836
784	42.12826477344852
785	43.41807503209408
786	43.632257936567456
787	42.440261076101805
788	43.887986971002505
789	41.6297705201924
790	41.017636386721165
791	42.35117290414858
792	40.356771922496115
793	43.05954067372128
794	42.38280388602596
795	42.73508824893485
796	42.72083966608575
797	42.78307551667891
798	43.878359278553596
799	40.41180557824265
800	40.57930012930008
801	41.5849112476309
802	40.97711184304915
803	41.99903419576178
804	42.586303309199174
805	42.961284640603466
806	41.8208792428191
807	43.362102978195985
808	42.86472345768952
809	43.22709718780791
810	42.636384673974845
811	42.31981922335714
812	40.86220736778112
813	39.01485374510333
814	39.92945093879073
815	41.218693110688584
816	41.63998421880169
817	43.186281954219666
818	40.89825129384199
819	40.4493851360229
820	42.3126909841353
821	40.275438003238875
822	41.13014112733501
823	41.36413106328432
824	40.54307685785783
825	41.205330190636104
826	42.687698708241506
827	42.457665050545145
828	41.08950576476107
829	43.71292788369423
830	43.70174187498771
831	42.50610244290977
832	42.91712088830952
833	42.22243005365968
834	43.24119893816828
835	43.63833092633679
836	40.68050523475302
837	40.23939241951326
838	42.84490589265882
839	39.77955125630723
840	42.52123917321458
841	40.558128931173236
842	41.629843442398496
843	40.59392143891296
844	40.00295785123233
845	40.53423752526435
846	40.176591550799735
847	42.085834020117545
848	42.10040551325357
849	39.7414579785173
850	43.28750219534358
851	43.65136549608265
852	41.75348002335133
853	41.57561759263759
854	40.35775344853012
855	41.6436457327901
856	42.00892001527131
857	41.614577980100066
858	41.48407073628713
859	43.27023865198083
860	42.33687701002178
861	42.237152456205536
862	41.88717966118362
863	41.478887750739666
864	41.19603495801271
865	40.40567364063013
866	41.258883886674425
867	43.8260686731019
868	42.44977941545859
869	41.56605513566329
870	42.11932721961896
871	42.97773777377738
872	43.08439562161797
873	40.627958781147825
874	42.76230250614471
875	41.02220469780571
876	40.62743162878027
877	43.30071528464337
878	42.43192722951378
879	42.32962273156639
880	42.609572169491386
881	43.849372749754444
882	43.22538685280737
883	41.64778347906829
884	42.28380762207266
885	42.85942389064781
886	43.23489387198388
887	42.80767778992535
888	41.639631781649555
889	41.15680326261047
890	44.31136283738125
891	42.69491897092521
892	40.18934469845475
893	39.92240636175137
894	41.57313361242977
895	42.95625865914452
896	41.82673063393576
897	40.78020573403794
898	40.51149403578123
899	39.21666087281033
900	40.46351391903447
901	42.260766322105795
902	39.539384675954224
903	39.71804270019771
904	41.868651068653115
905	42.10163344093939
906	42.84538926433422
907	43.8531530470666
908	41.840232899241784
909	42.31028892682944
910	40.96232755745578
911	41.93340964941728
912	41.77369049797022
913	40.26701874428995
914	39.017471152985
915	39.95372490800259
916	38.08483387601703
917	38.875568608933214
918	41.66894949550605
919	40.262910912179954
920	41.11808847585301
921	38.56576030322225
922	41.055495638343004
923	40.473647883369864
924	42.20188332577051
925	41.95958545276049
926	42.05488024734251
927	40.704849446923596
928	42.63694226851491
929	39.58298642704104
930	39.92551717914824
931	40.0014515834702
932	38.50340029649313
933	40.424023962977884
934	39.45749357170315
935	40.69570166132718
936	39.77160518434907
937	39.73551302891508
938	40.02281764206517
939	40.353535105974395
940	41.473831916339655
941	40.27972047456909
942	43.720214937339364
943	42.05863603897706
944	43.54888112222855
945	41.402994089477545
946	42.086107731795245
947	43.303585283188376
948	43.56497312480869
949	40.49765588646974
950	43.896134229091906
951	41.441206657680425
952	40.872978534416035
953	41.72634809604129
954	39.21596348226235
955	42.787428985610816
956	41.26470310467874
957	41.06612102110357
958	41.380191260183864
959	39.63955653017678
960	42.09931386575472
961	39.497434758105804
962	41.22668645158393
963	40.44812965259216
964	42.466754292462056
965	40.531055167459215
966	41.0167838310115
967	38.89166959943385
968	39.76776349792029
969	40.867298145364295
970	40.96605657616163
971	39.427491020769246
972	39.58204874557317
973	42.61101652344657
974	44.0905983267143
975	43.25069719450919
976	42.78465195956889
977	43.94591260808267
978	41.71896611517983
979	44.36539788516446
980	42.67603841159532
981	40.82993542283238
982	42.89572635104031
983	41.973704963003854
984	41.6038979499101
985	41.68885119097923
986	41.88132856478405
987	42.68341435113403
988	44.092747593524656
989	42.533664887484676
990	40.39567943316309
991	42.488898206274534
992	41.23234054814233
993	40.64120974594418
994	41.21141961471848
995	41.02008939451105
996	41.3276062715124
997	39.495817837752384
998	40.28632545007014
999	41.14739670760835
1000	41.19979347917298
1001	41.754770353613054
1002	41.48981580246255
1003	42.43630325740304
1004	40.68204681185021
1005	41.82486828504788
1006	42.78849676388942
1007	42.12809132280988
1008	43.036395657473726
1009	42.32440624761583
1010	41.34751428823849
1011	39.11524340897946
1012	42.482311847488816
1013	40.45815167906691
1014	43.307039292415055
1015	42.42784385993624
1016	43.459043664175454
1017	42.055643988731404
1018	40.45764392276006
1019	41.897771877265285
1020	42.56387707859867
1021	42.39961657471771
1022	41.60859268122967
1023	39.32352237644154
1024	41.8198334823844
1025	43.556581872929804
1026	42.35932572094623
1027	42.38935806641438
1028	40.66340747523204
1029	41.09148317748456
1030	41.30441603470752
1031	42.496990310547176
1032	41.64918752688294
1033	39.49412655585956
1034	41.66252977401822
1035	41.27058340221214
1036	41.86304944033814
1037	40.6490620430652
1038	40.36224607406743
1039	42.366156330968785
1040	40.03644949381444
1041	41.70369249385121
1042	42.59522888537556
1043	41.328550793040506
1044	44.221545133157356
1045	44.58145965249369
1046	42.93498753108078
1047	42.76880125652474
1048	40.34459345002397
1049	43.41888306416889
1050	42.81869618906918
1051	43.259651946329086
1052	43.070486875079396
1053	38.9790222150119
1054	41.51423779444895
1055	41.820637745902836
1056	43.94576136132075
1057	42.46287188863545
1058	39.623855721930525
1059	39.92251636832802
1060	41.54340048087016
1061	42.177454914116076
1062	38.90308835255706
1063	42.15366434787439
1064	41.815960073829714
1065	40.14077546659485
1066	41.33155891017029
1067	40.92595085496323
1068	42.695701480906074
1069	42.50862746574854
1070	42.42212911216343
1071	42.4884987600017
1072	42.73846263954593
1073	41.09710701927693
1074	42.581039083517275
1075	40.03498672146823
1076	41.24642450880751
1077	40.24332249817515
1078	40.87004943313988
1079	39.111271313860556
1080	39.490674879892765
1081	42.162349840580774
1082	42.31184176085901
1083	41.13455422226545
1084	39.15492523013462
1085	40.67580858482746
1086	41.45158130186669
1087	39.59018784835349
1088	41.52415691799717
1089	40.068747649861905
1090	40.93437154084892
1091	40.39704462688894
1092	40.817642782165734
1093	41.99328274712922
1094	41.75593886306923
1095	40.8585141384094
1096	43.3805875085876
1097	40.98947970167831
1098	41.818065883534466
1099	43.547019884126556
1100	43.36111480225919
1101	41.21528937688678
1102	44.008826537248716
1103	41.27763398172721
1104	41.80705211385041
1105	39.71207793742761
1106	41.65852524797014
1107	42.85026652604681
1108	41.64010398486157
1109	42.02204306468823
1110	41.88453108806777
1111	41.10471820892572
1112	41.508009636898585
1113	43.71659372971875
1114	43.893614794049086
1115	43.451965673477595
1116	43.86494246163634
1117	42.82988714636297
1118	41.32540962130708
1119	41.147362411889254
1120	42.73649288867751
1121	42.7999913467477
1122	41.651457253051575
1123	41.08588110876317
1124	41.99357278718622
1125	41.82353952829781
1126	43.68674291695953
1127	43.000288653287676
1128	44.29515030573647
1129	42.884386198361064
1130	43.042952141849305
1131	43.764862199916486
1132	43.158439811559965
1133	44.54585038093721
1134	43.181679052822666
1135	42.20493457496851
1136	42.895473427337606
1137	41.64912172706043
1138	43.47501236355521
1139	43.76910175090839
1140	43.24104983729951
1141	44.28476490248079
1142	41.29031036742162
1143	43.33083270120232
1144	41.323804896066285
1145	41.62556582324002
1146	42.86039907138493
1147	43.67556107157935
1148	40.6590675533708
1149	42.36099506618768
1150	41.29124176031125
1151	41.00521122249278
1152	41.252258865353134
1153	40.82697183954364
1154	42.280078977919
1155	41.74703397628174
1156	40.51044593109378
1157	43.13095633017595
1158	38.89043827626807
1159	42.78031646500084
1160	39.91037273054761
1161	44.390495771163216
1162	41.381762851318534
1163	39.265455020052606
1164	40.71480335598297
1165	41.09059477101183
1166	41.68740852576192
1167	43.4294008720787
1168	42.500970884415636
1169	43.212855821117444
1170	43.084454831950644
1171	43.042335051384626
1172	43.63609564724925
1173	42.17100272674654
1174	42.15106988416482
1175	42.97120162563671
1176	42.16705657055133
1177	43.48538800298923
1178	44.03309286068526
1179	43.57435786357103
1180	42.563592980851396
1181	43.9261103392978
1182	42.815839101958346
1183	43.35181863619588
1184	44.160393258113615
1185	43.02097490209741
1186	42.608298211096795
1187	43.51688482421742
1188	42.65593737383708
1189	41.375717925411294
1190	41.86172840522052
1191	43.24661402892925
1192	44.00366739181929
1193	45.14804671895305
1194	44.78501971206396
1195	42.61685503394572
1196	43.85966695052632
1197	42.57064868830028
1198	44.07728687447108
1199	43.131970187402594
1200	44.73212628782359
1201	44.553954921450476
1202	42.860622609132214
1203	44.900470735856416
1204	43.84866303787208
1205	42.18649398842037
1206	42.60132594727416
1207	44.17314057768978
1208	44.48745989732265
1209	43.550870553126735
1210	42.841713220480045
1211	43.25543085287812
1212	44.43501218575442
1213	42.37832368962732
1214	43.8275097437866
1215	43.2317241445547
1216	40.41834484276781
1217	42.52047210309116
1218	41.67401584746288
1219	40.75289602477716
1220	42.260807602713705
1221	43.33977385699083
1222	45.07694683022895
1223	46.52013244993977
1224	44.933033460237276
1225	46.84382789233824
1226	45.70859647590222
1227	46.705525192899614
1228	44.516535818266746
1229	44.16555463540722
1230	43.655572257466275
1231	44.209630876249086
1232	44.38559409136461
1233	44.51639744233281
1234	45.65422069406082
1235	44.31907915198685
1236	43.34262211356758
1237	41.57664149817315
1238	42.599334120789024
1239	42.11920583952401
1240	43.469604353701634
1241	39.676057831804876
1242	42.12005526144287
1243	43.585901512722494
1244	41.78805134731835
1245	44.411281484006196
1246	41.29090808299006
1247	42.169012733983074
1248	43.76983069731392
1249	41.11198931257338
1250	42.83252208817972
1251	41.385853094136856
1252	43.2558926402335
1253	43.250188595250414
1254	43.49019843611604
1255	45.52674234659774
1256	42.61670697048078
1257	44.2869128343414
1258	44.95743877174538
1259	44.97353921529874
1260	44.88442079849521
1261	45.6587134894966
1262	44.45284085952283
1263	44.194794735194
1264	42.89535476187242
1265	43.35131063830214
1266	42.699446359330985
1267	43.012557230888106
1268	42.60503873517607
1269	42.122570920365135
1270	44.29083486986872
1271	41.5503021972263
1272	44.86756366130593
1273	41.03923622818467
1274	40.81583051793007
1275	42.5695866881942
1276	40.85648046041768
1277	43.44623981471969
1278	40.604264514928886
1279	42.60632909556827
1280	42.31959350271032
1281	43.02163171909388
1282	41.82001754725772
1283	42.18410077177921
1284	42.25801990611392
1285	41.071477945142796
1286	40.74495482231735
1287	39.033467546685245
1288	40.8935214874742
1289	41.934863138926275
1290	40.97693801166348
1291	41.669944431512114
1292	39.25446398272806
1293	40.05292267798113
1294	40.30038704500411
1295	40.33225824867294
1296	41.51235233688987
1297	41.99172469095195
1298	42.841837432191284
1299	44.24962778033693
1300	41.933035772555314
1301	44.47912462073683
1302	41.79197562544466
1303	41.899123981976764
1304	41.638931258645826
1305	44.29393188027982
1306	43.257920404487095
1307	44.5929157277196
1308	43.62141074399155
1309	42.329343238393136
1310	41.52312629829027
1311	42.14947940089947
1312	42.18747875166663
1313	41.546539641346875
1314	41.301282173544024
1315	43.44035306931952
1316	43.02677521827701
1317	42.926021712898
1318	41.521573915846744
1319	40.689237395255866
1320	41.36769115272202
1321	43.08601432438863
1322	41.65239385477151
1323	41.39591586681542
1324	42.76696758353686
1325	42.42197491655876
1326	39.793905089989195
1327	41.63936100612964
1328	40.96213769151132
1329	41.41211036133798
1330	42.40965877701288
1331	42.676469915863535
1332	41.50461587139674
1333	42.85262091282421
1334	41.44977954568975
1335	41.447014023770414
1336	42.91210555292967
1337	38.52782519751871
1338	40.501787484733995
1339	42.06283261492154
1340	42.23205879340116
1341	43.798046703671346
1342	42.67648450159321
1343	42.76374191055911
1344	42.467460383635725
1345	41.50557987157218
1346	41.44212488173459
1347	40.42547410091702
1348	41.48661477180182
1349	40.876889765606016
1350	41.44081313221864
1351	43.18409332723087
1352	40.84873533571674
1353	42.20561431221022
1354	42.8710100023854
1355	43.13914305840955
1356	42.923771704744404
1357	42.788031277483164
1358	41.56101859176815
1359	44.497483714081675
1360	40.4211043149557
1361	40.65776955551604
1362	41.57446165552631
1363	40.63980513993653
1364	43.05886357949843
1365	41.873840114668596
1366	41.25305933713201
1367	39.90420230122573
1368	40.01402133713035
1369	40.57153415124258
1370	40.858798593460584
1371	41.00299033920836
1372	41.62522301933092
1373	41.76792626313318
1374	41.433123984268754
1375	40.895701236123585
1376	40.59220387142964
1377	43.70796054306975
1378	41.85764045453331
1379	41.76144705377325
1380	42.45462961505446
1381	41.59721422545653
1382	42.8829725648399
1383	41.79406422383615
1384	43.61231579977178
1385	41.57465758770047
1386	42.660739567320554
1387	40.861240041270285
1388	42.822664119802546
1389	40.54558976042682
1390	41.059116590594066
1391	41.96221780468507
1392	42.43150854738458
1393	42.973987460444086
1394	41.45777229347227
1395	41.360494174521364
1396	42.52408879949393
1397	42.184950348508124
1398	41.52598811576588
1399	44.71238007641499
1400	43.715269452659506
1401	43.44722118260208
1402	44.25608944920097
1403	42.902680292377035
1404	45.537226388388746
1405	45.12205086335161
1406	43.39297372870068
1407	44.92204413742748
1408	43.05911620074921
1409	43.93824346062028
1410	42.64013015298581
1411	42.09405455555767
1412	43.73765720713361
1413	44.366951192893566
1414	43.8286679299668
1415	44.272738844735926
1416	43.79556290316657
1417	42.94988830952549
1418	43.482342038316936
1419	41.97777754481026
1420	43.87304168711672
1421	43.33419568432617
1422	44.22479646013545
1423	41.375243529474496
1424	42.71739320420513
1425	44.32639416255007
1426	44.38541226189632
1427	45.409930298951
1428	42.50735057127258
1429	45.78927536492848
1430	45.19044161284128
1431	44.33956703868739
1432	44.078862658426345
1433	43.50070772757553
1434	43.075321703786415
1435	41.264087414295645
1436	43.302160530932696
1437	42.73895567215562
1438	43.4959875868705
1439	43.36387299805655
1440	44.049652405829214
1441	42.67105046478481
1442	41.53480210030028
1443	43.3444937815915
1444	42.37335366022264
1445	43.08184803066538
1446	41.207657554760274
1447	41.525218002429845
1448	43.29882904508506
1449	43.28551595251053
1450	43.86172394752697
1451	43.23467251878971
1452	42.09702586295132
1453	41.68409190256064
1454	43.006667251432006
1455	42.830995462074775
1456	42.47685961903499
1457	42.87983406775858
1458	42.83207509640456
1459	42.37790566249541
1460	45.37052630504565
1461	42.56939950969223
1462	44.28904454846857
1463	43.7794819868659
1464	45.220460184453145
1465	45.13461009647748
1466	45.9383108679013
1467	43.76567738492583
1468	44.24112267872232
1469	41.371837641954635
1470	44.55502692397047
1471	46.12064764665248
1472	42.56135032493618
1473	43.41424827318074
1474	42.428371265098534
1475	42.442630165637475
1476	41.21902113884218
1477	42.63607181545832
1478	42.515968839099756
1479	44.9807940504509
1480	41.761742888842754
1481	42.01418767900423
1482	45.469778300823265
1483	43.63659047252206
1484	45.807337598931554
1485	44.86270122408453
1486	43.712808385621095
1487	44.78888003287228
1488	44.33788027655996
1489	45.309387038374425
1490	44.44953321563288
1491	44.09644550475637
1492	43.459585154227526
1493	44.50597899809026
1494	44.71681941529162
1495	43.20799829436245
1496	43.97318523391443
1497	43.30317494239006
1498	42.16903623798151
1499	44.335918666339296
1500	42.18718549203969
1501	44.09606400234214
1502	43.941382276108435
1503	43.106934562200074
1504	43.06534103615879
1505	43.77360633026004
1506	43.74850707851722
1507	45.23960381664926
1508	44.16484005528348
1509	45.05640949477458
1510	44.78389624881282
1511	43.645922230851845
1512	42.97068465080023
1513	45.77595030301525
1514	44.39680760892932
1515	44.0685105134578
1516	44.0155981012323
1517	45.58394162071355
1518	43.75152223412588
1519	43.53933971117605
1520	44.51574351071374
1521	44.617774500550254
1522	43.07813312197569
1523	44.02084548192194
1524	44.78228058425178
1525	44.361407496052855
1526	44.08634611946525
1527	43.144884864644965
1528	43.975921982000635
1529	44.009888225390924
1530	43.711436519860904
1531	43.772851811358784
1532	44.21046202476707
1533	41.53868314235717
1534	41.96700331586808
1535	43.64169245647576
1536	43.68305816223395
1537	45.56369683591304
1538	45.96580714648962
1539	43.71520970971007
1540	45.46067740503915
1541	44.478946847563385
1542	45.26907356843457
1543	42.90381979247937
1544	43.274894313455455
1545	42.42956624837622
1546	43.16978464895197
1547	43.54933933779621
1548	42.69733933352081
1549	44.16177694530315
1550	42.47872662032998
1551	43.6081431897698
1552	44.253350606115546
1553	42.18880289953768
1554	44.10177785003534
1555	44.12419794880309
1556	43.18808381433413
1557	43.04974082756113
1558	43.567424813236535
1559	43.56923601155162
1560	43.38280774415582
1561	44.76438331673465
1562	42.44487180191981
1563	41.594119228415344
1564	43.490344144210155
1565	43.40249056290128
1566	42.10988151424238
1567	44.83052703100685
1568	43.52925185661333
1569	44.254160699791136
1570	42.5663552577354
1571	42.92592562729794
1572	44.426709109322104
1573	44.35907898111153
1574	42.81046969847785
1575	40.912586782770546
1576	41.50149205189022
1577	40.55881453310835
1578	41.34284407251117
1579	40.28583272578209
1580	40.624187177716756
1581	40.798364107931384
1582	42.22650543090542
1583	42.72602214440305
1584	43.81034782647477
1585	42.701591808006576
1586	43.01561475057026
1587	43.51529589820768
1588	42.656583047659275
1589	43.405053311127375
1590	41.92632763390553
1591	43.63402226617018
1592	43.49861352238501
1593	43.35008448726108
1594	43.249585218044324
1595	43.5600094615217
1596	42.790594271599865
1597	40.58657281066541
1598	42.95256797666083
1599	44.507509810594705
1600	43.72168486551222
1601	43.238007632027205
1602	44.72291135713938
1603	43.302452686498945
1604	43.39768785703286
1605	44.588946922039526
1606	42.515618790449246
1607	42.57966511227521
1608	42.60877479232354
1609	44.85493541781527
1610	44.37146230988071
1611	43.263603046515364
1612	42.840263403900266
1613	44.46946692708877
1614	42.289180388150015
1615	41.83862869185573
1616	43.498553726926694
1617	43.689673932383535
1618	42.70000789046524
1619	45.303459717400294
1620	43.01498265246585
1621	42.56701580723139
1622	41.497006831052964
1623	43.72023669800623
1624	42.250290453557206
1625	43.28465707417426
1626	40.93966588549602
1627	41.5036052971826
1628	40.75523242336099
1629	40.43480255427777
1630	41.35888201380344
1631	42.08738058755962
1632	42.126824590055506
1633	42.378645269693
1634	41.61725921941905
1635	42.60974527505184
1636	44.39102465094464
1637	44.31121018266918
1638	40.67365684140567
1639	41.43602675750876
1640	42.28558836523492
1641	43.94434813878656
1642	41.03962622398408
1643	43.0818913863144
1644	41.22516804044476
1645	41.6551667096324
1646	41.90976922970122
1647	42.1270163890608
1648	42.656774230760405
1649	43.37027573725115
1650	43.10730536202044
1651	44.00951143167067
1652	42.31149808977091
1653	41.413223216553035
1654	41.4819208789884
1655	42.31335380587775
1656	42.28579748414545
1657	41.35659237025484
1658	41.27159932757402
1659	41.538698567806904
1660	41.75739910346109
1661	40.13691678924717
1662	41.049246727405944
1663	41.53152585566771
1664	42.622252502846244
1665	39.650642258474775
1666	39.35050728360181
1667	41.786970900775046
1668	43.398160512535824
1669	42.343407663376055
1670	42.21918304945116
1671	42.142316966377045
1672	41.6361282081107
1673	41.49813405162771
1674	42.22306264902346
1675	43.10219257430674
1676	39.373085399665044
1677	41.256750368192584
1678	39.67574739780185
1679	40.75241211740483
1680	40.77570779923364
1681	41.25236881060735
1682	40.8387960697754
1683	39.43404687563301
1684	38.611258014621434
1685	39.02470244475078
1686	41.27028230540211
1687	40.315468243487096
1688	39.319539681905866
1689	38.887325486483824
1690	41.595152156009476
1691	39.70648241591418
1692	41.8434155696834
1693	39.89083776045542
1694	39.31610445638641
1695	41.48400593763386
1696	40.26468459630135
1697	41.26210970090682
1698	40.37310482975119
1699	42.46860743374908
1700	42.05142764926518
1701	42.36621425864724
1702	40.53784918411043
1703	40.99083569803441
1704	42.52996075994574
1705	41.613059656082314
1706	40.14701093527173
1707	40.22749524427612
1708	40.34953532950176
1709	41.775069440741305
1710	42.17829726465213
1711	39.564871031990855
1712	43.037478910274416
1713	40.95622248811155
1714	42.01398649509492
1715	42.36412720568078
1716	44.162877324357744
1717	41.93777926766281
1718	43.63590496871262
1719	43.57592635430294
1720	42.67100947844805
1721	43.902291087265205
1722	43.25248127128309
1723	43.92489554239191
1724	41.89243081570208
1725	42.16639987863734
1726	42.52979925639156
1727	42.80613615219055
1728	41.430408105124926
1729	43.63174387856283
1730	42.500883282195225
1731	44.03698933046409
1732	43.844390242854516
1733	43.500841061751785
1734	43.24033866761059
1735	40.35961116092369
1736	43.511283413766776
1737	42.49181119090124
1738	42.57018514221466
1739	44.185012772833815
1740	44.49572238991243
1741	44.24246969669629
1742	41.88235023932527
1743	43.35446821908518
1744	43.47399245357672
1745	42.677899721041776
1746	41.81012613556274
1747	40.903319348167784
1748	42.055105007796335
1749	40.88083092166577
1750	40.881811391372125
1751	42.83009884897519
1752	42.98577715137693
1753	41.04832208095752
1754	42.01118976230722
1755	39.079398880089755
1756	42.67005932550193
1757	40.29796438913988
1758	40.852349177679336
1759	41.45335594445145
1760	40.80216342788058
1761	41.96633983111522
1762	41.390842112385165
1763	42.708038847778816
1764	41.532234400953215
1765	41.60679079368121
1766	41.00268125804575
1767	41.40471582106516
1768	42.54914435895905
1769	41.85064883029453
1770	40.93714702383299
1771	42.652419630757585
1772	42.18170907606149
1773	42.43935155620069
1774	42.6379637615739
1775	41.98453570250228
1776	41.43242909130243
1777	42.75971625185975
1778	41.49634617837552
1779	42.398482819942686
1780	41.510274702268745
1781	41.80361515964012
1782	41.37975185218844
1783	42.9054542377491
1784	41.40381443047644
1785	40.698543870921924
1786	39.78619149726202
1787	42.30795988121297
1788	42.817319076698
1789	41.67142844989786
1790	42.302299072006065
1791	42.492935958592824
1792	41.379772578876995
1793	40.9860157359841
1794	43.14049699906416
1795	43.088891486591976
1796	40.98068186509515
1797	41.38655066965596
1798	40.17930880720394
1799	42.394632551102454
1800	42.852848488154116
1801	42.37855830001621
1802	40.34409037978245
1803	41.082602026255714
1804	43.45020242237636
1805	43.55650727253426
1806	43.267779237686746
1807	43.81278995322002
1808	41.65646537369541
1809	42.62555410929279
1810	43.005262350026676
1811	40.912116876111924
1812	41.79280725321419
1813	40.71174555557732
1814	40.47730565069379
1815	41.440908997987854
1816	41.8384094829197
1817	40.438336631358396
1818	41.79014204303995
1819	40.54120165995215
1820	40.44240163147271
1821	39.7533042025693
1822	40.221097616767636
1823	41.39353072281559
1824	41.894842929945995
1825	40.43167153060318
1826	41.30390784243738
1827	43.199034858837905
1828	40.96824854123878
1829	43.063652273748204
1830	43.65273805818787
1831	42.41650600102177
1832	43.93184870388877
1833	42.85224702913673
1834	41.37139961725897
1835	43.29824480048227
1836	42.60758599217741
1837	43.47715438061674
1838	42.33145015182832
1839	42.41594732387631
1840	43.47678661949699
1841	43.89562921381916
1842	44.32440494690228
1843	43.51016124482582
1844	44.64615972061856
1845	43.22015980260082
1846	41.85263750559901
1847	43.17590893272099
1848	42.53629435657685
1849	43.67116938201398
1850	42.62209817993791
1851	42.47283039408184
1852	45.09903003667742
1853	42.443600470295635
1854	40.26384474060249
1855	41.98585315992224
1856	41.29787004738162
1857	41.12802777830923
1858	44.66739570163966
1859	41.51491612836751
1860	41.51845151924681
1861	42.41756422696572
1862	42.2925253380709
1863	41.725752950834845
1864	41.56252436888646
1865	41.67935986183125
1866	42.33534320949415
1867	41.03673414934862
1868	43.36799426536013
1869	42.52630956843937
1870	42.162725177482635
1871	41.36433911567593
1872	41.85548131232842
1873	41.27075724441535
1874	41.640929183112604
1875	42.89353638697288
1876	43.806256063611954
1877	41.846424029336255
1878	42.38063143922344
1879	40.96922778571322
1880	43.277590434181576
1881	42.399504800895635
1882	43.762636629897216
1883	43.42454639102897
1884	42.767634025588634
1885	42.20667829614331
1886	42.19523738005396
1887	42.50146852694195
1888	41.77877102140353
1889	40.81628485186767
1890	40.82512346688716
1891	42.43681445143029
1892	42.235034342459784
1893	43.07062028028918
1894	41.868728989684435
1895	43.37572067881116
1896	41.78729237851286
1897	42.41321915266845
1898	43.70427166920179
1899	41.50957282460227
1900	43.19235977156198
1901	41.15898444366803
1902	41.297562683104196
1903	43.335950032595235
1904	42.28887412400263
1905	42.17584293307581
1906	42.38970534861915
1907	40.03069375884358
1908	41.858408999060494
1909	41.054804687699836
1910	39.78073962461201
1911	42.32264717432106
1912	41.17005342497222
1913	42.391995936562466
1914	43.03203366970106
1915	42.50871378438805
1916	43.90024172585034
1917	43.69292626834168
1918	41.84955895131542
1919	42.55865199291857
1920	41.471816891805865
1921	41.680438289515045
1922	41.69496070881003
1923	42.39819109433417
1924	41.518060136338455
1925	41.14188519703847
1926	43.862694561773196
1927	41.224116241804474
1928	42.91647619883602
1929	43.65791627302125
1930	44.04166462143003
1931	42.869092560190005
1932	41.71357460133825
1933	43.64960253407185
1934	42.36315863169218
1935	41.448234073056064
1936	40.770377252059376
1937	40.832602902907254
1938	42.8951037561627
1939	41.044500833750355
1940	41.48507805841038
1941	37.98413288347459
1942	41.21242238970236
1943	41.71286501042998
1944	41.446532130034484
1945	41.58701097307116
1946	40.599699641488165
1947	42.24224897556271
1948	41.58576437248465
1949	41.532670846931666
1950	42.78392241456886
1951	40.60800941277577
1952	40.548173752439865
1953	39.62176518009949
1954	42.20336151724211
1955	40.59571796004134
1956	40.60277022421205
1957	39.26496234426284
1958	40.33970017659445
1959	38.4898597654366
1960	39.56363174752974
1961	39.029694197903275
1962	42.35398609261543
1963	42.33717593952147
1964	43.884584471817554
1965	41.183807761328296
1966	42.04949987204951
1967	41.34120656586534
1968	40.4251157578558
1969	41.7661426620765
1970	42.86801548114546
1971	42.49545384347896
1972	42.33734142672366
1973	43.244772937768005
1974	42.10780067677954
1975	40.48943117087791
1976	43.4631142702145
1977	42.63176680626284
1978	40.97116045207124
1979	43.06491193009188
1980	40.712596684329824
1981	43.04240043159137
1982	40.67038106335467
1983	43.549634875027344
1984	41.429168327315466
1985	41.26078213333943
1986	42.59749197963226
1987	40.986397809467704
1988	40.96067762668932
1989	43.05510186944229
1990	41.180802443476125
1991	43.34127039061851
1992	41.97307850338018
1993	42.06503730510212
1994	40.314911136068226
1995	42.82406283402164
1996	42.3537111783142
1997	44.02898992419668
1998	42.69629244116573
1999	43.8124288182051
2000	42.848321031459776
2001	43.36547937597287
2002	42.403405406410656
2003	43.895518033832474
2004	44.005156354369745
2005	42.2841390746516
2006	43.32766997419621
2007	43.692592745963275
2008	41.815638124719364
2009	40.27594014512522
2010	41.712697191579636
2011	41.27790517656021
2012	42.47588677605075
2013	41.994776424867794
2014	40.51249733918692
2015	41.69463799715635
2016	40.82304859548071
2017	42.84474521948199
2018	41.46971841498487
2019	43.226356079789966
2020	43.03121925197504
2021	46.05002195281086
2022	43.400336267548525
2023	42.190681936385026
2024	45.45206079055234
2025	42.294640242254935
2026	42.29337550208928
2027	42.569280703806015
2028	43.185035029333505
2029	40.052865418257255
2030	41.956311990485126
2031	42.52029263463349
2032	41.541479407647536
2033	42.88649790089741
2034	42.598458608208475
2035	43.699343764631635
2036	43.086753658124636
2037	44.937230731694804
2038	44.6042804409903
2039	42.63031583838455
2040	41.70522172797522
2041	43.04546712687207
2042	42.09166596305186
2043	44.84852956675395
2044	41.62553371271116
2045	42.558518029743134
2046	41.90292354462598
2047	42.369592242251485
2048	41.03111012562808
2049	42.90253496075444
2050	43.39023193428629
2051	41.56275628107938
2052	44.101638087264696
2053	42.4388613010565
2054	41.36983468868867
2055	42.243444789751
2056	42.880202875059894
2057	43.383250551427764
2058	43.58718087169464
2059	43.59858544142925
2060	43.07337834170419
2061	42.798415797296414
2062	43.131409542962786
2063	42.212913590790876
2064	42.02029910728451
2065	42.52966374916997
2066	43.18580928202032
2067	44.22186383201115
2068	44.15290627988369
2069	45.36700403072037
2070	45.57087493465942
2071	44.97920423032073
2072	43.86012174728113
2073	42.81319925980084
2074	44.50795574729425
2075	43.35674624318445
2076	41.89821785402542
2077	43.11222480125407
2078	43.169646364698835
2079	44.57163709914962
2080	42.86007855826066
2081	42.22612243147945
2082	43.289374102172296
2083	43.26755195544722
2084	44.712774494007704
2085	42.44016302235513
2086	44.766972245964304
2087	44.05066524564203
2088	43.89950759852934
2089	43.487751788967614
2090	44.189890878696346
2091	43.530368525311594
2092	42.230694323377186
2093	41.956359202440055
2094	42.04811725572541
2095	42.026167788574604
2096	41.41675311600666
2097	40.17781932018632
2098	41.55510337957057
2099	42.15305284873282
2100	42.06058833823001
2101	40.88781871362307
2102	43.61148107386676
2103	42.75106393630384
2104	40.99778504619386
2105	41.062951602798506
2106	40.36711439563913
2107	41.2167679989621
2108	39.91790121634299
2109	41.79270185900274
2110	39.685846777397835
2111	42.39650475166374
2112	40.45038316771808
2113	39.14589626364335
2114	38.742808386479105
2115	42.11226251020497
2116	42.90164510117529
2117	44.727632251577134
2118	41.59958738635311
2119	40.62063983024474
2120	39.785301363852575
2121	41.880811318042525
2122	41.828646602324035
2123	41.57709142324184
2124	40.77538389616729
2125	42.376806394362056
2126	41.783562201642546
2127	41.0864268702502
2128	42.447479793135315
2129	41.186972149692764
2130	41.52817469165099
2131	40.53788251603974
2132	39.085692633165216
2133	41.72395408668969
2134	40.84232956536444
2135	42.60038803732588
2136	42.70846823696193
2137	40.60114000129889
2138	42.9742923804184
2139	42.64916659956518
2140	41.99860793314979
2141	41.59833382476699
2142	42.16975909040805
2143	41.01001647336847
2144	41.64539330239119
2145	39.95430360347353
2146	40.19509776709418
2147	42.11317232356335
2148	41.513265687548696
2149	42.696705801364175
2150	42.57067533812699
2151	44.426215787000615
2152	44.06929015778243
2153	42.73412110310316
2154	43.0379431100739
2155	40.99010525282735
2156	43.147150592123246
2157	42.958811815316935
2158	42.42776392016786
2159	44.618249587781584
2160	42.05861928221097
2161	41.995090326290516
2162	43.69523398035039
2163	42.658887855011145
2164	44.16700409939952
2165	41.954135129161166
2166	40.593877561074336
2167	42.86842088385728
2168	42.37218301702578
2169	41.221797620250946
2170	40.377890142649704
2171	41.023178504074984
2172	42.041242436232245
2173	41.8534160857584
2174	40.948018092350026
2175	42.5731986502894
2176	39.27800760263393
2177	41.168819528411305
2178	40.129579480009205
2179	39.81421362772027
2180	39.48178068222627
2181	40.55761300995716
2182	39.468222558323525
2183	39.23553969288891
2184	42.28740094240243
2185	38.35564576665972
2186	39.231540135288476
2187	40.22976492314922
2188	40.322590538001194
2189	40.199241310314356
2190	40.94406577787218
2191	42.073045739467
2192	39.35616908315057
2193	39.324350789135146
2194	42.78304850286212
2195	42.964265371973276
2196	43.062211701092345
2197	42.11730233432196
2198	41.965562438292736
2199	41.239201504692666
2200	40.95925067106585
2201	42.21979563882673
2202	41.49652554639557
2203	43.940264291204976
2204	42.9170332466247
2205	41.21297168044149
2206	41.97623112606154
2207	42.810707255530055
2208	43.143176655137715
2209	39.99945130912081
2210	41.18260319613641
2211	41.18081346596262
2212	43.1182885447452
2213	43.400961237458915
2214	43.18334983756852
2215	41.80925508661792
2216	42.086145072291714
2217	42.66792317663041
2218	42.72056758394764
2219	40.95123396895475
2220	40.38024062216665
2221	39.72984676596
2222	41.26104972957089
2223	40.95522504942264
2224	40.841821646077726
2225	41.56844881211587
2226	41.443124253680566
2227	41.58177667521784
2228	40.74909094047985
2229	42.88305927610857
2230	43.29720375517906
2231	42.836506893620616
2232	42.90786264475252
2233	42.62108642822328
2234	45.249770210319454
2235	42.79707606177279
2236	42.351791053729656
2237	42.452620957295515
2238	44.410772364936406
2239	45.13697562496347
2240	45.0135568248355
2241	45.374890294434145
2242	46.3852443607783
2243	42.66633445498594
2244	43.681834927834664
2245	44.33506003946846
2246	45.492565186737046
2247	44.02100679520628
2248	44.95751636154538
2249	43.57490578135572
2250	43.72753697183492
2251	42.64932378964456
2252	42.8099416268852
2253	43.15489604831152
2254	42.61628781501485
2255	42.386007366320996
2256	43.256785281504754
2257	40.28051627575028
2258	41.64653819303567
2259	41.92522755075643
2260	42.96432884031062
2261	41.45876554949597
2262	40.76583340166775
2263	41.88368952194047
2264	41.56139810708575
2265	41.49845217990597
2266	42.2094808989405
2267	41.256585243260176
2268	41.0715081620853
2269	43.46658946852111
2270	41.783976482404924
2271	43.59224041035413
2272	41.90617688225499
2273	40.44588185711241
2274	41.6517535850313
2275	42.060165305203704
2276	41.451113312286715
2277	40.52031083768719
2278	39.23760927722142
2279	39.77132138147893
2280	40.99027052862861
2281	41.938086432309674
2282	42.136079762475866
2283	42.38654692521553
2284	40.47350609790375
2285	41.14496142258917
2286	45.78424655094755
2287	43.44184185494937
2288	43.39234214249833
2289	43.671415499650244
2290	42.08670004896856
2291	44.49440200212127
2292	41.68791610284852
2293	40.41045223185321
2294	41.424884891993784
2295	40.38386129577592
2296	40.39628961001706
2297	41.159200913982566
2298	40.599610862984704
2299	42.09685418780927
2300	42.59455526939174
2301	40.518267233202785
2302	41.37317625411077
2303	40.395213637390064
2304	41.4179819668797
2305	40.16042114016892
2306	42.6159097628544
2307	42.65819512374848
2308	41.80582721711601
2309	41.42863343270083
2310	42.494292883129106
2311	43.638194366018
2312	41.98536819951897
2313	42.85236890417964
2314	42.52037207305743
2315	44.695051572528456
2316	41.273253924766145
2317	41.65264485295283
2318	42.14341497087541
2319	42.114688062824655
2320	41.794549940466446
2321	43.57642570615668
2322	44.00712609364409
2323	43.07394697876959
2324	42.99952360334024
2325	41.503228849862886
2326	41.64113499856333
2327	40.406977184516755
2328	42.196916068267946
2329	39.238961123188886
2330	40.10313567239213
2331	41.46261514316328
2332	43.093372107356416
2333	41.29752030077374
2334	41.88686765005512
2335	40.259558498182514
2336	41.82983201434444
2337	41.51319281349657
2338	40.928625567369835
2339	40.123629101862676
2340	40.082602519625034
2341	41.05721559228378
2342	42.51829791692369
2343	42.70669438157898
2344	42.846319060686945
2345	42.535704652334374
2346	43.80621442261208
2347	43.17141012097268
2348	42.59051246039901
2349	44.33588274831904
2350	43.57250811768381
2351	40.608956300183706
2352	43.623219740666826
2353	41.48395911184688
2354	41.74935326578582
2355	44.27492908828848
2356	43.25125710411907
2357	43.41712839784898
2358	43.050793798308696
2359	42.3020091611914
2360	42.116639908789715
2361	42.210296968372226
2362	42.18749585594415
2363	40.27213290062763
2364	41.81561268457125
2365	42.69107760662415
2366	42.37292084849516
2367	42.42624937035873
2368	41.903558118052445
2369	42.247919980806294
2370	42.36727539016585
2371	42.7660393726599
2372	41.24326909764255
2373	43.00828157182356
2374	42.627924420879175
2375	41.81031398704479
2376	42.834409142727594
2377	42.87410391356418
2378	42.02258173493462
2379	40.046787885916046
2380	40.45228898962696
2381	41.31731791691345
2382	42.49385726422175
2383	41.762519420531554
2384	42.24712778952672
2385	42.896272162602166
2386	44.21108631116078
2387	42.22335912845249
2388	43.07308118097584
2389	41.5586712391937
2390	41.86021813399148
2391	42.121731764015166
2392	41.92169734732564
2393	41.747802126038714
2394	41.18966334648133
2395	41.99288549403234
2396	41.60573440565452
2397	44.66653154908456
2398	42.70303386166839
2399	44.280973061228465
2400	42.14294873824835
2401	44.10775605572317
2402	43.79607617497952
2403	44.6627636497759
2404	44.04940125048215
2405	43.69875339276862
2406	42.568603290671206
2407	43.682254511123034
2408	43.54853519755862
2409	43.41892841809331
2410	43.32929081254668
2411	42.58385148454076
2412	41.11431695548363
2413	41.45828927254057
2414	41.67556721028591
2415	42.23683167977052
2416	41.77346405419391
2417	42.39917950542801
2418	42.50216485195157
2419	43.898333616451865
2420	42.81134212452169
2421	42.64727442730623
2422	43.78828445561286
2423	43.91684519270767
2424	43.43407625172031
2425	44.53216767183291
2426	41.92846182405561
2427	42.89248608312596
2428	42.90394788838067
2429	40.48298206554296
2430	42.55439787054031
2431	44.719936294555026
2432	39.97251383044925
2433	41.2923886681759
2434	44.32918263699523
2435	42.428909905561405
2436	42.201167722623566
2437	42.596370727499064
2438	42.53883929127567
2439	45.1947874192087
2440	45.193587213491966
2441	45.760402328743865
2442	44.620369041544144
2443	43.77304936358593
2444	44.956200966574166
2445	43.643531308136666
2446	44.14499462499117
2447	44.52944844501869
2448	44.011817725384645
2449	44.28018435526584
2450	43.93222483490548
2451	43.870002546861954
2452	43.18325984751689
2453	42.33701813802238
2454	43.95772045248239
2455	41.537331388953156
2456	39.97107196768208
2457	41.34429431713839
2458	42.01785236326348
2459	43.56817422715536
2460	41.65913472200983
2461	43.74454525687561
2462	43.43001891316111
2463	45.19740759123113
2464	43.43357880226825
2465	43.47182130241629
2466	43.461211491519464
2467	44.380806233636214
2468	42.5305996978605
2469	43.623435732823744
2470	43.25528373285669
2471	42.324249209270846
2472	44.53105102696732
2473	43.62857707092371
2474	44.12850177452728
2475	43.16394187254343
2476	41.370341118749145
2477	44.350576253619415
2478	41.939320066500045
2479	43.99875665598945
2480	41.59908596095943
2481	42.64930802811232
2482	43.11574633535547
2483	42.52629951751617
2484	42.77396350322573
2485	43.996242189064176
2486	41.04004179864083
2487	42.8903918259355
2488	41.55456868791969
2489	40.49198272249842
2490	39.44044109874786
2491	39.845832785003374
2492	41.12825446417753
2493	41.91399500765551
2494	40.43531478414279
2495	38.644409961751066
2496	42.27590254042649
2497	42.63719855270675
2498	42.92988593037414
2499	41.81995619822489
2500	39.32700746762834
2501	40.736898818101956
2502	43.431551113833564
2503	42.99120104448673
2504	43.551360994570906
2505	43.56960578956914
2506	44.6694339266041
2507	42.675188669047905
2508	43.27303364198134
2509	41.13092161594514
2510	43.074538313773886
2511	42.812322024609664
2512	42.12811252872804
2513	40.74943028427849
2514	41.255537007269254
2515	41.13974175655662
2516	38.48405521999565
2517	39.7600225986057
2518	38.147998390366666
2519	41.42199755286521
2520	40.16463476272161
2521	41.66454676546395
2522	37.854554486349194
2523	40.07856626471243
2524	41.46536817720431
2525	41.54579275818447
2526	41.499868120119594
2527	40.80370760114872
2528	41.245612141755615
2529	42.82952197347093
2530	41.364381443779045
2531	40.37937595869973
2532	40.974293296423575
2533	40.19952260640474
2534	42.94424765138041
2535	39.79084307819434
2536	42.46427624712353
2537	43.54842663012577
2538	41.21461278444279
2539	42.05012878303675
2540	39.909080874880374
2541	41.07370014868893
2542	42.24498696532824
2543	42.82341173384345
2544	44.11474705849457
2545	41.53677415823102
2546	41.86567536599458
2547	40.51333493360183
2548	41.308131690990436
2549	39.86893967292883
2550	43.129919914686106
2551	42.679276716748554
2552	41.28321396212617
2553	40.574909617679076
2554	44.67446621384361
2555	43.54476662483146
2556	42.84333012030885
2557	41.62426456948294
2558	44.41885356510198
2559	41.104409841765566
2560	41.09599647047402
2561	41.46970330617417
2562	42.74520354962116
2563	41.47145730561414
2564	39.79658365654254
2565	40.09206334877242
2566	41.50149432658245
2567	42.579775004517465
2568	42.15763253342275
2569	42.11592578825608
2570	42.0973832755622
2571	40.3634910686465
2572	40.55354757176385
2573	43.02960103361916
2574	39.78075446742031
2575	42.272381770987835
2576	42.81743146641106
2577	42.03091069169873
2578	40.576557449742054
2579	43.74973399099862
2580	42.673797126803116
2581	43.535825345222655
2582	41.392661495305084
2583	42.49281390532839
2584	42.27094298250109
2585	41.66316762160944
2586	42.567455893030385
2587	42.40343564221329
2588	42.27888270594294
2589	39.616632111159795
2590	43.821531473771216
2591	43.55610012066205
2592	43.01285859017966
2593	40.884579990519896
2594	41.53028933322339
2595	40.21606454816913
2596	39.62603424970986
2597	42.60119766660325
2598	41.14248454588858
2599	41.23069545339466
2600	41.2299879200833
2601	39.80019201159653
2602	42.09581133300979
2603	42.189732837140596
2604	42.649278603155466
2605	40.96845215559104
2606	41.681850531889644
2607	43.793877053239534
2608	41.29329934313971
2609	42.40173072797811
2610	41.00095731913013
2611	42.71370811771497
2612	42.384916501805165
2613	41.87137627508609
2614	41.986352556339796
2615	40.478143745254066
2616	42.32555889492261
2617	42.19653098475475
2618	41.407067187707284
2619	42.48100279353555
2620	40.290172570229046
2621	42.74026257976461
2622	42.15553464939741
2623	43.12244817753252
2624	43.250700183119285
2625	41.41727396148766
2626	41.40690308985865
2627	42.61872767335036
2628	43.29635576581657
2629	40.89463445129253
2630	42.317948449343284
2631	42.64167537867203
2632	40.44454619133327
2633	40.184587838329044
2634	39.602488418697355
2635	40.11230212381419
2636	41.1279824608725
2637	40.492260257862306
2638	42.038517228009084
2639	42.29238578813166
2640	40.61388216567742
2641	40.910769252551844
2642	42.720486317478645
2643	41.232249599846085
2644	42.11411093581488
2645	41.749731639455014
2646	40.727450998977375
2647	40.46312841886461
2648	41.74686288131132
2649	43.5118389506283
2650	40.65033169915407
2651	42.10475613598273
2652	41.23370130400211
2653	41.9705169614198
2654	39.37122180253723
2655	41.64261877277076
2656	40.30004254041605
2657	40.64672888340446
2658	41.70575283208411
2659	43.148642390105266
2660	40.63391864985035
2661	39.28732432312039
2662	39.45625575985298
2663	43.22834059704403
2664	42.6067488266665
2665	41.986883047912045
2666	40.193265320955724
2667	41.88271674886254
2668	39.867257531338005
2669	39.70826439931635
2670	41.640904157052475
2671	40.124911992943964
2672	42.01224714124421
2673	40.02758115968201
2674	39.91185440581871
2675	40.32694659915151
2676	41.383751078999964
2677	42.038215802624975
2678	41.91398670637048
2679	39.68347637019475
2680	41.432803328114595
2681	42.07564036852321
2682	42.748671650487594
2683	42.86482877275025
2684	41.71590728917533
2685	42.27475153803286
2686	44.71094525415136
2687	41.27279144988618
2688	41.80153729709982
2689	42.207479360923244
2690	43.2728294660288
2691	42.79351764148407
2692	43.77660862195857
2693	43.51710038105889
2694	44.769647349048505
2695	40.77082210924143
2696	42.196144000173106
2697	44.92509035891918
2698	43.025997651494535
2699	42.32648160782059
2700	44.55263810999368
2701	42.74624208605287
2702	42.933778917159536
2703	40.9570957602014
2704	41.58664914808413
2705	42.90815854825028
2706	42.818560592374396
2707	44.08934172422678
2708	44.25643493982949
2709	43.826394040386006
2710	45.37930311583847
2711	44.59744674825207
2712	43.186396292683135
2713	44.606147993075155
2714	42.9044686151792
2715	42.0863540368994
2716	45.04834575120442
2717	44.53525528993987
2718	42.6373805382754
2719	42.528571288346704
2720	44.59813282773668
2721	44.354062428156155
2722	44.91275176876155
2723	44.57332184210202
2724	46.032215675418215
2725	44.73656458643489
2726	43.29125161149408
2727	42.021795122379395
2728	44.69683053650566
2729	43.875711858937436
2730	44.185352772728784
2731	44.85294214370762
2732	43.361244242699335
2733	42.62755217090898
2734	42.980040231999695
2735	43.43298552603645
2736	42.7831534160369
2737	40.017047780847186
2738	40.99569740731416
2739	42.14999519077791
2740	41.46698044513545
2741	42.15142534489135
2742	41.08504085934346
2743	42.835119586908235
2744	42.58818554933456
2745	41.075614295836644
2746	42.00849207246922
2747	43.56273437338672
2748	41.46024869018653
2749	41.13129410402283
2750	42.993926484750325
2751	42.00404177939123
2752	44.79998305275026
2753	43.89325004201803
2754	42.663883378110704
2755	42.38234436696965
2756	41.937253420290446
2757	42.68576966803352
2758	42.04576701450975
2759	44.72109472109472
2760	41.84078770663696
2761	43.10566356545699
2762	42.12317392473731
2763	43.01202237668897
2764	43.008993086630966
2765	42.0440667663019
2766	43.97428411420001
2767	43.62252682856257
2768	41.77881344556858
2769	41.97921959838163
2770	43.25144842203576
2771	41.96713811570431
2772	42.06914876057309
2773	41.8323937524514
2774	41.702824583745034
2775	42.840646756083764
2776	40.60255553850506
2777	42.472251389888456
2778	41.08249238075317
2779	43.58804403696656
2780	43.242242759894154
2781	44.06461670432523
2782	40.79067603171006
2783	42.43856545100003
2784	43.40987595098363
2785	42.37665664833351
2786	43.33262356020006
2787	42.37508801234903
2788	42.768146561331314
2789	41.3804178825373
2790	41.57055999296128
2791	43.08809742935884
2792	41.23924495427745
2793	41.92634005777715
2794	40.92753299646723
2795	40.68028270312208
2796	42.06997543815811
2797	41.73263173728027
2798	41.44838722631219
2799	40.73857332252777
2800	42.61515104642513
2801	42.26071443493395
2802	46.59891928657562
2803	41.46256303941432
2804	43.60929942979492
2805	43.34418235793785
2806	42.36286712741602
2807	43.6594962486647
2808	42.3232827245127
2809	42.84561531816461
2810	41.12149440078009
2811	41.43302486689801
2812	39.87945592378032
2813	41.18526479555246
2814	41.99509351139295
2815	40.53399255289322
2816	41.84304336599462
2817	43.14957170055876
2818	42.305716856349505
2819	41.03710749435495
2820	42.895729480602405
2821	41.545019013053754
2822	41.29064766153412
2823	41.441761799420284
2824	42.26521064166933
2825	42.390082590531236
2826	44.06388937324659
2827	42.460686331229525
2828	40.92129262556092
2829	41.148003717591514
2830	42.33574933953365
2831	41.66871497520947
2832	39.74946127315388
2833	41.92082494740678
2834	41.38578755721993
2835	41.250864663687196
2836	40.92271818787475
2837	43.296520709624154
2838	44.138068673547906
2839	41.97621319571589
2840	40.534783064549785
2841	42.32610247351435
2842	41.184363363337255
2843	40.9852196323582
2844	43.70710527827707
2845	43.47233539194669
2846	44.567544144797566
2847	42.2054964358235
2848	41.36209402654182
2849	40.66895295711695
2850	40.82277973564408
2851	42.90970495889738
2852	42.23682723719236
2853	41.56983696908665
2854	42.60190801007827
2855	43.13665453002486
2856	42.43623332481767
2857	42.330677169013995
2858	41.54446673714183
2859	42.333195204413165
2860	40.77895567573538
2861	39.51265476087353
2862	41.4000468947719
2863	42.307596864535846
2864	42.74969330219171
2865	43.04125164952367
2866	42.274477069705135
2867	42.650208640333304
2868	41.47994860814563
2869	45.33320715807141
2870	44.87936923802373
2871	43.135058688348266
2872	41.1910277856245
2873	41.848122339898644
2874	44.17008963975576
2875	43.51816440266321
2876	41.08737895616429
2877	42.04855730223047
2878	42.11593283349592
2879	43.00662639893213
2880	42.2761354050442
2881	41.79235944788001
2882	40.87128644523963
2883	41.603035735668854
2884	41.542540491793225
2885	39.99333899362278
2886	42.63190848785882
2887	41.297147323578706
2888	39.819447937267086
2889	40.14251259800841
2890	41.474962175633486
2891	39.37813702664902
2892	39.21430128260061
2893	43.115253709015775
2894	41.283261789968996
2895	39.57602808193279
2896	39.3243116068814
2897	40.19432836716451
2898	38.786248237181624
2899	39.16639416059286
2900	41.03457053168253
2901	41.08978593291882
2902	39.788246362407726
2903	39.98678949072655
2904	39.16051548507183
2905	40.52622979295117
2906	38.585441212997594
2907	40.417632943868234
2908	41.68109347294837
2909	41.87146701986279
2910	40.645848959268015
2911	42.33921483301728
2912	40.98193202068507
2913	40.64939679102066
2914	41.1329258926859
2915	40.144517578465695
2916	39.147269969543785
2917	38.74828792157329
2918	39.77617424499323
2919	40.78200104885539
2920	39.6311015910226
2921	41.93413458590544
2922	40.76028238950781
2923	41.16388045418482
2924	41.619213348547184
2925	41.68982929449315
2926	40.71384656156109
2927	43.165695460447566
2928	42.71649141546713
2929	39.57292833596985
2930	38.33290731911717
2931	40.60036800931754
2932	42.82340433398751
2933	39.706233935783935
2934	39.27559833270725
2935	40.82851712214376
2936	38.92368828989659
2937	39.88964210530648
2938	40.3493638538054
2939	38.28552672725662
2940	40.884039970933976
2941	40.247349684073484
2942	38.10571374422111
2943	39.82420019248726
2944	38.37574491242244
2945	39.31305769923528
2946	40.54929846727157
2947	41.044039226925804
2948	40.529162644660985
2949	38.78737544068561
2950	40.88338065135731
2951	41.73296199651737
2952	41.9421735138494
2953	39.828395330369716
2954	41.748612871981834
2955	41.813452327756224
2956	41.74995250892046
2957	41.58307602561543
2958	41.33283557765364
2959	41.033934769234754
2960	40.43819409853828
2961	39.8769559272868
2962	40.09627545693245
2963	39.869300824329095
2964	41.26302596123301
2965	39.97632592828818
2966	39.815163952330835
2967	41.05048542315885
2968	40.4464066296439
2969	41.352884495615974
2970	40.65985914566216
2971	39.38591574607677
2972	41.49052391389467
2973	42.912089173085484
2974	40.455937414392345
2975	39.99188012676273
2976	40.252579900153606
2977	40.48995532074319
2978	42.10432560705043
2979	41.305041684155576
2980	42.04351715001864
2981	43.85234664972831
2982	43.21337697059094
2983	40.25983266490644
2984	41.13503741021615
2985	42.634452864604654
2986	43.74934457281714
2987	43.19538332391492
2988	43.77911456647157
2989	42.024162237647765
2990	40.45319692222032
2991	41.27684364568913
2992	38.91119259571995
2993	40.66917102228821
2994	43.88892259630476
2995	39.713585659396216
2996	40.1109455224615
2997	40.287646997821184
2998	41.87253604526915
2999	40.97948346836647
3000	42.64892258293696
3001	42.56935719917616
3002	43.82441509125801
3003	43.41366345137809
3004	42.30171537741537
3005	41.28704955203347
3006	43.670111662277414
3007	41.3795717330144
3008	44.0008392498725
3009	41.765708819369706
3010	42.71229567671491
3011	43.49054892176228
3012	42.87610005464765
3013	41.68237241515518
3014	41.479360173949836
3015	43.20201327843181
3016	42.674864958889934
3017	44.80050561982403
3018	40.73290749489778
3019	42.61251674599122
3020	44.572814346267734
3021	41.234010789605975
3022	40.5861782415089
3023	43.10731645905826
3024	41.04219573906781
3025	43.80579990813629
3026	41.42022928151326
3027	42.333716730319146
3028	39.619859567510254
3029	40.75244177553118
3030	42.776632020700575
3031	43.37124752125845
3032	41.08309801887703
3033	43.628479781116326
3034	44.71433272600805
3035	44.073050458892006
3036	42.75749610761222
3037	42.48578965855515
3038	44.92995627189653
3039	41.81417562684024
3040	40.38647799037567
3041	42.20914019091887
3042	40.203725405673886
3043	41.07557093422796
3044	41.07214797688429
3045	42.26528347849718
3046	42.31672380787376
3047	41.121989174181486
3048	40.482124033686645
3049	39.451202391735315
3050	41.29740039575033
3051	40.45095037398183
3052	40.67230522578983
3053	38.81281825506504
3054	39.9717513698498
3055	41.79534112436114
3056	40.070080251445944
3057	41.2495782663065
3058	40.829995132881315
3059	40.479501512869085
3060	42.319614197691116
3061	42.15010829903473
3062	42.34601412072025
3063	42.25639330699218
3064	40.28690540897636
3065	42.63408878897786
3066	43.2919372711045
3067	40.85431427657391
3068	39.90434548527385
3069	41.83316117620281
3070	41.83801452144409
3071	41.27742852581812
3072	41.59424812727772
3073	41.0001941953696
3074	41.39204617596591
3075	42.21451160520931
3076	42.432166807633784
3077	41.32585103552008
3078	43.96290684868778
3079	42.39971225003635
3080	42.03170380710854
3081	40.93805506998725
3082	41.854187144744934
3083	41.631179932802226
3084	42.426443824800856
3085	44.364769910085286
3086	41.336275628685726
3087	41.54340768911558
3088	41.593844127086626
3089	41.64133983475667
3090	41.58546783009227
3091	42.59161027982753
3092	43.461857573290516
3093	41.57080581415863
3094	40.81716831883107
3095	42.67267324992862
3096	42.112673744040166
3097	43.98571845854486
3098	42.33556967414521
3099	40.81201819134626
3100	42.66348918549369
3101	41.64048594178003
3102	43.414996720892645
3103	41.82988335762708
3104	42.18866158090957
3105	41.176297014400184
3106	40.011210519802496
3107	39.99556206784739
3108	40.84736466294607
3109	41.27737532445242
3110	41.70293187973133
3111	44.53557897762767
3112	42.45709830052139
3113	40.97660086374812
3114	40.10495818761316
3115	41.005327834265096
3116	41.66480253377972
3117	43.976667639109316
3118	42.54445442041447
3119	43.28683519533592
3120	44.39222891763025
3121	43.224212198039496
3122	40.70923717294994
3123	42.18246609448021
3124	42.28511156780754
3125	42.25753294946403
3126	43.75250212063196
3127	41.559162620956414
3128	39.61261653024044
3129	41.315478968226465
3130	39.510206610087586
3131	40.864735359447984
3132	44.3390537316082
3133	41.640787703513794
3134	43.41643046802585
3135	43.05952771277884
3136	43.795160380157974
3137	42.429344707526525
3138	43.13191189249777
3139	41.11882214035279
3140	42.40782840216458
3141	43.46659166842286
3142	43.180784767838496
3143	42.84405122934519
3144	42.99555008127275
3145	41.75136777519244
3146	42.228032112898475
3147	44.38232633526825
3148	43.54705067622617
3149	45.01116363037736
3150	44.26714414101394
3151	42.707662366205234
3152	43.702999570514514
3153	43.25286293525713
3154	45.26998046354903
3155	42.03855842524442
3156	44.49387111832176
3157	43.779907901998875
3158	43.56000178567643
3159	45.16708292172072
3160	42.616381533875014
3161	42.85681966968834
3162	44.34151911748938
3163	43.645628046883104
3164	40.3862360853896
3165	41.37688215711974
3166	41.82062764442005
3167	42.15393346853528
3168	42.90840057934395
3169	42.31234756903148
3170	41.52882832243143
3171	41.237273558792374
3172	40.77293035719497
3173	41.75202777800676
3174	42.226121094204416
3175	43.26150028514994
3176	42.98101026613405
3177	41.44410853702841
3178	43.8518868076233
3179	42.438002698187375
3180	42.10572686782863
3181	43.168847976158794
3182	40.29380236530706
3183	44.51307559884947
3184	42.32316682516416
3185	43.2031768274207
3186	43.378705962514005
3187	43.456042014410066
3188	43.47446996408178
3189	40.49091656986092
3190	41.730431462814096
3191	42.38333503262643
3192	40.17921626037814
3193	41.77008879075126
3194	40.95586198705021
3195	42.08689737293874
3196	41.51192028775758
3197	41.23792947038022
3198	40.079613414203244
3199	41.43049559426784
3200	41.92844672188042
3201	41.99086285380058
3202	42.30803765151771
3203	41.18765225516079
3204	42.63833621676644
3205	42.234950738115785
3206	42.07958620290705
3207	42.1574114062761
3208	42.25024649848031
3209	41.4220692679675
3210	39.43925896600952
3211	39.5174649700211
3212	40.85054685519932
3213	39.76060491634808
3214	41.47244454517062
3215	40.848833766213524
3216	41.42889593555728
3217	40.4456300086365
3218	41.46532287650608
3219	41.6429312775807
3220	41.52506802730075
3221	40.08446644210261
3222	41.892757245592186
3223	42.63955989560801
3224	40.08844465248572
3225	41.965115573695286
3226	42.49380661750157
3227	41.09766634375057
3228	40.77856156798495
3229	42.06733225317822
3230	42.13624253454347
3231	40.86201221235982
3232	44.44201686320151
3233	41.73044774108552
3234	42.911022742101025
3235	42.164856610737495
3236	40.7292709268142
3237	42.227816889392486
3238	42.49491368535426
3239	42.29525189764779
3240	43.67605986381864
3241	42.29194512716744
3242	42.78046254534946
3243	42.48902998158523
3244	40.81114315021526
3245	42.83977876067515
3246	42.118552649679756
3247	43.29545392958295
3248	42.55822546401106
3249	41.91171517882826
3250	43.16374585700608
3251	44.26540059359299
3252	44.39246803008719
3253	42.549076532524914
3254	42.128301091410094
3255	42.513233807775734
3256	40.977846780546464
3257	42.845578269259576
3258	41.523351012436585
3259	39.871914173229854
3260	42.68359550407323
3261	42.31116694691022
3262	41.45940717692576
3263	44.38479653449667
3264	40.54514280382101
3265	40.93766746187314
3266	41.1470675790042
3267	41.383525757634615
3268	42.44928184111436
3269	42.17776243287394
3270	41.172064505811406
3271	42.63151580711015
3272	43.89914978310386
3273	43.38599839576288
3274	43.690319305548506
3275	41.9321130286894
3276	42.62022090247518
3277	40.178345782231325
3278	39.38458016393635
3279	42.74948702356717
3280	43.18803453108905
3281	40.544028060388854
3282	43.132901547504915
3283	40.9316614987232
3284	42.98636047786834
3285	43.67490468392083
3286	42.79817512095188
3287	43.5782011828729
3288	44.38024478186366
3289	42.444499347963024
3290	43.77403717607165
3291	44.46315351414577
3292	43.32601447114884
3293	44.411184444286974
3294	41.41891033229862
3295	43.08758254355944
3296	44.02941596023805
3297	46.00466800594219
3298	41.92504204676132
3299	44.449435250587264
3300	44.82519672380627
3301	44.695413900656135
3302	44.599298472458024
3303	43.051228975343776
3304	44.32639085733316
3305	45.06506625077908
3306	44.343021249207595
3307	43.21823499510089
3308	44.2706972046109
3309	41.910319586429914
3310	43.7525963585003
3311	43.827849946989986
3312	42.436744046688816
3313	41.368970904344735
3314	44.12778879182964
3315	41.80358275444411
3316	42.02953681312018
3317	41.39999689009963
3318	41.2756935346832
3319	40.39258494637086
3320	42.85911881196814
3321	42.83036221481391
3322	39.77724116636367
3323	43.43774642676136
3324	43.11737246157668
3325	41.6149033854474
3326	41.921354286397175
3327	40.96330119788734
3328	42.501613478003335
3329	41.75817165687486
3330	42.23880345198715
3331	42.15018671697123
3332	44.06459582261286
3333	43.28118130737976
3334	42.31930966184246
3335	42.63756595275227
3336	41.95915240105076
3337	42.314717461567184
3338	44.311592496874106
3339	40.61183178687442
3340	42.679987665137666
3341	42.45874600141881
3342	42.481176344319394
3343	42.443793184718324
3344	43.49991765183194
3345	42.85009969598184
3346	43.93906501030015
3347	41.5722972343803
3348	41.88584653341493
3349	40.75951094283141
3350	44.22689188942801
3351	44.050929500875895
3352	40.4366628337374
3353	40.128457503908535
3354	41.84306641648698
3355	41.03444840873722
3356	40.821342566956076
3357	42.1494563354599
3358	42.777002182510934
3359	42.02995431088914
3360	41.48502962341887
3361	45.17564229722368
3362	41.73392191194274
3363	42.39243757651995
3364	42.873475157719234
3365	42.768501196248145
3366	42.69919192579255
3367	43.43265218238304
3368	43.291854949597706
3369	43.96670876834812
3370	43.467600831809754
3371	44.09111430493706
3372	43.441352235141586
3373	45.75490694064722
3374	45.89005976551627
3375	44.482688509352855
3376	42.32210633170641
3377	42.801062420953464
3378	44.73472731726375
3379	45.94564892026213
3380	42.613175086854454
3381	42.29367028588655
3382	42.70035338449921
3383	43.07838856709095
3384	42.650079436526724
3385	42.31870229007634
3386	43.11273905485574
3387	41.77423690479996
3388	43.31730099079909
3389	44.13662443738227
3390	43.256249910338425
3391	44.85746024791122
3392	43.56039578895092
3393	44.585759160132014
3394	43.1849940297255
3395	43.68499439538224
3396	43.73694453589695
3397	43.182632552732805
3398	44.72820178703405
3399	43.399435854705594
3400	41.34879904530821
3401	43.59748994299572
3402	42.976085568680226
3403	43.24851086083797
3404	44.80172200121639
3405	43.73227971752844
3406	42.49096346190137
3407	42.188088877698036
3408	42.5422293064727
3409	42.71423704107273
3410	44.294134632176096
3411	43.000583569044046
3412	43.30771129667935
3413	45.638036757089054
3414	41.46845605135408
3415	42.211565180138216
3416	42.956408603452786
3417	41.21484026734334
3418	42.9290971936881
3419	41.11552252565039
3420	42.346198231702424
3421	42.77048143398461
3422	42.63846701893703
3423	43.17098434947817
3424	43.37985129886177
3425	41.49036804066182
3426	42.843658159785456
3427	41.05881273149242
3428	40.997022168302635
3429	41.57365786410839
3430	40.865606982957715
3431	42.66863142662876
3432	41.14679863759789
3433	40.997844952057825
3434	41.694439500737914
3435	43.04469844073071
3436	43.530041227618455
3437	43.400919140216175
3438	40.75154385499828
3439	43.10474060177824
3440	42.26473583100864
3441	42.73601695218108
3442	41.114211452328924
3443	42.72657155789577
3444	42.90747748035759
3445	43.539353637770546
3446	42.705881023178826
3447	42.99255543847295
3448	42.315970648028674
3449	42.17156769946478
3450	42.17994433647008
3451	41.91169010114608
3452	43.05076741081801
3453	41.49516083285581
3454	39.66385966710659
3455	41.03657015881686
3456	39.650492235907265
3457	41.08026458870269
3458	41.20355066013093
3459	41.211660629016464
3460	42.870512562641856
3461	44.559519831556884
3462	41.266708193092214
3463	41.91891334537067
3464	44.29042316421199
3465	42.30010245042337
3466	43.0478425430377
3467	42.817026626278455
3468	43.62277688126866
3469	42.02187340718802
3470	43.03728333333162
3471	42.66520009241573
3472	43.61313353972567
3473	43.013046305502336
3474	41.6646499395941
3475	43.25174216775051
3476	43.07725843363791
3477	44.09107150362544
3478	43.92036316496197
3479	41.15707788717876
3480	41.10922702092066
3481	40.48410846384417
3482	41.608654137574646
3483	42.3855914861272
3484	40.08133588458753
3485	39.87552910218683
3486	40.392598768968085
3487	41.51453508685618
3488	41.83299194694828
3489	39.662144813963565
3490	41.975767438315835
3491	43.86924394908684
3492	41.51639496765965
3493	41.54659578949832
3494	42.09237248075878
3495	43.74532321680638
3496	41.32453659230345
3497	44.19292739218266
3498	42.24337817338846
3499	42.17984996386511
3500	41.67011318935189
3501	43.17509072002096
3502	41.40414185060155
3503	41.60552930148553
3504	39.082340594035486
3505	40.83983353671393
3506	41.78306026317951
3507	42.667298245054766
3508	43.11210738176751
3509	40.76325196968414
3510	42.13998218886933
3511	42.99534332534223
3512	41.99034829051762
3513	38.84454581631728
3514	42.22927776898744
3515	42.9984464617815
3516	43.712700767486986
3517	41.02891009001508
3518	41.91046243914432
3519	44.18944680923874
3520	43.444335888527895
3521	42.20030180027231
3522	43.16754660710635
3523	42.3560019684369
3524	42.35597051284616
3525	42.395745403532466
3526	43.581459289735335
3527	41.70178875050531
3528	44.38555971744605
3529	43.511867966621374
3530	43.56547333626954
3531	42.56525410346877
3532	42.585595113303896
3533	41.746985432017
3534	42.699920725173925
3535	43.93424906522483
3536	41.09426054354616
3537	41.506055324980814
3538	41.88112815801072
3539	41.31780355197897
3540	41.64942884047675
3541	42.43053747137291
3542	44.90284161686571
3543	41.262815519353765
3544	42.92227714978241
3545	42.559754738355096
3546	42.68025942960351
3547	40.941034754545456
3548	42.63758979410227
3549	41.36203444145195
3550	41.79883495025231
3551	43.212205983928996
3552	43.03711178338175
3553	41.35082531955864
3554	40.815638112158894
3555	41.85361612687885
3556	40.947128162525765
3557	42.19918950176776
3558	42.509336399025564
3559	42.720555103620754
3560	41.77923829526279
3561	43.54289510331199
3562	41.243903512299035
3563	43.17611683485045
3564	41.816938358968684
3565	41.75815374883739
3566	41.79510834690291
3567	41.80091458098941
3568	43.571047567245735
3569	43.57991909828244
3570	41.42630527873607
3571	42.60001895770384
3572	42.91949109069421
3573	42.58194213437708
3574	40.21723097160991
3575	44.013451411137915
3576	41.161326612400906
3577	43.265403785310895
3578	43.922598277473476
3579	42.72489282857842
3580	44.817106803142195
3581	44.045253132693695
3582	43.22935368819249
3583	42.943240160839615
3584	41.089496711293926
3585	42.53137559299476
3586	44.510619086137815
3587	44.21031775437563
3588	44.15679155665546
3589	43.93054335269318
3590	43.25149803347689
3591	42.86714754738873
3592	44.40856295498754
3593	42.88759434375661
3594	41.83295419380938
3595	41.81123758471181
3596	40.989078114753354
3597	43.55647754430789
3598	43.29178078621182
3599	43.37263964868658
3600	41.615446328309424
3601	41.49210813967545
3602	44.97179441973269
3603	42.419355909745434
3604	41.534796476494925
3605	43.92799370237938
3606	42.236725228465374
3607	43.522112117604834
3608	43.19989074956395
3609	42.471252028833064
3610	41.35720166027605
3611	42.4555432511784
3612	42.72152817642289
3613	43.054242339582686
3614	44.19480917192084
3615	44.46359691284488
3616	42.28731766567377
3617	44.98581634291137
3618	43.93806461530942
3619	44.649635697398296
3620	43.295135620555754
3621	44.66031704256722
3622	44.91560853311912
3623	44.0218090431555
3624	43.28254492646642
3625	42.04954809992789
3626	43.17674875961814
3627	39.327473329051706
3628	40.46180157575874
3629	39.32324774594249
3630	41.66300720160168
3631	40.47890883050728
3632	40.80553345304031
3633	43.06452946232892
3634	40.52669101432646
3635	42.68815462861478
3636	42.60247871662128
3637	40.79467025962984
3638	43.00515005822374
3639	41.71224913938637
3640	40.45785142209254
3641	42.53009195071943
3642	42.31559635853972
3643	42.96834286043574
3644	42.996837353251536
3645	40.38301949175939
3646	41.2663262211153
3647	43.24204838635587
3648	41.43943109921399
3649	41.5761076738417
3650	44.13859967441659
3651	43.33944799779189
3652	44.35578058671279
3653	45.57480428594223
3654	42.99641851735843
3655	42.221883398225
3656	42.28314796663642
3657	40.26456655789673
3658	41.44868994951608
3659	42.33861449548167
3660	43.29737492130832
3661	41.78321243265438
3662	43.68260221005358
3663	40.214585539602396
3664	43.50466449083902
3665	41.31465408523443
3666	42.436703779444066
3667	41.054666520143755
3668	41.547234488135764
3669	41.73907781046817
3670	41.92101300820511
3671	41.677017799182956
3672	41.77332834675315
3673	43.63214794662717
3674	41.05324635319666
3675	42.712542591899414
3676	43.25647632917554
3677	43.19201642633927
3678	40.3844196474545
3679	40.468255357623015
3680	41.064299091523466
3681	42.523587254458484
3682	41.38991900332047
3683	43.476064757081
3684	44.55931685959194
3685	43.587529452422025
3686	44.647381801976174
3687	45.15638136663463
3688	44.429733367370595
3689	44.10645069284267
3690	42.469604204271924
3691	41.59992789333046
3692	41.82123648902105
3693	42.81557261887555
3694	44.06558336463235
3695	45.16711484694323
3696	43.26678378611032
3697	41.44593726690001
3698	43.108503155859175
3699	43.50919173830777
3700	42.71262920362181
3701	44.52146333528969
3702	40.041208826048106
3703	41.64100820428224
3704	43.67284000846258
3705	43.82870874463729
3706	45.041137409239674
3707	42.503617651860964
3708	42.84715492872887
3709	41.2580600882526
3710	40.6185133608345
3711	42.722401771198854
3712	44.25280897202683
3713	43.858569373470615
3714	42.66911664778813
3715	42.825748341236576
3716	43.28722606968962
3717	42.03388820973776
3718	42.32843094679551
3719	40.92348270686919
3720	43.61756178851968
3721	42.117431795702494
3722	42.07093225514614
3723	42.77134271070307
3724	41.33610093844599
3725	41.233629315779744
3726	41.03844540724077
3727	41.15531371101632
3728	41.576753989271076
3729	39.91019754833947
3730	42.22196278522982
3731	39.65507972983243
3732	41.73039532912815
3733	41.52295081967213
3734	41.069957426504274
3735	38.60317095001164
3736	39.11681737011261
3737	40.488845656784115
3738	41.73923716542544
3739	40.01790723924506
3740	41.6519709122764
3741	40.09953930690667
3742	40.132002509461884
3743	40.62162777521042
3744	42.7256201875296
3745	40.93399369603577
3746	40.64182947457817
3747	41.013777701608895
3748	42.442544315686
3749	44.01891040554503
3750	42.28941842559612
3751	42.60653001863628
3752	43.054446580477276
3753	41.1408385487338
3754	39.78846568913364
3755	40.687008951381074
3756	41.80481713805685
3757	40.99525511633145
3758	43.17865926081899
3759	43.17799843492717
3760	42.61541532595352
3761	40.46410324015095
3762	40.137516487334295
3763	41.19928077596985
3764	41.591270476436
3765	41.8919105847805
3766	38.83721941425392
3767	42.34522299237603
3768	43.05875108343333
3769	41.00481657806721
3770	42.575383867595
3771	40.9942364408583
3772	41.93260084753928
3773	40.66957829820395
3774	41.5585748865205
3775	43.47224235773533
3776	44.53590276806476
3777	44.74059095728462
3778	42.62250420970052
3779	41.98805735746467
3780	42.40437621957585
3781	41.85073597529913
3782	42.77059580543529
3783	42.32689925972088
3784	41.15213673215103
3785	39.54121102209317
3786	42.1131613948443
3787	40.647136771409556
3788	39.99945145071483
3789	40.21877096914315
3790	39.92453198923286
3791	41.12074839802165
3792	40.75649009003389
3793	40.66279504733705
3794	40.93263313222067
3795	42.56877306460741
3796	41.83045462651804
3797	44.398374469039695
3798	42.71749832841225
3799	41.67557738237881
3800	41.337874058172524
3801	40.934266361811396
3802	42.54825721573476
3803	41.19248783342044
3804	42.20148175556424
3805	41.41593766546887
3806	41.63338476899337
3807	41.644493873055296
3808	41.13531227966292
3809	41.201195711386724
3810	40.337205170985946
3811	40.55365708109082
3812	39.55081374943664
3813	40.38859879592725
3814	41.90399808999881
3815	39.213731003696125
3816	39.93555501400248
3817	41.177887853651505
3818	41.51889472435113
3819	40.927796874307774
3820	40.733366711839736
3821	39.95928844215281
3822	38.331336542092984
3823	38.61372960191886
3824	38.81033358157728
3825	38.94655081323556
3826	41.96392554468894
3827	38.82706486032461
3828	41.062420595195874
3829	40.321969649107295
3830	40.882007941150846
3831	41.48588887109056
3832	41.62864170187214
3833	41.58299566014717
3834	39.86143722174495
3835	41.41327198825329
3836	41.25096935945985
3837	41.85859155762924
3838	41.47697043465548
3839	40.83511067656464
3840	39.80544638153729
3841	41.20548381463104
3842	40.48759773379174
3843	41.27451698667431
3844	38.577586096192846
3845	41.13221500571031
3846	40.37178064574261
3847	40.199337274558516
3848	41.36601535240754
3849	39.321144296688324
3850	40.493603930918624
3851	40.57291896322412
3852	39.64197862909666
3853	43.473384687634855
3854	41.39005073154375
3855	41.19745267030602
3856	41.390853824848655
3857	40.2443152785841
3858	43.422829540541294
3859	41.09793360208174
3860	40.337456179430994
3861	41.98881191279313
3862	42.3444098958928
3863	40.7636377039193
3864	42.13326873499664
3865	43.47771547426317
3866	43.661114056716926
3867	42.86032016246868
3868	42.18077389965694
3869	42.39654948728319
3870	42.76678871518525
3871	41.916570349467186
3872	43.86934243018274
3873	41.90625318794433
3874	41.61382233236728
3875	40.46943181578722
3876	41.70876939641574
3877	43.58402433799415
3878	41.576663524276434
3879	41.942415950624934
3880	41.230671735221236
3881	41.46161138967008
3882	43.52860079705768
3883	43.1424324265721
3884	40.497432753574785
3885	41.8598743405031
3886	40.88425059224112
3887	41.09464196202215
3888	42.243476622978655
3889	42.86501982332599
3890	44.17328271265656
3891	44.26418134793829
3892	43.18599244137533
3893	44.31784454459389
3894	40.430481346868525
3895	41.88695821062935
3896	43.67908666075369
3897	44.46301170102488
3898	41.67195496249577
3899	41.592799005922366
3900	43.19682815129691
3901	43.3208878960455
3902	40.97010752338946
3903	42.63720116848303
3904	41.100495689136466
3905	42.57546227773922
3906	42.85480759666639
3907	44.350017248741125
3908	43.05306723739154
3909	42.691823345051134
3910	43.44796503609846
3911	46.10078865738882
3912	46.65372383180654
3913	43.60975657283587
3914	41.99857977795207
3915	43.496088028946374
3916	43.28042606324901
3917	42.02008251888985
3918	42.411850200750195
3919	43.16905387449279
3920	42.45428604882594
3921	44.086196451629704
3922	43.44338470641134
3923	43.5207203105137
3924	41.723231367757755
3925	42.99247209453626
3926	43.10454004494241
3927	44.04491397806917
3928	43.105036954953846
3929	43.89280065497275
3930	43.554477486622915
3931	42.73925085165806
3932	44.753794746518565
3933	43.457138271015275
3934	44.79915301251739
3935	43.939458808876545
3936	41.308036535671704
3937	42.05374229556836
3938	42.01849446699897
3939	42.72397222937743
3940	41.962802355847764
3941	43.0181894046814
3942	42.31051575111209
3943	41.510355768903686
3944	42.16295911276324
3945	42.799746644841534
3946	41.54303944135238
3947	40.93993012384974
3948	40.99125794552926
3949	43.342188179735615
3950	43.31660075553071
3951	41.6507723565093
3952	41.57122422321765
3953	42.9762660451152
3954	42.44204367253756
3955	42.57898619986278
3956	42.47040351197213
3957	42.32054432141279
3958	43.191359092447016
3959	43.053130791110064
3960	39.98881412363322
3961	42.26362230165772
3962	42.099064065443464
3963	42.56678672615972
3964	42.61742652619879
3965	42.848757307813514
3966	43.84591670348126
3967	44.3402336379274
3968	42.920695586603294
3969	44.552657966644865
3970	43.09734565012233
3971	44.647015536556545
3972	43.98109899491582
3973	43.68193031249359
3974	44.46313226907005
3975	44.54389468355014
3976	45.48966971717412
3977	42.335894913678565
3978	44.94659809424336
3979	42.67162349451054
3980	43.03562482716609
3981	42.58934846270079
3982	43.072227141638734
3983	42.7541854018185
3984	42.360575068515836
3985	44.745352621343216
3986	43.80566909256732
3987	43.46349429372985
3988	45.427359708991126
3989	44.150466827240734
3990	42.11269459832392
3991	42.42188883706614
3992	44.084935251813164
3993	42.31356608252238
3994	42.73166309793097
3995	41.82252348502938
3996	43.10844175982872
3997	39.761255609535915
3998	41.02332712575727
3999	40.075744538261986
4000	41.814642098046605
4001	42.19167773855966
4002	42.41701164285681
