0	5.610388520146695
1	5.81445234145196
2	5.3626309798816765
3	5.548254567532591
4	5.791315744546037
5	5.9177239345732735
6	5.587856965608747
7	5.660350120280968
8	5.480158800235987
9	5.574964844190589
10	5.157765671983743
11	5.581972947984741
12	5.733394554293687
13	5.921280422174977
14	5.8872443436562
15	5.787801530363218
16	5.588158515692042
17	4.942302662666235
18	5.906737895341896
19	5.908957981086498
20	6.035483349859406
21	5.982562116856424
22	6.153695749197347
23	6.202432569137605
24	6.365174461423287
25	6.014137442887246
26	6.054256768766537
27	5.566009429242577
28	5.84579155166135
29	5.849408969626046
30	5.993773913831529
31	5.784169342559714
32	6.525854062882834
33	5.7612243204575915
34	6.263665374090634
35	6.144230678587057
36	6.096887110991382
37	5.8278390735931325
38	6.052381088312088
39	5.840783565635806
40	6.190803646633152
41	5.880347812404025
42	5.856346854600344
43	6.204112972715756
44	6.001466857895405
45	5.98790717127236
46	6.211553899700301
47	6.091841460847718
48	5.850713894616255
49	6.14950792222644
50	6.094233956129858
51	6.19259079438796
52	5.88572448638498
53	6.007464427943251
54	6.1312446155828875
55	5.739130959703533
56	6.102622097010984
57	5.470470823819779
58	5.677259030965119
59	6.307438870638207
60	6.609305019521085
61	6.274349379746185
62	5.882184546715374
63	5.651981968205556
64	5.995725513632486
65	6.114171714461923
66	6.171453928258767
67	6.222356317703763
68	5.73083398779192
69	6.377915472912235
70	6.15763007940329
71	6.2949321539365135
72	5.682897758468625
73	6.240307936859739
74	6.066149951713352
75	6.16384689966668
76	5.49384428914047
77	6.278038158438344
78	5.723855984908781
79	5.403162008513374
80	5.760465283928975
81	6.321835378061732
82	5.818309007849594
83	5.787134248248573
84	6.138355177289953
85	5.918730347802398
86	6.129636353575921
87	5.699042613563395
88	6.176898005299503
89	6.34184768583196
90	5.986290233944055
91	5.849016914710111
92	5.502689212064697
93	5.67820025856626
94	5.7327163773542855
95	5.815735226173915
96	5.383872150601034
97	5.629329646349102
98	5.691338433713738
99	5.898797287363313
100	5.8840782488543395
101	6.257690206918379
102	5.82427484962039
103	6.16975055612538
104	6.062545852487926
105	6.030823427292069
106	6.08701429547258
107	5.701737842015808
108	5.836528387345227
109	5.770029064817377
110	6.209457779815731
111	5.978572603309706
112	6.343507953033638
113	6.191835232867204
114	6.118321856036091
115	5.695134438237927
116	6.188613384811996
117	5.883872192874521
118	5.845961028619503
119	6.0894589613520544
120	5.834198705484804
121	5.620219247559239
122	5.857174260689558
123	6.381181703513615
124	6.0304684730815
125	5.881267857040466
126	6.297399359356293
127	6.01178387393613
128	5.981459318248826
129	5.925824692410261
130	5.833177061879064
131	6.043956997905155
132	5.352549416365444
133	5.243375944434718
134	5.907959259738361
135	5.988591451358503
136	6.459927960780656
137	6.191115291324797
138	5.883510021955048
139	6.0355099951558016
140	5.900950782208805
141	5.616715310942431
142	5.49526220322039
143	5.692405654490275
144	5.76133563543742
145	6.251244473842624
146	6.108625509021774
147	6.235645536332053
148	6.210487745604574
149	5.842026517580782
150	6.002950462014001
151	6.100205197429327
152	5.8193646365619465
153	5.802327776948255
154	6.056834104504035
155	6.108021473052962
156	6.054110269560014
157	6.242185155705808
158	5.955246805713678
159	6.243570992768292
160	5.921441094539572
161	6.032257383485192
162	5.600818712064726
163	5.502971286694299
164	5.69578427351668
165	5.845575188744117
166	5.674392759348655
167	6.069083242308537
168	5.9460611242772625
169	6.319560797986155
170	5.785003066276837
171	6.46385762754504
172	6.088362468063785
173	5.924785913786367
174	6.0517070142481915
175	5.750006630451126
176	5.773866630621107
177	5.891229776554486
178	6.14125288456605
179	6.096190754830936
180	5.877786443440291
181	6.004475281436523
182	5.952735615718384
183	5.932541209411871
184	5.774817269336914
185	6.038579192627802
186	5.771898854596351
187	5.7349955640476935
188	5.97031482709601
189	5.572235109729002
190	6.175894032367174
191	5.730170157187482
192	5.596326522266418
193	5.92997249586554
194	5.774318043753449
195	5.865354490808236
196	6.119862084015763
197	5.778050350019218
198	5.585053828701809
199	5.9075335920930065
200	5.339919762165821
201	5.352386045731485
202	6.240451974593153
203	5.66088151811505
204	5.853660619843425
205	5.574939243527541
206	6.075131905803242
207	5.72703586054219
208	6.042730807398133
209	5.701877603996581
210	5.810681271236389
211	5.7613305782277715
212	5.849858724791441
213	5.825011976418643
214	5.899820002439606
215	5.373521856241091
216	5.872532639443139
217	5.953368214492541
218	6.152074497427364
219	6.278905678279018
220	6.078485859038018
221	5.603167565234022
222	5.85204078785113
223	5.548208545244629
224	5.814168457407858
225	5.259159244220018
226	4.91993857851631
227	5.9031429265742625
228	6.123586438612987
229	5.98492697361799
230	5.372751294071372
231	6.01122499695367
232	5.73264520660109
233	5.904933845586453
234	6.345895853231174
235	6.209477747765288
236	5.740926901534048
237	5.483888039044706
238	5.878749093762104
239	5.6055792544035015
240	5.855225875682862
241	5.801460571829562
242	5.5073182122058295
243	6.112815409373532
244	5.7423997794353
245	5.957624076573189
246	6.113847780880034
247	5.611512355647786
248	5.590882903960893
249	5.729691049157014
250	5.827762841854545
251	5.675571867619
252	5.737710222276349
253	5.673599629066135
254	5.817900478278766
255	6.315017482927134
256	5.762784404025153
257	5.839527886618948
258	5.871144685040371
259	5.7760902518717465
260	5.863244619327659
261	6.057306045317104
262	5.934108458157839
263	5.656065706770566
264	5.819864095114403
265	5.624748652233928
266	5.773548964959319
267	5.730415110098877
268	5.773881268686363
269	5.4843833744820145
270	5.536493516416759
271	5.473355302304759
272	5.581711260332021
273	5.42310576122856
274	5.820641653500094
275	5.976914399027086
276	5.356880512175443
277	5.430138883769596
278	5.55888334865535
279	5.7682412541949155
280	5.532817799789118
281	6.116444955326602
282	5.744937657106792
283	5.958311998207643
284	5.327176084872823
285	6.08105705202689
286	5.5233813421621845
287	5.677966164141914
288	5.366578592084234
289	5.703693972654708
290	5.498749678056681
291	5.832461850066524
292	5.8227531167477595
293	5.639700906138232
294	5.89365116295582
295	5.723100006691503
296	5.936703757043007
297	5.398790615130464
298	5.413996852028245
299	5.956501901714913
300	5.662116609966111
301	5.551930735890999
302	5.785137153803622
303	5.594895652270875
304	6.247631397207385
305	5.853703384900488
306	5.989772507027966
307	5.914580007747649
308	6.387161030721512
309	6.484442944266355
310	5.6670026104553815
311	6.295540221877893
312	6.230632455176389
313	5.0686890904656385
314	5.733181734104352
315	5.857319785959763
316	5.791025199473065
317	5.489304708793866
318	5.212019210610485
319	5.755788364516025
320	6.017513228638578
321	5.790896741255122
322	5.530001631498858
323	5.59795038549344
324	5.73727286511553
325	5.680624367655149
326	5.733409875911475
327	5.487459077668651
328	6.19316064293224
329	5.978882295488623
330	5.654310805304025
331	5.664395134845506
332	6.2357854561691015
333	5.652230830514949
334	6.054384517437985
335	6.117745764197579
336	6.141403018127441
337	5.524312377458054
338	5.507253789266909
339	6.0534063894818555
340	5.172566252186761
341	5.755638025207414
342	5.933753931592826
343	5.985136634821879
344	6.0721131833295585
345	5.693856650626892
346	5.472639274391627
347	5.537795261552545
348	5.568243191237611
349	5.494134974121895
350	5.81805953490131
351	5.5796815410028415
352	5.326081877249102
353	5.58518581460308
354	5.665525547648523
355	5.381639759712032
356	5.356700576461506
357	5.4669389766493826
358	5.45034739390013
359	5.8990406969567815
360	5.392633390570552
361	5.532194117334936
362	5.546215158371622
363	5.442588238745526
364	6.066384918770287
365	5.460492825704711
366	5.841939356776694
367	5.614710734134511
368	5.646187717868124
369	5.51532508878694
370	5.293781938526431
371	5.24833486163124
372	5.431384823833821
373	5.147579861877535
374	5.088744998691777
375	5.331645385893859
376	4.757608265918064
377	5.460145562621313
378	5.323315055817136
379	5.573845774554229
380	5.508886915593496
381	5.2751499136320295
382	5.748728334287023
383	5.518253624463326
384	5.764014765132072
385	5.166995577086602
386	4.939143374611566
387	5.432989538551318
388	5.62027457263889
389	5.427323995567791
390	5.410496673338132
391	5.515647770884574
392	5.585931449388611
393	5.556052861295064
394	5.520759631750737
395	5.01109863072315
396	5.912121146191393
397	5.081736814541969
398	5.153555739321434
399	5.4769773649629565
400	5.780353097413062
401	5.597219834915425
402	6.038900828244223
403	5.723493168065957
404	5.5476429751047815
405	5.717109674963093
406	5.2859532546665315
407	4.953514136941857
408	5.0993887394743025
409	5.610390072277668
410	5.451719262394893
411	5.768227809766162
412	5.367990892508341
413	5.632437508074807
414	5.6292771020013825
415	5.385218411891064
416	5.576771791369825
417	5.539923351707945
418	5.61650639290304
419	5.098671276676138
420	5.841531459742866
421	5.483681343334673
422	5.711877763868914
423	5.455250512859709
424	5.7087617841871365
425	5.469312250151974
426	5.551766106187929
427	5.541944906477769
428	5.886123212891357
429	5.641814205196027
430	5.402301639529005
431	5.699992727168062
432	5.638751122293865
433	5.520505000350244
434	5.659957086585406
435	6.040466295901213
436	5.587423918046672
437	5.470534165847807
438	5.596250443470659
439	5.679510524878716
440	5.980452740549511
441	6.206881998282605
442	5.797011924798707
443	6.18217420288045
444	6.104007760478782
445	6.187413285756659
446	5.751215645319582
447	5.944817031568758
448	5.992972440648548
449	5.898078742196837
450	5.869031203948967
451	6.17727824933644
452	5.849111843016829
453	6.281718317487712
454	5.778038776009059
455	6.073793270888893
456	6.772607447567766
457	6.069595113122079
458	5.464794128196434
459	6.316187708609959
460	5.669846699880896
461	5.757748336611999
462	5.640813380243341
463	5.783615687371217
464	6.130688009230704
465	5.775746036887961
466	5.77856545177937
467	5.677341423496907
468	5.754246260002366
469	5.9862750133986475
470	5.765158011851016
471	5.616716231895989
472	5.966237368453961
473	6.148708409863943
474	6.174641553969402
475	6.057972538610064
476	5.408501905635545
477	5.434792626612066
478	5.697892188692468
479	5.411706829154093
480	5.54316383347476
481	5.700417389703339
482	5.670997474791183
483	5.851721171994684
484	5.825822256097152
485	5.3963263321317765
486	5.327126237809173
487	5.988491459015614
488	5.981289931143529
489	5.962045920395572
490	5.379314034309466
491	5.475315979939482
492	6.259279919784191
493	5.936263878181353
494	5.901274723276637
495	6.030301427129284
496	6.097303024119679
497	6.345028878528032
498	6.399959589515085
499	6.081094448341851
500	5.9654897669804505
501	5.740016876910014
502	6.364954151971785
503	5.212600952848941
504	5.277581001113064
505	5.2423755225482
506	6.009345362430428
507	5.742951502146393
508	6.262761676643525
509	5.296238380617993
510	6.052966027447723
511	6.225864760909864
512	5.544794890104728
513	5.564505714749903
514	5.782139562916965
515	5.798195979612292
516	5.916754054840155
517	5.755971097241468
518	5.8347862004723625
519	5.279983044388499
520	5.710111579643278
521	6.107763722601741
522	5.7468974417429
523	5.702603076987176
524	5.708564534573955
525	5.661645017322278
526	6.118197346927983
527	6.170891038218019
528	5.972987750464791
529	6.013048745675709
530	5.739751035885593
531	5.895514758737899
532	6.401154637778514
533	5.979771180473118
534	6.050088356535144
535	5.868299521110896
536	5.8370613338824
537	5.853568758786344
538	5.750170475557172
539	5.729893152257555
540	6.159100156876903
541	6.035554004038192
542	6.411389795337022
543	6.13389205536862
544	5.951993928786029
545	5.857841055233751
546	5.864427402239487
547	6.488300694532617
548	5.846110756089077
549	5.522975372076577
550	5.630834478648574
551	5.994315018381384
552	5.702670198862181
553	5.690544807989302
554	5.555712924274689
555	5.148945355904942
556	5.689500573721562
557	6.0060538614706545
558	5.717352768537857
559	5.432882443682714
560	6.029481319523682
561	5.461323529606434
562	5.830058205055184
563	6.180853404936084
564	5.831037875790295
565	6.192871818975223
566	5.993254761936382
567	6.021206147347521
568	5.901868595691024
569	6.11388671677857
570	5.621609123100587
571	5.759074654584382
572	6.0043593166092615
573	5.742788194266668
574	5.854801389923248
575	6.1997088862705745
576	5.911441485525909
577	5.93623464704661
578	5.951094590880433
579	5.605078232842698
580	5.86214252745806
581	5.628892821303269
582	5.805281082164825
583	6.1366958963519895
584	5.708788765747807
585	5.981178563536437
586	5.803365430787424
587	5.704269523700911
588	5.079656206089926
589	5.43228912727362
590	5.690089957347964
591	5.149238940929403
592	4.771521448845231
593	5.614983983767114
594	5.407798198827408
595	5.5124519324559005
596	5.585686027796833
597	5.713429410566906
598	5.49043833796938
599	6.130410171792923
600	5.569676655437809
601	5.111378911136414
602	5.154995813051859
603	5.286088678630266
604	5.601271775770128
605	5.762255606073016
606	5.5070645613743485
607	5.504858526964873
608	5.422083527431125
609	5.436654735217871
610	5.432814619867715
611	5.2977054830918195
612	5.230138752458886
613	5.78029157513699
614	5.697762921439422
615	5.655794317353598
616	5.74675121592038
617	6.172585958750023
618	5.643562204266624
619	5.641412130637953
620	5.723187891008743
621	6.017395810987033
622	5.62326708650291
623	5.750643476295762
624	5.695391594400633
625	6.005213581898503
626	5.637966676607598
627	5.542374665011909
628	6.018268728432485
629	6.092280529547919
630	6.442934536244092
631	6.146510892465407
632	5.875556420266959
633	6.097058432059313
634	6.246002156862924
635	6.285787808308697
636	6.440254668260498
637	6.353252451581011
638	5.994778503105202
639	6.063695087362367
640	5.932383990114323
641	5.799873206428652
642	6.2602087321330755
643	6.726931661697091
644	5.948712313070588
645	6.197027381450153
646	6.216091910485189
647	6.187158040077664
648	6.198742020805277
649	6.048683633683822
650	6.261916854934703
651	6.346665008796388
652	6.133942109331848
653	6.397074287450172
654	6.0396789497355305
655	5.238621989377334
656	6.715702180124766
657	6.5154485100306125
658	6.035520373095681
659	6.11157143915951
660	6.124080124243603
661	6.252360304933659
662	6.382265518879773
663	6.108730175995823
664	6.191806325466697
665	6.032647592164922
666	5.998293958537122
667	6.316470167507523
668	5.710846014083136
669	6.268852156531484
670	5.879074429733878
671	5.955801907043526
672	6.310251789893197
673	6.148187067640543
674	6.212450187812299
675	5.8051233643643
676	6.231909122622155
677	6.2137463972065845
678	5.998501477579902
679	6.631688025227805
680	6.220470408930056
681	6.393687698553093
682	6.331360708652814
683	6.535362790759912
684	6.205710594280905
685	6.031958088396975
686	5.748460589553486
687	5.9872530701760995
688	5.945299028163244
689	5.832877128338536
690	6.221595641990553
691	5.939959240097626
692	6.19841581370248
693	6.26245656673506
694	6.454750364288859
695	5.925622858770524
696	6.261281804183179
697	6.193160146040073
698	5.912069473656351
699	6.0359204727690585
700	5.751821480900646
701	5.894676556827179
702	5.6364413741342805
703	5.536228965925778
704	5.998994270151427
705	5.755459152204437
706	6.065117521176585
707	5.6134581275307
708	5.772017454336107
709	6.090701762777979
710	6.056447744099016
711	5.644634770667148
712	5.5412538327523615
713	5.399306794228181
714	5.908926390328177
715	6.056172324569053
716	5.7280792059196735
717	6.1579615779755725
718	5.698763780762539
719	6.122119129705459
720	5.8694487900070555
721	6.036347701554951
722	5.989184286630802
723	5.405835594453882
724	5.806533286458823
725	5.828430086793075
726	5.58270796209319
727	5.667407316357084
728	6.199477297838668
729	6.34515343213011
730	6.093046175984462
731	5.884864302003515
732	5.789299138849699
733	5.628852939231707
734	6.601864815467938
735	5.54825273288436
736	6.010266967918114
737	5.9543404618147635
738	5.501223973350071
739	5.209647873732844
740	5.469532068807672
741	5.287271240378066
742	6.108443193545031
743	5.680142312736887
744	5.605620426191977
745	5.856490489388174
746	5.3633729636030605
747	5.530985012984682
748	5.476958521383009
749	5.619636873522182
750	5.805751085779282
751	4.904243575668901
752	4.9241638498358595
753	5.096476953516282
754	5.580103137316377
755	5.171658448123749
756	5.429493473932088
757	5.501343498669891
758	6.195022577493062
759	5.85643931138154
760	5.519309802035651
761	5.883641259309344
762	5.804236771887785
763	5.971137419055914
764	6.048447135820486
765	6.109225265570151
766	6.000727162898645
767	5.921228130379961
768	5.625476536183152
769	5.932397972792471
770	5.642943899349757
771	6.045541922987627
772	6.628092008989432
773	6.0048000199061775
774	5.741676940701599
775	6.206813748869722
776	6.186800895534731
777	6.391676772082835
778	5.7258656102914705
779	6.576392315962981
780	6.2165341635932885
781	6.039604491750963
782	5.931192132480125
783	5.38707128511189
784	6.063308236667798
785	6.035199568551134
786	5.921557572473284
787	5.717772963187
788	5.742058857266939
789	5.609313369249
790	5.678441288691438
791	5.7693980554590425
792	5.601708987681868
793	5.637271755323952
794	5.820560590318928
795	5.288213183707153
796	6.323776418183434
797	5.606032938229921
798	6.248632961585146
799	5.985803095971861
800	6.053374586508154
801	5.431991533721507
802	5.629888560907386
803	5.82779373078908
804	6.04678242297678
805	6.094660728522258
806	6.152133337817198
807	5.89305662102958
808	5.6974539949402105
809	6.201830828815091
810	5.409515446227471
811	5.4159464494522105
812	5.427420254910037
813	6.0676393686396475
814	5.786344010236758
815	5.764803791376367
816	5.991254706718583
817	6.205170693293649
818	5.879299513671865
819	5.3149215294465595
820	5.954249260478588
821	5.893042165402703
822	5.872194455824813
823	5.6170108968297985
824	6.164494167830212
825	5.588232738379731
826	5.559939009407371
827	6.021236020923982
828	5.672774925233714
829	5.782095478712387
830	5.631206926784844
831	5.764577524097402
832	5.235420653819487
833	5.08087375830969
834	5.524817916839905
835	5.4756292233171395
836	5.464681353415726
837	5.808154518141164
838	5.919638249503964
839	5.71518992159005
840	6.009344407419167
841	6.062505911538707
842	5.808886683056595
843	5.418928529764283
844	5.735400993482827
845	5.395443562581271
846	5.937136611352743
847	5.6906743044291614
848	5.609631055398219
849	6.084348992632005
850	5.936738470310046
851	5.5372185742065785
852	5.532183698931101
853	6.074982958933951
854	5.712942642697218
855	5.725136618581775
856	5.618892181430033
857	5.698730081827797
858	6.2875034651575135
859	5.8762632097639536
860	5.6702992348209085
861	5.878789181528334
862	6.187422931861454
863	5.931631025424285
864	5.172186440853592
865	5.357709136611581
866	5.834355006671517
867	5.570380525839088
868	5.876200040514905
869	5.793480918797768
870	5.790807227392178
871	5.4571840879740146
872	5.264596970542302
873	5.32880229204822
874	5.611373388047868
875	5.156848570937628
876	5.550710870746902
877	5.661568247366511
878	5.808840714685508
879	5.826714741035694
880	6.121903290363457
881	6.036025802748108
882	6.197978296457787
883	5.9638776381832255
884	5.415447319548697
885	5.99379396008212
886	6.41510187053841
887	6.358401965271855
888	6.266118308897868
889	6.189301109922561
890	6.097264097802444
891	6.6576992466289395
892	6.242112982371014
893	6.2703025366345
894	5.999015269427117
895	6.519128247465498
896	6.038220867260309
897	6.320263604678762
898	6.404911955798218
899	6.140553720235667
900	6.1537542546369375
901	6.2315929455676615
902	5.974978507218068
903	5.967803907476156
904	5.856885933264447
905	5.504018477501636
906	5.911194820713249
907	6.264239526108571
908	5.973158373606275
909	6.053682360499592
910	6.15123568370937
911	6.051837170624785
912	6.139868656898057
913	5.923838239930443
914	6.652699970968613
915	6.385616827224136
916	6.527202836636496
917	6.5152641279377175
918	6.01927008753013
919	6.128307891713559
920	5.9274877674617
921	6.000060659774014
922	6.172992940007067
923	6.218536774652157
924	5.897564560962785
925	5.930579827864885
926	5.699580426023909
927	6.29822004027254
928	5.268208971743122
929	6.180852914169551
930	6.066534356481393
931	6.042894032332985
932	5.840663599814089
933	6.276167538990252
934	5.9659136473405265
935	6.0765468117840316
936	6.22839948010917
937	5.776921049871666
938	5.965040085046872
939	5.225668334983064
940	5.579380563149814
941	5.628916388075081
942	5.429604459974711
943	5.6558211675906644
944	6.1205987077196236
945	5.962805772466457
946	5.596652285445224
947	5.559775562497448
948	5.4905085023672795
949	5.883318380632396
950	5.826515548433775
951	5.733204287505625
952	5.2714092729177935
953	5.932375727459481
954	5.345177520832918
955	6.057427224607092
956	5.803991145448002
957	6.2527306390890836
958	5.952466009319486
959	6.039673685267442
960	6.449718884904943
961	6.378761438035027
962	6.308781153733278
963	6.281619607924008
964	6.112388265680525
965	6.184617224093733
966	6.12743437372251
967	6.407465279951555
968	5.922864162981202
969	6.038166727811545
970	6.242329429185727
971	6.388621991929727
972	5.9709760156113
973	5.826623339930286
974	6.19456692394113
975	5.490805921924369
976	5.334002556438497
977	5.686228979987744
978	6.197596850200942
979	5.519289397813274
980	5.5700150241419175
981	6.282088190756374
982	5.58062384997797
983	5.0172443637269355
984	5.699974687835494
985	5.52029739403195
986	5.6146570043834965
987	5.80127310122454
988	5.815440472219679
989	5.537084707907384
990	5.897214709596666
991	5.878399403096936
992	6.30124467598329
993	5.786932082081861
994	5.875687403221925
995	5.803934442621172
996	5.716645132886853
997	5.455787800631813
998	5.530464512736098
999	5.652379769989115
1000	6.079501280841688
1001	5.665245955084429
1002	5.649192525983973
1003	5.504183710098876
1004	5.650979260535985
1005	5.3708935293590425
1006	5.648305353754735
1007	5.782560805884878
1008	5.988576089356214
1009	5.217900278353805
1010	5.4229804203023
1011	6.186031750500912
1012	5.596730719218942
1013	5.43925007060862
1014	5.935639825387817
1015	5.572661189389513
1016	5.28502740632568
1017	5.8671665725445425
1018	6.401481428892479
1019	5.743424185862451
1020	5.9134357018520145
1021	5.49058871050888
1022	5.23478220733101
1023	5.922374465091859
1024	5.672104941094223
1025	5.852850103910039
1026	6.157190394593794
1027	5.965485605451755
1028	5.788737920647174
1029	6.251176229564244
1030	5.643271724723578
1031	5.529024884325772
1032	6.162065096488343
1033	6.230980863644524
1034	6.0255751486662605
1035	5.959161777082724
1036	6.027707338836144
1037	5.971478245939056
1038	5.603043490234638
1039	5.260290863006797
1040	5.759444373405389
1041	5.927794034986172
1042	5.982186090556626
1043	5.669138448539041
1044	5.321479437229324
1045	5.639942970372946
1046	5.199729089290965
1047	5.04808334402125
1048	5.818408311477702
1049	5.567846694304831
1050	5.931261362330343
1051	5.417958777570103
1052	5.3588693234910645
1053	5.649338507197564
1054	5.751062391190643
1055	5.863650849743202
1056	5.610467070173937
1057	5.845663401742126
1058	5.898608114406715
1059	5.744567203012109
1060	5.458853006517198
1061	5.522058651489906
1062	5.557317237237261
1063	5.602258283226077
1064	5.505883872608431
1065	5.893441322123275
1066	5.681678832649183
1067	5.731189676993453
1068	5.564528485306289
1069	5.982038014933709
1070	5.695657246308253
1071	5.364091837175882
1072	5.737390378466555
1073	5.733583707864548
1074	5.1596876792092745
1075	6.097230341344647
1076	5.858383245346665
1077	5.972097061539545
1078	5.807210906615065
1079	5.655375688688716
1080	5.649758512608845
1081	5.4587420696915565
1082	6.183759613213636
1083	5.66264451161546
1084	5.916383461123091
1085	6.087598249731822
1086	6.1771045191313085
1087	6.009618225843324
1088	5.970801394772128
1089	5.742585797380293
1090	6.064378661238824
1091	5.968749528773455
1092	5.944554821135543
1093	6.331262917206961
1094	5.790062973710223
1095	5.514590843079728
1096	6.1463612581866816
1097	5.814988788416448
1098	6.054526027834211
1099	6.100464219077058
1100	5.87235821098465
1101	5.767824824621472
1102	5.73405660585444
1103	5.841388809599802
1104	6.324559288098025
1105	6.01409597948018
1106	6.2663353830969255
1107	5.935762875303195
1108	6.182840558586916
1109	6.256648107445881
1110	6.015146544938463
1111	6.071724132427802
1112	6.08427141835229
1113	6.139454425759442
1114	5.720530751574664
1115	5.926063703798411
1116	6.297290712861331
1117	5.947359417467098
1118	5.759390016357913
1119	5.894400903393709
1120	6.202496430991909
1121	6.308856969356823
1122	6.276827610008418
1123	6.013019357849579
1124	6.04452463389692
1125	5.520673565474247
1126	5.9608872730379785
1127	5.968406502459353
1128	6.050533246845551
1129	5.72450188307387
1130	5.617556275835064
1131	5.710346106531957
1132	5.8746560348821255
1133	5.299059457562665
1134	5.4040817470679725
1135	5.582339327738754
1136	6.019292646707979
1137	6.151820103536906
1138	5.610155192544198
1139	5.949766577413378
1140	6.07636659827167
1141	5.556244493978143
1142	5.713370004409389
1143	5.690048179695109
1144	6.531169757974492
1145	5.721321192273594
1146	6.095597561490094
1147	5.6606719600348665
1148	5.75383628162729
1149	5.658134402858294
1150	5.105546501475136
1151	6.039760815457107
1152	5.887353368924587
1153	5.528308037733687
1154	5.995138582339066
1155	5.550692928765874
1156	5.437968869146444
1157	6.256190461860163
1158	5.920078312525288
1159	6.094500946883655
1160	5.926853427404706
1161	6.2981911822872565
1162	5.985073811007567
1163	6.045028915775005
1164	5.811649175232899
1165	5.58095083666909
1166	5.981169034798508
1167	5.677033955081244
1168	5.703542357069138
1169	5.33844418495931
1170	5.75057329772892
1171	5.8646237347527395
1172	5.789283964636592
1173	5.890031186540845
1174	5.394213280782923
1175	5.710385092518163
1176	5.419304953339746
1177	5.459903017762636
1178	5.421251683648311
1179	5.686083647368456
1180	5.9170664734956535
1181	5.706410090725825
1182	6.125079682680421
1183	5.575473598867112
1184	5.7590244190101805
1185	5.969743678997787
1186	5.734848754246344
1187	5.938088093821432
1188	5.866516542057814
1189	5.7710278795931345
1190	5.732117606824776
1191	6.13626458231807
1192	5.4120545133326665
1193	5.687215657208343
1194	5.886764290270625
1195	5.633251276891919
1196	5.811468652758617
1197	5.7875349985371525
1198	5.375446600021825
1199	5.533078636682626
1200	5.782063511138095
1201	5.882135866011263
1202	5.33307693490688
1203	5.34897586886929
1204	5.895290716343962
1205	5.327759073460705
1206	5.536461536757993
1207	5.407656188418545
1208	5.464842983949265
1209	5.7914179143307365
1210	5.556822927691613
1211	5.627800447961678
1212	5.688652621813384
1213	5.255665227608137
1214	5.737742162363626
1215	5.925236973616037
1216	6.082233134330184
1217	5.7422838740950475
1218	5.751031958821975
1219	5.8368614165566335
1220	5.73633116067744
1221	5.705155649472974
1222	5.563526146127811
1223	5.782398481384148
1224	5.574313688768981
1225	5.946856797358877
1226	5.8245877504457795
1227	5.692469276173329
1228	5.3856499921875445
1229	5.781093271730959
1230	5.9599906316040645
1231	5.702916742227347
1232	5.755197109937992
1233	5.573684224336941
1234	5.412994611556716
1235	5.601894188440536
1236	5.251823491099714
1237	5.8681428993104765
1238	5.913730644899137
1239	5.534567627420133
1240	5.757788547354518
1241	5.48028086473346
1242	5.628585216975627
1243	5.459022003599702
1244	5.433905028202965
1245	5.602396621432697
1246	5.488374856182323
1247	5.838964969344567
1248	5.928771055074175
1249	5.738057709153216
1250	5.607660672051947
1251	5.802380146986899
1252	5.452892022393748
1253	5.896595886631042
1254	6.0906813312538
1255	6.322952356962372
1256	5.510156986988055
1257	5.616009712261525
1258	5.8971165489744415
1259	6.168129166822812
1260	5.914598309087845
1261	5.6784648332094605
1262	5.1910884270860596
1263	5.616394373682306
1264	5.995363039308138
1265	5.766843631545983
1266	5.680256941082708
1267	6.296856465637923
1268	5.9608899923475756
1269	5.70355124039307
1270	5.786759874854715
1271	5.572579257447777
1272	5.692272684124787
1273	5.822761666547128
1274	5.498844140346854
1275	5.97886846041329
1276	6.2152307114853915
1277	6.1221489258970845
1278	5.879924395339344
1279	5.999666216442971
1280	5.460470389608854
1281	5.513300017730166
1282	5.7451038236737055
1283	6.035962883190324
1284	5.32539790991754
1285	5.6943129003773665
1286	5.583004302797882
1287	5.794633117337307
1288	5.598942917601888
1289	5.528265743915126
1290	5.282569949272047
1291	5.114152344396759
1292	5.611472263936801
1293	5.318225593574076
1294	5.514049615286836
1295	5.357051378235296
1296	5.659035803197312
1297	6.0800979856202915
1298	5.976477372556824
1299	5.364283968128948
1300	5.377171338528725
1301	5.9829664898885815
1302	5.5989714476545345
1303	5.705850866634136
1304	5.537833985503568
1305	5.575916088081172
1306	5.940473945174922
1307	5.4428507513247775
1308	5.353425646489203
1309	5.088831498742323
1310	5.606208318049313
1311	5.2739897313869895
1312	4.773283327484439
1313	5.313147267105411
1314	5.967728033757318
1315	5.605284959290799
1316	5.119467898470641
1317	5.54901111506333
1318	5.439055237226141
1319	5.500527533118395
1320	5.077031510521573
1321	5.415966075036007
1322	5.444917556506906
1323	5.639288088849822
1324	5.368738693725223
1325	5.738877894883617
1326	4.931798152282602
1327	5.314113142083439
1328	5.788641510807562
1329	6.532559600539574
1330	6.110573241926084
1331	5.970764655299308
1332	5.144803982375736
1333	5.051522874819126
1334	5.116133403750925
1335	5.653635646156859
1336	5.589606483591637
1337	5.535636881462534
1338	5.290676955201583
1339	5.823110131230614
1340	5.272721152209782
1341	5.494728317834154
1342	5.720756702074055
1343	5.761783333184269
1344	5.859185709974101
1345	5.485044729748738
1346	5.802309676917492
1347	5.36980028341735
1348	5.719422390358956
1349	5.9428731723128605
1350	5.410635440928794
1351	5.844899634679569
1352	5.835742717147923
1353	5.661725220181569
1354	5.2324618216019525
1355	5.305638014550149
1356	5.624824401796714
1357	6.174186983499756
1358	5.6496926662768505
1359	5.710147472351638
1360	6.353279533823579
1361	6.229968084861423
1362	6.23855590509699
1363	5.758436250566754
1364	5.837887254324089
1365	5.696413472879631
1366	5.8390182826505646
1367	5.990748113443681
1368	5.81872754147698
1369	5.823631811103551
1370	6.29553069576331
1371	5.968223107256968
1372	6.268561487827963
1373	5.737626382751239
1374	5.909082080630034
1375	6.165289463029279
1376	6.268357613308353
1377	6.328337713481886
1378	6.312249027021477
1379	6.072763959159997
1380	6.308960444040398
1381	6.211086633216755
1382	6.2847878716123695
1383	5.983637200427684
1384	5.549250721246344
1385	6.2949432188091095
1386	6.2614842776462165
1387	5.476286869277067
1388	6.0537572238235775
1389	5.528153448101165
1390	5.546374231812315
1391	5.437874018779037
1392	5.773632645048882
1393	5.830782559285413
1394	6.232400125336113
1395	5.743029888350322
1396	5.677340442957098
1397	5.810325647147448
1398	5.884436615702473
1399	5.973807493504397
1400	6.132115260250653
1401	6.350608270170849
1402	5.850044415023993
1403	5.6807459170213805
1404	5.653486478501571
1405	5.680934126888036
1406	5.143065795403197
1407	6.173300996615403
1408	6.074367701609459
1409	6.260637698384238
1410	6.059989043464743
1411	5.780103198669318
1412	5.6670685059256085
1413	5.663784750011575
1414	6.0098551919565475
1415	5.545435334905097
1416	6.375092286480346
1417	6.299730683078662
1418	5.53499000377343
1419	6.092626693307747
1420	5.946882393609475
1421	5.742322827497434
1422	6.224866511706265
1423	5.4799184848518525
1424	5.814845472146086
1425	6.082427621226912
1426	5.951596888610356
1427	5.777171731577011
1428	5.910175538371474
1429	5.750590531605309
1430	5.742623749590845
1431	5.549878071245124
1432	5.593946027452439
1433	5.255899459035877
1434	5.300907277822028
1435	6.027432816386004
1436	5.793033724292371
1437	5.221834154391182
1438	5.465583077079894
1439	5.123930479685297
1440	5.597098635124447
1441	5.505170320372574
1442	4.911033106969766
1443	6.031324903185951
1444	5.532371223409677
1445	5.508187728723302
1446	5.125681806644838
1447	5.685494515646184
1448	5.641950826806915
1449	5.577106463373278
1450	5.829735225278235
1451	5.061292273011772
1452	5.060806724324569
1453	5.230606121553127
1454	5.291894678820726
1455	5.6168806535712035
1456	5.719348798948067
1457	5.382266385710981
1458	4.845707250780343
1459	5.294230284244772
1460	5.833566172155283
1461	5.727110729148457
1462	4.7986303421784635
1463	4.915782487817209
1464	5.553668738509987
1465	5.641626194506553
1466	5.401614082810574
1467	5.497032300016506
1468	5.410371542618666
1469	5.4652560700353625
1470	5.899886070224726
1471	5.497792322209327
1472	5.21583551802443
1473	5.296651077651516
1474	5.343732994278449
1475	5.335386158901523
1476	5.572511565407997
1477	5.1884743755183
1478	5.34673203138556
1479	5.212263517797718
1480	5.365674021110207
1481	5.970855475283048
1482	5.900832952438552
1483	5.921427021711702
1484	5.515177384412604
1485	5.498171889263017
1486	6.049052854743527
1487	5.629063862886625
1488	5.480990045847982
1489	5.762347644009752
1490	5.646156452067968
1491	5.739488001323163
1492	5.023198485440846
1493	5.193100187036775
1494	5.22284130829023
1495	5.572805289264123
1496	5.540462515497305
1497	5.818514478892585
1498	5.947639852676922
1499	5.852321714933509
1500	5.982562731311761
1501	5.858339162973554
1502	5.665284486381322
1503	4.945545215067998
1504	5.383883426269074
1505	5.922528023142459
1506	5.617823506723764
1507	5.833300497561803
1508	5.491594827717174
1509	5.641856309622326
1510	5.588662274588583
1511	5.69925296119701
1512	6.095288645788834
1513	5.640991395021864
1514	6.183132657586693
1515	5.632076199200041
1516	5.582869578507265
1517	5.6535625999901775
1518	5.979653621440501
1519	5.915648805107235
1520	6.15542885132053
1521	5.894031920738821
1522	5.494810649515579
1523	5.754590530901901
1524	5.90141488575836
1525	5.903903398063134
1526	5.677128856200711
1527	5.333099174094646
1528	5.745301819056937
1529	5.873970671550019
1530	6.044644125965723
1531	5.623343471195428
1532	5.389346551645727
1533	5.3457323564055494
1534	5.372954792821525
1535	5.149825011758364
1536	5.391266630596907
1537	5.849876438366738
1538	5.532574206183518
1539	5.500732094997484
1540	5.573615056872587
1541	5.7542637723787085
1542	5.718675920342416
1543	5.657933807899949
1544	5.328293241282244
1545	5.601123816671301
1546	5.5483364920302165
1547	6.161501059625827
1548	5.398107667306564
1549	5.399736326352604
1550	5.200494201050892
1551	5.934284061366811
1552	5.5316265507241935
1553	5.402872789433436
1554	5.812823111436179
1555	5.370953943368908
1556	5.936292684547764
1557	5.429531363308321
1558	6.278404133460808
1559	5.554162605783156
1560	5.640230867674398
1561	5.726716346434003
1562	5.690504950955233
1563	5.16992718333302
1564	5.74810788845561
1565	5.686888378030024
1566	5.105616531792633
1567	5.516826482784998
1568	5.68556158372543
1569	5.804233485601955
1570	5.587284182612854
1571	6.078688021068503
1572	5.439558252737992
1573	5.69207566147736
1574	5.532148435997382
1575	6.046581170618588
1576	6.368958367274996
1577	6.02364918255089
1578	5.874372651518088
1579	5.407139345120802
1580	5.603607594930291
1581	5.724974716336698
1582	5.363782743687389
1583	5.773540795010391
1584	5.6195730034612765
1585	5.594595256535804
1586	6.260725481539133
1587	5.580858787746946
1588	5.378504188317323
1589	5.692670917751639
1590	6.141981145456093
1591	5.570763032368234
1592	5.958904991971072
1593	5.600108302294822
1594	5.612325448525871
1595	5.912461112876014
1596	6.096608005504931
1597	5.692829687758572
1598	5.763956279869319
1599	5.5807125166066
1600	5.560362381432653
1601	5.661220951645754
1602	5.627099494250802
1603	5.744009058759138
1604	5.931232573578
1605	5.578493337188262
1606	5.724499580386155
1607	5.702360681035609
1608	5.7058888983772995
1609	6.52036836235874
1610	6.09952792789788
1611	5.934321866804304
1612	6.433424208344567
1613	6.501232549403369
1614	6.08175034615031
1615	5.73164375517056
1616	6.346580204616374
1617	5.8408711702892715
1618	5.847998683862448
1619	6.135318425439258
1620	6.248168896240468
1621	5.5230971391126245
1622	5.9472118059605945
1623	6.175132604968858
1624	5.666234429643601
1625	6.221318368955184
1626	6.432499022053022
1627	6.1281043048668495
1628	5.567692235835682
1629	5.746137889271127
1630	5.763004472488157
1631	6.198135674091874
1632	6.254352559895396
1633	5.896444310978934
1634	6.0218270658727135
1635	6.238127164620983
1636	6.035122200394041
1637	6.3007920393171695
1638	5.905634561119739
1639	5.8188624379636975
1640	5.895393558354925
1641	5.719182588698122
1642	6.154372764366179
1643	5.793172534597083
1644	6.2831993569814335
1645	6.3628993410085615
1646	6.008547267802424
1647	6.13840117644741
1648	5.883335647024992
1649	6.530912355594332
1650	5.946597228463854
1651	5.971825832961622
1652	6.048647118320421
1653	5.5828257991949775
1654	6.094968485225903
1655	5.449011783784591
1656	5.3672202800087625
1657	5.7747446393737984
1658	5.657275383645047
1659	5.763692744287818
1660	5.402541383789923
1661	5.809622420160499
1662	5.982469904845597
1663	6.7255515703045905
1664	5.908389884898052
1665	5.201825753170276
1666	5.78923268386355
1667	5.544687102308148
1668	5.749720550946001
1669	5.721397707097904
1670	5.786420673029866
1671	5.639410572074946
1672	6.260723005095689
1673	6.07854629987615
1674	5.90161135417233
1675	5.502422425292355
1676	5.937634320513477
1677	5.951058050348786
1678	6.149055855656829
1679	5.500080511161165
1680	6.072793843076138
1681	5.8043308083113025
1682	5.7605017968915675
1683	4.682527502947362
1684	5.060352139530211
1685	5.05329785147233
1686	5.672586057574944
1687	5.093434361956006
1688	5.12360873395584
1689	5.455517599619388
1690	5.207813945685439
1691	5.2488186997787105
1692	5.330885197387106
1693	6.290369366260393
1694	5.644653267748638
1695	5.855584201592234
1696	5.822711067752005
1697	5.647339037183223
1698	5.890395234276779
1699	5.603094996338083
1700	5.716987051623108
1701	5.2953558226247175
1702	5.630299601819453
1703	5.593311433776294
1704	5.654801003903701
1705	5.975629164779385
1706	6.071416221780384
1707	5.928362116507872
1708	5.753415402088487
1709	5.296822953650972
1710	5.264623904458053
1711	5.520698969712547
1712	5.971702590190078
1713	5.76685458559508
1714	5.761390623009301
1715	5.571067027950058
1716	5.810141218373386
1717	5.374200591372327
1718	5.43801428470738
1719	5.586180223132097
1720	6.107992122420592
1721	5.797915726501048
1722	5.921331823432148
1723	5.844972032116182
1724	6.171878585395491
1725	6.262904834659761
1726	5.709493734037847
1727	5.6540494775336025
1728	5.790384667128144
1729	5.916966434749663
1730	5.629333984872673
1731	5.242628221584438
1732	5.944096281692048
1733	5.948557536288369
1734	6.034888856024392
1735	5.978740272291814
1736	5.688302960880106
1737	6.450888349475351
1738	5.846516703231303
1739	6.130580663803582
1740	6.146776482902242
1741	6.145496612870682
1742	5.956960640582796
1743	6.466928224775727
1744	6.298511709114439
1745	6.063422514900762
1746	6.454585417947441
1747	5.956000769374527
1748	6.052502590142336
1749	6.313321024781359
1750	6.135186370204194
1751	6.01438740214596
1752	5.091495913393561
1753	5.653846089756906
1754	5.972002276383082
1755	5.837068087196121
1756	5.862961981968864
1757	5.705406179235548
1758	5.866464692280616
1759	6.263329398377418
1760	6.5191167851328515
1761	5.741851537785812
1762	5.996101867574601
1763	6.172708488560704
1764	5.890617512522301
1765	6.004441976482754
1766	6.1402509018022275
1767	6.0899454177086625
1768	5.727106140092643
1769	5.8269458707333275
1770	5.892807552363932
1771	5.822092969556544
1772	5.5186894834606575
1773	5.976123965332206
1774	6.158665069009431
1775	6.272764453518395
1776	5.963651324684958
1777	6.320035288592838
1778	6.169374932483039
1779	5.986899960971749
1780	5.947510917196867
1781	6.144065764159285
1782	6.309588629212319
1783	6.514931000395217
1784	6.793402622590248
1785	6.453683666885091
1786	6.220207547636622
1787	6.008279048190994
1788	6.799348374666529
1789	6.069385775573799
1790	6.391852469774265
1791	6.251424922060258
1792	6.047098871303631
1793	6.4138484420115525
1794	5.933844567939914
1795	6.545683805566556
1796	6.210787084494859
1797	6.553407739436842
1798	6.295609739229885
1799	6.072275288218247
1800	5.950969510614743
1801	6.263034962983628
1802	5.056460238265459
1803	5.686850232387475
1804	5.276766294146704
1805	6.0879167693974905
1806	6.114534398709812
1807	5.1687973959665765
1808	6.154571713014891
1809	5.867431065047303
1810	5.816286781083459
1811	5.1535442861975085
1812	5.184726834130925
1813	5.127857249165953
1814	5.732777464482684
1815	5.58455128023273
1816	6.068087718141557
1817	5.998488111236918
1818	5.863211013955319
1819	5.842419027082928
1820	5.851364808378629
1821	5.333994123395575
1822	5.686290405575424
1823	5.853007397708374
1824	5.7719004335589865
1825	5.520048079732272
1826	5.9153028785958375
1827	5.814343594334641
1828	5.634687094234399
1829	5.1101953351801646
1830	5.806290572182646
1831	6.061858867509453
1832	5.652175022378578
1833	5.77297739863591
1834	5.444936951334255
1835	6.2486781314297755
1836	5.582760929410957
1837	5.446570161430593
1838	5.916684528821863
1839	5.712550471986346
1840	6.104214676921385
1841	5.849413175363029
1842	5.7288408746570045
1843	6.173364360119294
1844	5.621566476658119
1845	5.608720596065594
1846	5.687913463934656
1847	5.3601098416713615
1848	5.248816965572833
1849	5.310193878821829
1850	5.309268564753725
1851	6.091169025406294
1852	5.518657785399467
1853	5.613846720730706
1854	6.096448042494381
1855	5.493922696929685
1856	5.387065868706657
1857	6.26150954009722
1858	5.702634191215602
1859	5.551424644223792
1860	5.822220726069722
1861	5.9995947673545755
1862	6.1440105772429225
1863	6.129258991343681
1864	5.602478072063671
1865	5.198796892791345
1866	5.418133818792937
1867	5.843431642202717
1868	4.996428647051074
1869	5.537569353518925
1870	5.547642687966882
1871	6.20745017503414
1872	5.752968504857898
1873	6.122085071928366
1874	6.254223009194253
1875	6.295428720386273
1876	5.922329920985784
1877	5.5947336875128215
1878	5.676990401687472
1879	6.158047875866146
1880	5.549972526055142
1881	5.376774330650362
1882	5.953164309442621
1883	6.676507911810326
1884	5.454519850924478
1885	5.5772703448147105
1886	5.543515220074549
1887	5.841865585774375
1888	5.827064720995209
1889	5.099100656674065
1890	5.535029430464119
1891	5.931069091103112
1892	5.7026972481737515
1893	5.141511757922277
1894	4.986158748149474
1895	5.728491170195662
1896	5.588701962714633
1897	5.344308050066825
1898	5.599665978961057
1899	5.350760437193992
1900	5.297623726943146
1901	6.319034054006489
1902	5.862378768947679
1903	5.510983601828778
1904	5.417435929764404
1905	5.335619271431306
1906	5.641266862269916
1907	5.903829069655261
1908	5.3348726868247365
1909	5.307976249934422
1910	5.426270466993918
1911	5.466698128376143
1912	5.550105355390418
1913	6.076934568429852
1914	6.019968127842563
1915	6.001360902458593
1916	6.008570879602916
1917	6.110635553760065
1918	5.432722632546176
1919	5.76067289016449
1920	6.184931548575065
1921	5.970856631778668
1922	6.020572214322942
1923	5.715717012051575
1924	5.727342182425367
1925	5.514330533079146
1926	5.689094451198314
1927	6.082277731374797
1928	5.899426097337964
1929	5.582204118779511
1930	5.755200468886084
1931	5.932684788391946
1932	6.076278864025928
1933	6.017287843371094
1934	6.177337630531195
1935	6.046751588603697
1936	6.249645926515678
1937	6.462198573216371
1938	5.899986109739015
1939	6.1526996654316655
1940	5.966284791397243
1941	5.631318277361003
1942	5.861102515673626
1943	6.33073486929492
1944	6.129942653499756
1945	6.086882419956707
1946	6.088684974328658
1947	6.175979188458557
1948	6.278606413553906
1949	6.568058397444698
1950	6.080056898382523
1951	6.075989912119254
1952	6.349037466484478
1953	5.7247858575017565
1954	5.5772068647611
1955	6.1030724099077505
1956	6.270749692018128
1957	6.35879479839252
1958	5.872911571798257
1959	6.502098142023548
1960	6.184822497877873
1961	5.872990468971663
1962	6.314409352790709
1963	6.168559871030163
1964	6.156596158398204
1965	6.071646341931327
1966	6.164658907224326
1967	6.279440972615694
1968	6.230755382767496
1969	6.199305518740391
1970	6.121419529007889
1971	6.218787265579647
1972	6.623282484299729
1973	5.708921087716754
1974	6.227809346804222
1975	5.686580994435177
1976	6.395636332626611
1977	6.171165622427641
1978	6.09991921906732
1979	6.493169928308467
1980	5.822277449650385
1981	5.876302016528789
1982	6.453824608862643
1983	6.015463310822679
1984	6.1112173903619045
1985	6.238305891089038
1986	5.543928908188496
1987	6.081806002474958
1988	5.941791855026497
1989	5.952909879425459
1990	6.023049783911141
1991	5.441246306431645
1992	5.605345125471171
1993	5.835312614605723
1994	5.982427156095177
1995	5.333311974388115
1996	5.531686197563943
1997	5.942664753890728
1998	4.950264324451132
1999	5.409401405885229
2000	5.5621737733899606
2001	5.610638505866594
2002	6.176275000929853
2003	5.781384355867137
2004	5.800309897062348
2005	5.691632815222962
2006	5.645956655264487
2007	5.603134718113478
2008	5.38757393874572
2009	5.574423821497062
2010	5.555147068809775
2011	5.460336655212182
2012	5.835114467340914
2013	5.218404798414071
2014	5.773898746519738
2015	6.6308458863144875
2016	5.758368302431731
2017	5.978432818752479
2018	6.0936072753976145
2019	6.087197583299541
2020	5.614092349453263
2021	5.5441604092298284
2022	5.88458583849325
2023	5.007112976910477
2024	6.035611127955747
2025	5.750434745680611
2026	6.038189898084491
2027	6.026878119716887
2028	5.669099428789962
2029	5.9213719117637496
2030	6.448284569549021
2031	6.308915287666293
2032	5.77044512726212
2033	5.752383949441109
2034	5.885451232078593
2035	5.735888973108475
2036	6.01635818266398
2037	6.293853457046031
2038	6.285899725302864
2039	6.1821630904017315
2040	6.19455140126615
2041	6.269050899723158
2042	6.369403138840767
2043	6.611019985717085
2044	6.379964573924439
2045	6.278348220567148
2046	5.858047275128744
2047	6.422944165068644
2048	6.705052247436385
2049	5.903779284235329
2050	5.693292840357456
2051	5.85814061397731
2052	5.662291918440783
2053	6.134402047988771
2054	6.229407374189959
2055	6.166245720077564
2056	6.225690272533571
2057	5.925008399030227
2058	6.436398055126713
2059	6.521861169311351
2060	6.14659661484083
2061	5.873383880557879
2062	6.1468104531224625
2063	6.142515231642647
2064	5.988366152130934
2065	6.294159064220363
2066	6.107753479185452
2067	6.212065039170638
2068	6.029689136487533
2069	6.113145922811007
2070	6.248740973520748
2071	6.165802039134795
2072	6.284789576847922
2073	6.1934910850204385
2074	6.336315124258679
2075	6.318573652013317
2076	6.152208952055296
2077	6.107969952266518
2078	5.952211785879141
2079	5.991636289883978
2080	5.713659197123419
2081	6.016286400965331
2082	6.085687889629005
2083	6.144910046931228
2084	5.6865882458463215
2085	6.278886127958863
2086	6.188190228833151
2087	6.026577767684782
2088	6.564002613901529
2089	6.191606215127586
2090	6.230434494031424
2091	6.049115331873913
2092	5.957667567141329
2093	6.226082383110988
2094	6.192329191377992
2095	6.201953977502834
2096	6.284713496655445
2097	6.613915968660742
2098	6.151306342541842
2099	6.3759001403252125
2100	6.140864701241208
2101	6.095916795069337
2102	6.191456421823305
2103	6.23178991002534
2104	5.767532218739293
2105	5.668409729319973
2106	6.343119909086406
2107	6.046323733244949
2108	5.827822497796218
2109	5.982373177209778
2110	5.8700726699613455
2111	5.85479120382542
2112	5.868123139100291
2113	5.930692227628912
2114	6.2763746501338975
2115	5.999122220971473
2116	6.23031033969614
2117	6.177424151918992
2118	6.081114194466047
2119	6.140030335961578
2120	6.093795771906406
2121	6.155694196338432
2122	6.124915826088452
2123	5.974468093653389
2124	6.173409521307569
2125	5.823402826307361
2126	6.397264753179465
2127	5.793744003618696
2128	5.670002230738067
2129	5.474948252083658
2130	5.807846425760376
2131	6.138903664426251
2132	5.919507776263184
2133	5.60724801679876
2134	6.046056444206958
2135	5.85580348238886
2136	6.25597874157129
2137	5.950126892525375
2138	5.733565973022314
2139	5.707628746378443
2140	5.593315989081645
2141	5.984046967396741
2142	5.9486216570592125
2143	6.1675715519588765
2144	6.231917382943725
2145	5.709592426454404
2146	5.795877348986172
2147	5.710398931855655
2148	5.726313293719795
2149	5.8054295399156235
2150	5.737810558942439
2151	5.8324416179167775
2152	5.630226802159104
2153	5.738989555959688
2154	6.157917967079878
2155	5.554253820323283
2156	5.7622342824292865
2157	6.001180972163008
2158	6.246943274763779
2159	5.665570886583859
2160	5.685998544734881
2161	5.715151182068735
2162	5.869366574329803
2163	5.892945167307328
2164	6.238297215445222
2165	6.0229136705110395
2166	5.676649341726868
2167	5.877067705491937
2168	6.1507515142242
2169	5.873209543335803
2170	5.908367276175997
2171	5.52253667202055
2172	6.089949775284675
2173	5.896179258173681
2174	5.553172026959537
2175	5.870268437166684
2176	5.5290320120145635
2177	5.863557764119359
2178	5.389239690964534
2179	5.5753244619639855
2180	5.508335910621683
2181	5.4537810961618725
2182	5.34403186595507
2183	5.936096676840573
2184	5.8915370977870225
2185	5.790994924791101
2186	5.576928107751958
2187	5.930389315176567
2188	5.514637180459375
2189	5.816971525547723
2190	5.305528829530271
2191	5.618648983285205
2192	5.43618939101085
2193	5.462090789787949
2194	5.736878962695295
2195	5.822340670503114
2196	5.1346068476217015
2197	5.279255176544844
2198	5.736767147671852
2199	6.036001826304141
2200	5.243027711593768
2201	5.804956134646977
2202	5.259707823352561
2203	5.367144896667194
2204	5.538259161556615
2205	5.565854915200954
2206	5.75639330460821
2207	5.745184075386254
2208	5.506906022652877
2209	5.438342063502499
2210	5.2530603532860995
2211	5.750716189416787
2212	5.7086782818796244
2213	5.458351241167907
2214	5.00385452587205
2215	5.579106063883249
2216	5.993654221906233
2217	6.199196873229719
2218	5.7686696350609585
2219	5.641342666630806
2220	5.902478643001435
2221	6.111419262843235
2222	6.058229526693436
2223	5.863272741216814
2224	6.323774867242168
2225	5.944957524311593
2226	6.190094078708422
2227	6.386112607315041
2228	6.03382334425359
2229	6.436600068616567
2230	6.01120639881163
2231	6.125693460812087
2232	6.051194720128316
2233	5.543357721515576
2234	5.811266402836307
2235	6.063942303913728
2236	5.64071053818078
2237	5.479503835980905
2238	5.907164954068929
2239	6.17126298663675
2240	6.032518807671191
2241	6.078913486605897
2242	5.929199155294822
2243	5.942326471389162
2244	6.279225606787995
2245	5.9100193004993935
2246	6.032622586136849
2247	5.95540079234404
2248	5.851710468378734
2249	6.023689829725415
2250	5.956033236795962
2251	6.07854748993027
2252	5.698530638303035
2253	6.020976974539735
2254	5.753970508651941
2255	5.963379632630886
2256	5.558286114082897
2257	5.706687462450657
2258	5.716873984739571
2259	5.9549806793411
2260	5.639975177397779
2261	5.480844850344913
2262	5.457244679124507
2263	5.604082774020885
2264	6.223783551620465
2265	5.873332289451511
2266	5.495761728025013
2267	5.297026254150867
2268	5.162086825683118
2269	5.633163640684772
2270	5.561510482983224
2271	5.6695325628308755
2272	6.133566021838587
2273	6.113624640512269
2274	5.951822084997365
2275	5.472246632793768
2276	5.649428181659807
2277	5.4444421309982065
2278	5.261764562857717
2279	5.280268591202575
2280	5.70453762163473
2281	5.403064391394703
2282	5.001691346998629
2283	5.277831278101225
2284	5.400171166917979
2285	5.49374554096653
2286	6.173970224129436
2287	5.409261590842364
2288	5.5953502613105135
2289	5.565101434999473
2290	5.694982545175073
2291	5.4306022444949935
2292	5.927344796891515
2293	5.6899173511767325
2294	5.464894125545677
2295	5.615981406159808
2296	5.731621616164055
2297	5.747327610130213
2298	6.116087310655717
2299	5.866406571367807
2300	5.8718502349587105
2301	5.611492806398779
2302	5.679802860491596
2303	5.547240741217854
2304	5.385135862140514
2305	6.011123745142012
2306	6.033511711375744
2307	5.702621949648788
2308	5.523503749440496
2309	5.222080180992653
2310	5.687483391307782
2311	5.82643556011448
2312	5.46328679767055
2313	5.433274139859321
2314	5.715746087108449
2315	6.175906579625515
2316	6.045908623980089
2317	5.959436644357163
2318	6.215442528364041
2319	5.934152749001307
2320	6.049933900060822
2321	5.644221919394632
2322	5.891015071551581
2323	6.000069220641214
2324	5.922698703633873
2325	5.835035399793889
2326	5.578108305943493
2327	5.965969651726473
2328	6.0871892300624575
2329	5.883662268166315
2330	5.92835910522644
2331	5.87317936216157
2332	6.092214924141609
2333	5.790885615458912
2334	5.609761293925378
2335	6.080430722430485
2336	5.631904406574469
2337	5.767085572013818
2338	5.51487251035596
2339	5.706633341020155
2340	5.624091121370895
2341	5.647240350791394
2342	5.715213320435078
2343	5.677374584468542
2344	5.741958322368833
2345	6.009751565652235
2346	5.493294899705721
2347	5.684283382208317
2348	6.008510204331839
2349	5.7668932572083635
2350	5.4318052584960395
2351	5.88960271718046
2352	5.921275251965734
2353	5.540419741619726
2354	6.118528662539947
2355	5.6746005278872484
2356	5.823590953457839
2357	5.917918506875152
2358	5.8102507750071615
2359	5.848813238936408
2360	5.793100905646788
2361	5.948625949863176
2362	5.685406180717761
2363	5.688221925775677
2364	5.607060494039345
2365	5.797011894017831
2366	5.852138155504861
2367	5.702505618976848
2368	5.926028495927162
2369	5.928965438402309
2370	6.190335808087539
2371	5.690503493221385
2372	5.891641973385229
2373	5.901346326933943
2374	6.109707050260405
2375	5.440600960587895
2376	5.406031724790862
2377	5.835816913197604
2378	5.499372284225482
2379	5.65030768370661
2380	5.455937478355016
2381	5.847415941536176
2382	5.765227167520334
2383	6.078895678608567
2384	5.714984409346158
2385	5.780466129404952
2386	5.646689046530223
2387	5.782614946916772
2388	5.6334074588217
2389	6.035501750525301
2390	5.764395832035675
2391	6.431589037368631
2392	5.853729636748838
2393	5.713146510870322
2394	5.687170446307683
2395	5.579814248299977
2396	5.774073867936463
2397	5.619317374520013
2398	5.418002742472701
2399	5.4494261643208715
2400	5.280088408821061
2401	5.547065916495546
2402	5.65538179004087
2403	5.7462169995201045
2404	5.558605728755942
2405	5.9642168799128825
2406	5.818239400572377
2407	6.354722720627177
2408	5.920608592077759
2409	5.831812800660509
2410	5.850916465790376
2411	5.955149601374106
2412	6.026972788265877
2413	5.479935870940142
2414	6.054408085578891
2415	5.55217718683872
2416	5.708631056697726
2417	5.595975729964147
2418	5.917300749770557
2419	6.038940755886607
2420	5.822055336911006
2421	6.146919458250886
2422	5.933173884062668
2423	5.755903240126542
2424	5.592703127461356
2425	5.650076233713985
2426	5.63943165815584
2427	6.112055734095315
2428	5.810615711231284
2429	5.401464880719324
2430	5.909981104743092
2431	5.358719518294395
2432	5.543932481921328
2433	5.495264353718294
2434	5.750326198638388
2435	5.607967640279128
2436	5.579708983960613
2437	5.576650705579614
2438	5.719154827569478
2439	5.444157369469446
2440	5.787512470862161
2441	5.770408154389747
2442	6.054797208110988
2443	5.802458559926596
2444	5.721767512814799
2445	5.507539755677091
2446	5.8539718168968715
2447	5.694757331939961
2448	6.402496422587402
2449	5.847701925035649
2450	5.758031917439527
2451	5.795941312849315
2452	5.89201583992568
2453	6.126341271523291
2454	5.859997874398721
2455	5.978650000405924
2456	5.991587631746347
2457	5.911847884830664
2458	5.623783013382761
2459	5.468679079054549
2460	5.402751864521239
2461	5.56765894220497
2462	5.858147807305296
2463	5.540895940756495
2464	5.62052447537763
2465	5.82871844657429
2466	5.97639841417625
2467	5.433042945782632
2468	6.136198060055508
2469	6.012706458048221
2470	6.212384985596882
2471	5.6808395896278014
2472	5.6464894709381985
2473	6.212520456260726
2474	5.642399696678284
2475	5.328126421984376
2476	5.183776176888529
2477	5.331241837384669
2478	5.587220687598076
2479	5.8914522869557535
2480	5.784710536912257
2481	5.631853546701695
2482	5.761981596314011
2483	5.61300389908462
2484	6.056880829659963
2485	5.380514963268404
2486	6.17629554754091
2487	6.2231654498403675
2488	5.717261886523136
2489	5.61671788841375
2490	5.802460794896268
2491	5.716005138752708
2492	5.806730001507328
2493	6.041187610420917
2494	5.927365185034932
2495	5.964930675110866
2496	5.801869619003638
2497	5.447082958661712
2498	5.94935798358743
2499	5.769584003650556
2500	5.917032496526387
2501	5.738813786048587
2502	6.116169683517621
2503	5.449827669597158
2504	6.312009978963454
2505	6.049523170247386
2506	6.0714112390220345
2507	6.11914355945491
2508	6.29567032956859
2509	5.406848529650805
2510	5.433460258467234
2511	6.208714186810133
2512	6.128522540360218
2513	5.726247784156516
2514	5.697968176058208
2515	5.5557144402910055
2516	6.307374797146374
2517	5.485088268821817
2518	5.0853299172266375
2519	5.511322119295313
2520	5.536749889292493
2521	5.409848233834073
2522	5.4454829408838386
2523	5.406155096176033
2524	5.374567637273186
2525	5.50620286030537
2526	5.76208067322091
2527	5.1750432886985305
2528	5.512333488885227
2529	5.425304382603106
2530	5.695072459043876
2531	5.552903271226418
2532	5.20060204399467
2533	5.455067957389004
2534	5.859669211445507
2535	5.446423188657477
2536	5.541657700909347
2537	5.605642021442951
2538	6.194990728767146
2539	5.271931629323851
2540	5.440650908601059
2541	6.071834342630391
2542	5.689057275815522
2543	5.810061455112062
2544	5.691349975655268
2545	5.42827973814232
2546	5.219791446794173
2547	5.802318871999138
2548	5.438696521949801
2549	6.020427732610103
2550	5.817199576536608
2551	5.515764403246734
2552	6.19419802259597
2553	6.166328132394959
2554	6.045624820251733
2555	5.620732980676931
2556	5.991287556704291
2557	6.184674380360393
2558	6.1901005810778305
2559	6.059739871337461
2560	6.228982504349436
2561	5.9402833157725095
2562	5.980205475844233
2563	5.40526161959194
2564	6.136247269489957
2565	5.87632865313055
2566	6.072295477680092
2567	5.945881169208693
2568	5.938358770339913
2569	5.817077722692974
2570	6.066071468335908
2571	6.5175109554230435
2572	6.167738503597865
2573	5.761939643801017
2574	6.145185855365351
2575	5.897657605053047
2576	5.7415177131054245
2577	5.920872396360459
2578	5.654371283233838
2579	5.915984154983827
2580	6.345839383189484
2581	5.586638211627159
2582	5.577210067744871
2583	5.878474855485717
2584	5.959326367575097
2585	6.408742481839956
2586	5.760735333359535
2587	5.646328904039403
2588	6.372558929912301
2589	5.664560093880385
2590	5.550882403681016
2591	5.901363424729158
2592	5.833960057249
2593	5.678522138666961
2594	5.941889919810077
2595	6.230685553364715
2596	6.081677012887192
2597	6.375091855792325
2598	6.0431698765238355
2599	5.742103546474131
2600	6.2721248958343745
2601	6.000043175155311
2602	6.107103239618775
2603	6.464682378596906
2604	5.83835903267142
2605	6.1178276854351505
2606	6.550613840014545
2607	6.365908641227444
2608	6.371842869094414
2609	6.329683346365171
2610	6.011481234060232
2611	5.911577001482398
2612	6.638912839987195
2613	6.515079854254492
2614	6.408076173898092
2615	6.23616723095624
2616	6.374675146536162
2617	6.275704483994916
2618	6.079042781526945
2619	6.363153247192588
2620	6.7569646084748625
2621	5.9067987666025985
2622	6.184180952472749
2623	6.277314521090826
2624	6.2590232895012905
2625	6.102327346087623
2626	6.306133151897546
2627	6.42921656465697
2628	6.205080205526662
2629	6.432377194052813
2630	6.288799154200794
2631	6.286823675458159
2632	5.917126501205174
2633	6.3974170539730455
2634	6.697286561051816
2635	6.825388072167299
2636	6.532165116456272
2637	6.62165868305519
2638	6.590802343270371
2639	6.149133136102101
2640	6.275744340047626
2641	6.53383762067119
2642	6.2966960351254055
2643	6.35002779032202
2644	6.344655713116482
2645	5.952053612165831
2646	6.2257180199279425
2647	6.397025917086399
2648	6.233362249714826
2649	6.531968297532679
2650	6.085676421188578
2651	6.589197078624975
2652	5.92224801870885
2653	6.252674812158363
2654	5.972550922429147
2655	6.4222549902997095
2656	6.086548927313175
2657	6.4618201033930625
2658	6.134780404231436
2659	6.4816324391951365
2660	6.522214128052912
2661	6.387925517971597
2662	6.4376017844197095
2663	6.62941873376459
2664	6.319414458070254
2665	6.094161573452897
2666	5.90803463216839
2667	5.751481603190971
2668	5.732544786108621
2669	6.159787209635186
2670	5.6916807242721
2671	6.411234729325112
2672	5.835172018979852
2673	6.369526906258518
2674	5.485596908836635
2675	6.091456864659135
2676	6.311833510405113
2677	5.968020714237675
2678	5.940484889792095
2679	5.66646628570028
2680	6.031323429991319
2681	5.708269975665836
2682	5.761527581279053
2683	5.618847268144408
2684	5.302212544289661
2685	4.7712982537989665
2686	5.595432428883479
2687	5.407485190641309
2688	5.851811593360004
2689	6.045718904613899
2690	6.171688011805361
2691	5.77521485360269
2692	5.197408793776811
2693	5.98112991918255
2694	6.0217376831799445
2695	5.769607187340957
2696	6.130180642808875
2697	5.976943944541557
2698	5.815816459654037
2699	6.0156506265426595
2700	5.383041968933614
2701	5.542463236680766
2702	5.49689669067294
2703	4.980655289252437
2704	5.6469494916980185
2705	5.529032672855706
2706	5.215552582124718
2707	5.62265394661528
2708	5.480748516991382
2709	5.600649375606094
2710	5.59657952165037
2711	5.631607732809096
2712	5.8058344286104155
2713	5.783268185389784
2714	5.678151011765083
2715	5.941791267780135
2716	5.538802392052562
2717	5.528353165858675
2718	5.452376174146885
2719	4.933325209480714
2720	5.558827816110798
2721	5.377022786062556
2722	5.459829517922814
2723	5.34837968523347
2724	5.615765349461521
2725	5.612374491310917
2726	4.866304615248741
2727	5.85140577722821
2728	5.6297135582380005
2729	5.251030539973373
2730	5.83712477600002
2731	5.7072383582591115
2732	5.0362862363551555
2733	5.763887312029495
2734	5.623453072254828
2735	5.638869987688889
2736	5.329492446585927
2737	5.26310046532917
2738	5.315393961790052
2739	5.561374719968861
2740	5.323176555458061
2741	5.7041206914886375
2742	5.602367636350052
2743	5.738784334726326
2744	5.669933528903859
2745	5.530218146727045
2746	5.991997315879416
2747	6.0943302508705095
2748	5.822015353854334
2749	5.779216231506459
2750	6.15206074084664
2751	5.982121207968485
2752	6.309414514480228
2753	5.827479114269927
2754	6.266683609453364
2755	6.396766945639874
2756	6.158276763591379
2757	5.884734609268031
2758	6.213736383657401
2759	6.101315881408474
2760	5.687063880162396
2761	5.782223885765659
2762	5.945098929981897
2763	6.296939378552759
2764	6.074145578995687
2765	5.799684699345156
2766	6.0552690217981455
2767	5.704861135640743
2768	5.629794670340018
2769	5.411512745142136
2770	5.886600541879818
2771	5.89519114469053
2772	5.774172614986587
2773	6.3619348284053885
2774	6.098927957953196
2775	5.8018977936185685
2776	5.856167859404723
2777	6.012267764117126
2778	6.37843002652829
2779	6.21326160167075
2780	5.743769879579009
2781	5.962229968755517
2782	5.762585876010432
2783	5.83793886079177
2784	5.825351314451101
2785	6.123982873925233
2786	5.776234548327111
2787	6.100769971925854
2788	6.1633063001616675
2789	5.777361524586092
2790	6.149868645732829
2791	5.551940048670696
2792	5.732562674288368
2793	5.696951017387194
2794	6.0676668550975785
2795	5.293744925712692
2796	5.572695107758352
2797	6.194958833739998
2798	6.167314237188356
2799	6.309857934507798
2800	6.106475375328925
2801	5.942219650727194
2802	5.610388520146695
2803	5.94997741871726
2804	5.897359136034757
2805	6.304222481728476
2806	6.141040706285281
2807	5.935951878668551
2808	5.832135126947109
2809	5.920871254217402
2810	6.123080011133582
2811	6.38988350890614
2812	5.859897402910967
2813	6.275631827737037
2814	6.2774666764316605
2815	5.981884237024547
2816	5.7353962495639434
2817	5.844610266450858
2818	5.857629929728584
2819	5.690560094245265
2820	6.065846434637621
2821	5.698247810005124
2822	6.095883272657786
2823	5.913611011006056
2824	6.122298098461214
2825	6.128907930823377
2826	6.070301160657493
2827	6.533194906272362
2828	6.158516647681226
2829	6.187887230238263
2830	5.950588037731229
2831	6.048723475261403
2832	6.29745628083563
2833	6.236365751668902
2834	6.143000041627543
2835	6.50874833827177
2836	6.446508696308265
2837	6.238028768334635
2838	6.046500822488411
2839	6.199266511844368
2840	6.177215695615485
2841	5.775371290577018
2842	6.13271395719462
2843	6.070447634698698
2844	6.331873543159415
2845	5.952452092131736
2846	6.163691328084207
2847	6.596290648652096
2848	6.38177801859952
2849	6.390387924090268
2850	6.2363201527808165
2851	6.219695324524036
2852	6.1243711553533675
2853	6.433505426520901
2854	6.054515364616059
2855	5.61827064187119
2856	5.652630275954046
2857	5.626405927343815
2858	6.309611867833964
2859	6.319450101372725
2860	5.980364910747896
2861	6.251868264769185
2862	5.996352324658381
2863	6.169597159470846
2864	6.385853731381531
2865	5.429307419563932
2866	6.284469140295348
2867	6.163580878764309
2868	6.157922092434183
2869	6.203902841379248
2870	5.955999138355401
2871	6.220065188420486
2872	5.977027980601333
2873	6.436279301927519
2874	6.114147408512307
2875	5.979297840992322
2876	6.160488651847818
2877	5.765231470085862
2878	5.78796634181238
2879	6.033214330120751
2880	6.11608327567591
2881	5.873837449589658
2882	5.989112363292904
2883	5.952525000273518
2884	6.334234608773895
2885	5.949134245029167
2886	5.957012621635721
2887	5.602445660906332
2888	6.04474665420659
2889	5.758016017359393
2890	5.53326336996043
2891	5.248035922296491
2892	5.512963566227415
2893	5.727634945382974
2894	5.639772593992707
2895	5.504370328728771
2896	5.623380620340938
2897	5.7817783899964486
2898	5.520779872466385
2899	5.133067957736116
2900	5.536966222967841
2901	5.334383951499922
2902	5.140476464087629
2903	5.427027474278512
2904	4.989510098757528
2905	5.417980154523465
2906	5.219824536002105
2907	5.601237284742812
2908	5.707458436118
2909	5.730178755632432
2910	5.726880774565759
2911	5.913301759656443
2912	5.630935500483951
2913	5.742659628012346
2914	6.106524585431029
2915	5.362170746749703
2916	5.1191359721042256
2917	6.03055015163756
2918	6.025415859947521
2919	5.967282302635371
2920	5.671726769785288
2921	5.737463922527759
2922	5.689032798577434
2923	6.00256896824956
2924	5.984526884076937
2925	5.580823915784831
2926	5.934551901759758
2927	5.664234172267495
2928	6.2091641350555875
2929	5.805645035969816
2930	5.449266616440744
2931	5.143144401101444
2932	5.12547203981308
2933	5.25322272398107
2934	5.14847454590448
2935	5.5340507339111635
2936	5.355105456535609
2937	5.371655347842281
2938	5.496885422310395
2939	5.727990866128023
2940	5.210488054071047
2941	4.964682201124619
2942	5.064229911638966
2943	5.482474076907224
2944	5.159711122312537
2945	5.1998402744502865
2946	5.5707217026378775
2947	4.9916943412283326
2948	5.1949736509680555
2949	5.4410322391212596
2950	5.156406953646122
2951	5.481178124418232
2952	5.51893474098771
2953	5.469121516866885
2954	5.993835646561398
2955	5.814145342347636
2956	5.798888310458968
2957	5.772160545581717
2958	5.581782177684655
2959	5.741120279360498
2960	6.0221640606929165
2961	5.535438008273996
2962	5.858462421646267
2963	6.32246881705612
2964	5.612299719113228
2965	5.90751814275841
2966	5.9400182564007125
2967	6.0098764515203325
2968	5.823857373909238
2969	6.0601261651786285
2970	5.342796677867515
2971	5.567507992286443
2972	5.711289293491131
2973	5.6532462230418545
2974	5.590337686570762
2975	5.312102799140277
2976	5.246093909763419
2977	5.825016181016681
2978	6.244444802120925
2979	5.386285221665345
2980	5.415572110408317
2981	5.475862997876726
2982	5.746812354670518
2983	6.194857858091111
2984	5.658866661034131
2985	5.795606188004291
2986	5.5853987567775265
2987	5.381125188949209
2988	5.703984363707796
2989	6.04922477249592
2990	5.258192726257019
2991	6.207238082656804
2992	6.0610744081836
2993	6.067676800712314
2994	5.9829961168044
2995	6.0688900415114615
2996	6.103497583972552
2997	5.625830341309941
2998	6.073232760388766
2999	6.063496397719444
3000	6.02321642026133
3001	6.234561970398643
3002	5.821688324282389
3003	5.892798488443334
3004	5.979302425257912
3005	5.780264699322842
3006	5.910556713785573
3007	5.639486393663687
3008	5.5562254305897545
3009	5.783401857761944
3010	5.93172765867422
3011	5.746802435933793
3012	5.639994892877127
3013	6.192530218686398
3014	6.050084832584628
3015	5.978273703801914
3016	5.861483972920924
3017	6.22249026206413
3018	6.177486107647312
3019	6.444333534175777
3020	6.05218609496318
3021	5.753306162885697
3022	5.801595233596061
3023	6.0516243503773905
3024	6.236787829847872
3025	5.747662570350757
3026	5.406403388969526
3027	5.95941118049186
3028	6.3172286713450365
3029	5.958262678235788
3030	5.76581968546281
3031	6.161611641083352
3032	5.81951943091044
3033	5.920993765688555
3034	5.626780301037112
3035	6.10679013516791
3036	5.6631543779617495
3037	6.085506271696542
3038	5.5827499137154755
3039	5.825997647000028
3040	6.229023733335031
3041	5.26598710380237
3042	5.96891087387533
3043	5.939120003101354
3044	5.917898041395178
3045	5.935365273682726
3046	5.625585879985708
3047	5.8971552329963055
3048	6.03605571874492
3049	6.1556460098853805
3050	6.030692559011258
3051	5.676923479352679
3052	6.088500302898498
3053	5.9097179187268685
3054	5.91994842262278
3055	5.945309210166903
3056	6.102941479563576
3057	6.442201860819602
3058	6.206674207268299
3059	5.8721116737003225
3060	5.845408535896538
3061	6.065113940013376
3062	6.537719814804166
3063	6.161130140940826
3064	6.024606163579495
3065	6.12591503400811
3066	6.241733553352027
3067	5.801791044654429
3068	6.314298267222415
3069	5.687232583038995
3070	5.763072299140528
3071	6.075100619960745
3072	5.850875842859106
3073	5.63687905904797
3074	5.992415910590547
3075	5.890211468673817
3076	5.729997284175695
3077	5.327356801565712
3078	5.557896137524348
3079	5.319306160349178
3080	5.57855878972547
3081	5.844355482292607
3082	5.783148327935404
3083	5.503442321370958
3084	5.782027421767769
3085	6.000665584698302
3086	5.881489674915532
3087	5.494737966461017
3088	5.636116457278797
3089	6.05211401649758
3090	5.438128866871124
3091	5.6574395609515316
3092	5.577438029329339
3093	5.6183208757738665
3094	5.6126176194628075
3095	6.1446863184943075
3096	6.039415832657
3097	6.1160153597628355
3098	5.828154093641148
3099	5.436093342365246
3100	5.547243465269612
3101	5.696873831538272
3102	5.32577088883497
3103	5.834307055625612
3104	5.897800836982437
3105	5.900857120048817
3106	5.761877419620092
3107	5.672955594623878
3108	5.929208643825542
3109	6.1593516348101085
3110	6.089861533009238
3111	5.904446508237022
3112	5.9046248741491745
3113	6.105083295205353
3114	6.063596817101832
3115	6.075251321145378
3116	6.245320125824382
3117	6.180494922857813
3118	6.105309021379879
3119	6.2941207283743115
3120	6.130104707633962
3121	6.199908018397966
3122	5.390644560721053
3123	5.838736268682436
3124	5.9569241942910285
3125	6.2257531671263076
3126	5.936399175626385
3127	6.086403926734695
3128	5.401791037861373
3129	5.75380844253136
3130	5.626069699943767
3131	6.183240396218572
3132	5.7880002939412325
3133	5.870072740548009
3134	5.593809889203932
3135	5.700450911813363
3136	6.123582479921062
3137	5.401002364254084
3138	5.450681964157526
3139	5.30631442029424
3140	5.485793060837076
3141	5.8189584593622214
3142	5.523295322637217
3143	5.241248382857118
3144	5.399336039559488
3145	5.352710298688633
3146	5.55160672831459
3147	5.4932954275371415
3148	5.462169779615447
3149	5.272081711229731
3150	5.886728091912638
3151	5.40757637565859
3152	5.8434173429479355
3153	5.6342958271753645
3154	5.74213545826374
3155	5.898716786635297
3156	5.62255732701376
3157	5.732276906440246
3158	5.868576660964461
3159	5.490338777673275
3160	5.510256079447169
3161	5.585058061488037
3162	5.4207722477497144
3163	5.639939091150065
3164	5.457740322949288
3165	5.6750806089359
3166	5.435788136534243
3167	5.83215851419116
3168	5.929233432842176
3169	5.5525661504239245
3170	5.492909280003441
3171	5.742064520590798
3172	5.453578835027038
3173	5.906508668974241
3174	5.54644910048223
3175	5.625185525362079
3176	5.93289434797896
3177	5.862557100790608
3178	5.722644573869949
3179	5.523742731079742
3180	5.474138557847854
3181	5.489433370872721
3182	5.3810637556020335
3183	5.607880185237271
3184	5.707270359908353
3185	5.40378326644057
3186	5.536742679080771
3187	5.477799177945699
3188	5.288442662990135
3189	5.6607816271782845
3190	5.6370555252013785
3191	5.725110241639478
3192	5.496856415263827
3193	5.819360726292358
3194	5.797462750296047
3195	6.239989203927046
3196	5.341407961623354
3197	5.927103773517286
3198	5.587635939522981
3199	5.658175199721689
3200	5.851707047333645
3201	5.982646288431707
3202	5.8609875741987825
3203	6.026606948501109
3204	5.474268026197759
3205	5.635381969825387
3206	6.082022160867203
3207	5.238179988134909
3208	5.680025361542127
3209	5.624086844024292
3210	5.434335217318055
3211	5.097646869388563
3212	5.404460919676241
3213	5.661199480148434
3214	5.804525625352302
3215	4.9345352653816015
3216	5.8304905017678355
3217	5.275129974907363
3218	5.554371956869404
3219	5.595286844325675
3220	5.585722096409455
3221	5.663765228427031
3222	5.620934656435638
3223	6.058592468806152
3224	5.766083136989358
3225	5.415500926038545
3226	4.8276887756490545
3227	5.38024189000578
3228	5.276596087622688
3229	5.277526383301587
3230	5.388768029038101
3231	5.236866938248476
3232	5.256531473209577
3233	5.761683326708398
3234	5.584975319796255
3235	5.28909959876723
3236	5.896561621787823
3237	5.613982322446794
3238	5.489127992520347
3239	5.586670598150918
3240	5.696636632046906
3241	5.297977010667726
3242	5.672054926813807
3243	5.520858736350283
3244	5.633654310686601
3245	5.521732035079366
3246	5.75472246352342
3247	5.8054726499415645
3248	5.456793918551925
3249	5.9454697673210415
3250	6.323132958876164
3251	5.7704865645218435
3252	6.099527990452242
3253	5.416291310067154
3254	5.765470853746935
3255	5.769672159886732
3256	5.960934625848383
3257	5.760033701686391
3258	5.826889964173301
3259	5.76122317396964
3260	6.30813382504963
3261	5.470838353365557
3262	5.271974665308797
3263	5.411709866263448
3264	5.068455743981529
3265	5.6605721941114195
3266	5.450654651492701
3267	5.580908243103545
3268	5.4579227024785135
3269	5.119999092061235
3270	5.1960172020655895
3271	5.441571362778668
3272	5.312298500192641
3273	5.603827244218902
3274	5.558876719630438
3275	5.718332789625963
3276	5.584774830904616
3277	5.408822225261916
3278	5.136320026077245
3279	5.182541856927724
3280	5.694856883880026
3281	5.6757698977920565
3282	5.49411567732392
3283	5.056737640498637
3284	6.160840618464739
3285	5.497282559792683
3286	5.13916522767563
3287	5.280732168078935
3288	5.747114897313143
3289	6.0497833348649355
3290	5.72830346892157
3291	5.78607301116248
3292	5.815956190836012
3293	5.789432744505816
3294	5.443570462115932
3295	5.668522329344439
3296	5.731682917930865
3297	5.083988628906612
3298	5.603651369730063
3299	5.544891137653613
3300	5.334676239718724
3301	5.773523270630179
3302	5.219815580575974
3303	5.629496685194637
3304	5.51865543025329
3305	5.042473178462064
3306	5.50714663364883
3307	5.8252802997129765
3308	5.322901868979998
3309	5.873814503220013
3310	5.3428813399001855
3311	5.240960082263895
3312	5.5494675042728066
3313	5.414521736662197
3314	5.607513780194089
3315	5.93728402119472
3316	5.978641006983828
3317	5.541880075219461
3318	5.339653323397788
3319	5.216871843619153
3320	5.350212016889257
3321	5.760314476952815
3322	5.691717812208456
3323	5.779756259138537
3324	5.693484905180055
3325	5.473375771027069
3326	5.699910045503766
3327	5.285216032765069
3328	5.844327235448398
3329	5.502019427189855
3330	5.585725689883747
3331	5.887511453483745
3332	5.514716739811636
3333	5.515605119394786
3334	5.501934734369396
3335	5.949493749782951
3336	5.017005861764521
3337	5.358847072499239
3338	5.697656409192475
3339	5.47752599337392
3340	5.676805247672524
3341	5.487539554099367
3342	5.471921591064872
3343	5.683510276528871
3344	5.423749738896053
3345	5.30664876834909
3346	5.252043287360435
3347	5.7040108984238485
3348	5.6480188285552835
3349	5.5858563123209795
3350	5.635310248648125
3351	4.936881655133809
3352	5.184617358709039
3353	5.445183709031533
3354	5.349712378627994
3355	5.582064069109868
3356	5.3843020781756445
3357	5.697283424172423
3358	5.153476301843223
3359	5.802722846378907
3360	5.748245425980413
3361	5.417143042240104
3362	6.1736980161116035
3363	5.8262569256959305
3364	6.261938115889179
3365	5.360715667970861
3366	5.809691601280139
3367	6.227692989921153
3368	6.217163308863733
3369	5.894798310266531
3370	5.591931150602624
3371	6.099128154703728
3372	6.4491880124135275
3373	6.612425890811169
3374	5.905097598296957
3375	6.309986925905004
3376	6.276999808646089
3377	6.466577914907207
3378	5.941543298020067
3379	6.198118826334913
3380	6.073061450924052
3381	5.584396162709324
3382	5.974672933357327
3383	5.9091020536463805
3384	5.606335979932423
3385	6.0772572881224045
3386	5.847241185102956
3387	5.687279807757182
3388	5.708736758626915
3389	6.567922627046022
3390	6.040878880781985
3391	5.764222722909378
3392	5.386414102758543
3393	6.565221288492043
3394	6.264092229117931
3395	6.48455362037077
3396	6.346858962271434
3397	6.205060805875083
3398	5.691116798130729
3399	6.1438241340561275
3400	5.408780117490053
3401	5.932822222535672
3402	5.610799210766818
3403	6.104355908847619
3404	5.741810092457652
3405	5.710846312732402
3406	5.5352659737376735
3407	5.973804974231572
3408	5.669337267875316
3409	5.19022827385329
3410	5.305621122854574
3411	5.686460721488036
3412	5.706955654398433
3413	5.835178408837556
3414	5.777606492365215
3415	5.7102784251215555
3416	5.999223214845726
3417	6.16254878641836
3418	6.162887844055455
3419	6.164121803151698
3420	6.202670987593234
3421	6.597607688355422
3422	6.380319956946513
3423	6.3353527705712915
3424	6.301126871378862
3425	6.270022970449879
3426	5.751141920917875
3427	6.412012980093949
3428	6.4956332563969665
3429	6.321033481360951
3430	6.4771553577028005
3431	6.450240286362802
3432	6.300694441109457
3433	6.206707940609914
3434	6.148813834331962
3435	6.338914940364409
3436	6.841380598229886
3437	6.292844768620211
3438	6.298030572350749
3439	6.933052231979285
3440	6.515448237597239
3441	6.831639266744198
3442	6.481552749902848
3443	6.371097192557959
3444	6.531716594304977
3445	6.4036984875530125
3446	6.0152116055690055
3447	6.086035624013444
3448	5.801149266713576
3449	6.038523526131046
3450	5.9482405580793145
3451	5.547617035287941
3452	5.747647224377752
3453	5.953351089958112
3454	6.10459169944774
3455	5.685553599043099
3456	5.723064466379558
3457	5.852831762538714
3458	6.122659213942693
3459	5.733470456391896
3460	5.896982328296145
3461	5.712035222416861
3462	5.3949584020237245
3463	5.470467983690102
3464	5.600366485319667
3465	5.206159122527746
3466	4.928029423168013
3467	5.226040028117252
3468	5.407228789999601
3469	5.4073431886062915
3470	4.8631282047302475
3471	5.539536028964908
3472	5.250958992031485
3473	5.218527980271546
3474	5.913286717911221
3475	5.09476591988622
3476	5.0794365596414055
3477	5.3361181933263095
3478	5.187916934999789
3479	5.486777950273942
3480	5.435351344591459
3481	5.287351007668989
3482	5.318103758081902
3483	5.846999810682883
3484	5.302397910489487
3485	5.271918443042913
3486	4.707926489544391
3487	5.111592829371308
3488	5.2495233020171925
3489	4.999036476450069
3490	5.322023991714698
3491	5.37973866147404
3492	5.7499977061776715
3493	5.781269608984491
3494	4.948207544684919
3495	5.569939355399691
3496	5.608831589005778
3497	5.736643785297694
3498	5.6714398912601744
3499	5.6944778333755455
3500	5.740883448614275
3501	5.965818776078087
3502	5.905038946972382
3503	6.06276832663417
3504	5.683709707780938
3505	5.713159966968292
3506	5.894884026387868
3507	5.713063584596415
3508	5.906653323056972
3509	5.809421779042581
3510	5.687221044256102
3511	5.72471907428312
3512	5.456968265351122
3513	5.805297266297459
3514	5.727077831179654
3515	5.175515549465076
3516	5.624509858088713
3517	5.972643329477704
3518	5.926509003183319
3519	5.90185280111169
3520	5.954083359800034
3521	5.880778145646801
3522	5.769978347379403
3523	5.816563916177872
3524	5.899128194935109
3525	5.925606238292775
3526	5.461906998712102
3527	5.772150908747418
3528	5.9527520728192185
3529	5.678856356307451
3530	5.753951431512137
3531	5.458710998915546
3532	5.502588269223807
3533	5.677796231301681
3534	5.707391383163118
3535	5.73109687946622
3536	5.294793553839904
3537	5.798035241994473
3538	6.1480386099404
3539	5.965884797176485
3540	5.555328026622491
3541	5.7107188989916935
3542	5.468509479468001
3543	5.157706810603245
3544	5.750939097090834
3545	5.9597300721107
3546	5.403758429484878
3547	5.79633017163392
3548	5.974348439626478
3549	5.475399952157578
3550	5.675414624057586
3551	5.880923935005981
3552	5.901975633510151
3553	5.7490860257826855
3554	5.769461703877426
3555	5.798701533444774
3556	5.543948663057011
3557	5.885543882902249
3558	5.663551019717264
3559	5.385069871808441
3560	5.984477770919424
3561	5.5414910764382315
3562	5.426904281809438
3563	5.850430580918042
3564	5.527889196622495
3565	5.7428138605374945
3566	5.476172532557816
3567	5.570884821941987
3568	5.622149164990031
3569	5.748175132031298
3570	5.466315030004851
3571	5.656082526057806
3572	5.506881491530161
3573	5.091954035381831
3574	5.505796239843337
3575	5.991047671510671
3576	5.587531354159197
3577	5.683052282264369
3578	5.572058332461509
3579	5.16238359801006
3580	5.319385248133037
3581	5.225147007416803
3582	5.697949966034772
3583	5.9548327645268575
3584	5.560131735621965
3585	6.2226566808824195
3586	5.832372845766627
3587	5.94581154203688
3588	5.2549215301006775
3589	5.89634363547897
3590	5.566601553505562
3591	5.456502466524377
3592	5.578150056842947
3593	5.594444939709244
3594	5.2675795984737706
3595	5.443972090220077
3596	5.933127366927341
3597	5.959868358438268
3598	5.748356252481223
3599	5.0378680170043175
3600	5.485076796394088
3601	5.615717330432712
3602	5.709256975747521
3603	5.48326690357648
3604	5.553627159743896
3605	5.3074231475982865
3606	5.18514784033236
3607	4.991544125229443
3608	5.830765596605624
3609	5.645793383762926
3610	5.458591568644548
3611	5.487922303012007
3612	5.324645554714664
3613	5.351870065308752
3614	5.675754240408731
3615	6.2217642840434
3616	5.834930118081248
3617	5.7144893665417404
3618	5.479504528279807
3619	5.6212370701081795
3620	5.912227933583738
3621	6.118435019330046
3622	5.816213691384887
3623	5.692610194001549
3624	5.585962738282049
3625	6.085096952100704
3626	5.565515498616805
3627	5.849104751675561
3628	5.589496491825831
3629	5.871276731866386
3630	5.87953811689584
3631	5.931589761112551
3632	5.515782582401858
3633	6.001201747196479
3634	5.7477038388088895
3635	5.790188493584301
3636	6.060037440549495
3637	5.6614096977104085
3638	5.550529473691626
3639	5.656823415839294
3640	5.887315974075424
3641	5.6659260902829365
3642	5.35263530442395
3643	5.324695928000746
3644	5.498569081728552
3645	6.063296951301867
3646	5.696519020305391
3647	6.087638622260429
3648	6.149506378473776
3649	5.890129891022203
3650	5.8338430097185405
3651	5.779656225460615
3652	5.727744256394249
3653	5.682686483509001
3654	6.372135915747673
3655	5.707749206952505
3656	5.710224376698245
3657	5.917345175079784
3658	6.02546616618429
3659	5.780867151612793
3660	5.770361235908184
3661	6.121690699598919
3662	5.530956349481909
3663	5.676006670908034
3664	5.710714277398487
3665	5.647063030268897
3666	5.953103461334545
3667	5.390156674712451
3668	5.514585514200366
3669	5.94739391020978
3670	5.348141934512003
3671	5.61417205386847
3672	5.788558555803492
3673	5.627488057174188
3674	5.436298053168295
3675	5.817138612290265
3676	5.434953211101793
3677	5.679431084293311
3678	5.464873876491724
3679	5.432102419734152
3680	5.271372764656447
3681	4.848332998902349
3682	5.418173405815762
3683	5.786188494778507
3684	5.352980490577079
3685	5.484389774496775
3686	5.289599626853114
3687	5.82438030926341
3688	5.199095432983683
3689	5.635360885784006
3690	5.22670224767369
3691	5.910845318306849
3692	5.723708398854284
3693	5.380867977866042
3694	5.951718580678983
3695	6.141778217975029
3696	5.87497302373063
3697	5.66235742627421
3698	5.831126962268898
3699	5.750736981306322
3700	5.481804160563728
3701	5.939798765960696
3702	5.697597786883441
3703	5.610126072702828
3704	5.629150553525802
3705	5.87525478976228
3706	5.371910906471471
3707	5.648272729012428
3708	5.0862369497302105
3709	5.895424200122586
3710	6.230569590553483
3711	5.485524657906829
3712	5.215431570964561
3713	5.420370925850845
3714	5.249536506831353
3715	5.217211897397378
3716	5.384349373436154
3717	5.804602613739964
3718	5.564238238489423
3719	6.036425416530782
3720	5.851830445866639
3721	5.861785470768955
3722	6.056637087491277
3723	5.963019308970588
3724	6.113989849988053
3725	5.633431321342143
3726	6.370269201131007
3727	5.782465235059749
3728	6.113751893355431
3729	5.716013755416226
3730	6.055592722724684
3731	6.112796843555036
3732	6.785856770301746
3733	5.821669840697944
3734	5.43785699740796
3735	5.639957586045095
3736	6.16582629279652
3737	6.252891174194314
3738	5.9227227093471
3739	6.4756926951755345
3740	6.117517296169981
3741	5.954931851286519
3742	6.068411922852602
3743	6.084696971931618
3744	5.9353587689618
3745	6.339335052354567
3746	6.035925567542405
3747	6.112764756734142
3748	6.138805260784511
3749	5.809739287476163
3750	5.709372229394472
3751	6.10723961564466
3752	5.562927470608425
3753	5.694310419034173
3754	5.7616481707962155
3755	5.6771509821022885
3756	5.7755802411053185
3757	5.742427898506349
3758	5.989848348096647
3759	5.903342123176667
3760	5.796025156009105
3761	5.599961964975962
3762	5.408148631425011
3763	5.844419687611596
3764	6.0713354886713224
3765	5.752263141883197
3766	5.79417112358414
3767	6.153787789731637
3768	5.852932543088536
3769	5.821417852493612
3770	5.5372497078937135
3771	5.6718580911468734
3772	5.819975557101512
3773	5.8726556616813586
3774	5.354171578622262
3775	6.209983749663194
3776	6.00465216801433
3777	5.968368364401045
3778	5.54135479025079
3779	5.95746193749804
3780	6.031785007347568
3781	5.824711697415595
3782	5.6287905486612635
3783	6.175899835254126
3784	6.131603797614236
3785	6.081880306576279
3786	5.660163580509986
3787	5.40824581448181
3788	5.48447731768509
3789	5.612962876107415
3790	5.656063941727848
3791	5.683470460539964
3792	5.589286216294747
3793	5.653484790564841
3794	5.595252364500761
3795	5.898991044798203
3796	5.560805284895614
3797	5.908607813453818
3798	5.679190256765196
3799	6.03799548311537
3800	5.8275376025539245
3801	5.685532301575833
3802	5.610310788997006
3803	5.330612716363937
3804	5.420319532275895
3805	5.817629891370407
3806	5.5198468170695225
3807	5.390481976017678
3808	5.623746045025
3809	5.612058108935856
3810	5.947182741909203
3811	5.474033961680898
3812	5.586947532922274
3813	5.58022548218182
3814	6.047367377979779
3815	5.726055617928867
3816	5.669081637901422
3817	5.724151170866586
3818	5.3218384161186965
3819	5.536596060178827
3820	5.461886522127245
3821	5.534465319040089
3822	5.423949829285786
3823	5.3583201312989726
3824	5.334623046083927
3825	5.381640540188897
3826	5.28140450581663
3827	5.4907654100691365
3828	5.414692452150842
3829	5.777480699005572
3830	5.4196717740630564
3831	6.0208736837219545
3832	5.723466891434746
3833	5.740492993340831
3834	6.238269856424758
3835	5.8700924629091435
3836	5.2147078541693554
3837	5.540029092747421
3838	5.769900492530431
3839	5.752841205384157
3840	5.6354531963989265
3841	5.548423197830308
3842	5.679036742807571
3843	5.416705072612555
3844	6.2520379666378565
3845	6.072613369095052
3846	5.565777099923533
3847	5.93421694336372
3848	5.9656002097520675
3849	5.96580741058342
3850	5.738508566535659
3851	5.832982302083265
3852	6.141402645070728
3853	5.904496762538933
3854	5.70257343429655
3855	5.818080671574468
3856	5.889547333609979
3857	5.656701683233585
3858	5.325197044041872
3859	5.616968232909207
3860	5.841394612917467
3861	5.835833220936392
3862	5.946967183775651
3863	5.846089734542962
3864	5.9036259293405875
3865	5.705751953728281
3866	5.886952224561548
3867	5.752065153964031
3868	6.149586242248545
3869	5.813904371244072
3870	6.047906876046676
3871	6.049522770854782
3872	5.2755878460491425
3873	5.717682310906718
3874	5.422031754204728
3875	5.594027014543757
3876	6.066898068367102
3877	6.1361384393681435
3878	5.890217004549301
3879	5.999141822701236
3880	5.2060584826060285
3881	5.466029833301865
3882	5.462698218261112
3883	5.685378555349699
3884	5.30776489111224
3885	5.309447110327029
3886	5.817159705955336
3887	5.779167604177251
3888	5.703649598586058
3889	5.733210264232337
3890	5.6001927929485324
3891	5.635171682491615
3892	5.188194906593055
3893	5.820871590474899
3894	5.543425524041091
3895	5.525763667593317
3896	5.64218202242341
3897	5.991363891675331
3898	5.741198822207169
3899	6.093918650151849
3900	5.770887515969244
3901	5.8991204680268385
3902	6.187691016330689
3903	6.306279730050686
3904	6.28485544321226
3905	6.066385883211659
3906	6.025256657355907
3907	5.834919653099357
3908	6.06695701868551
3909	6.294580263257971
3910	6.106041171505184
3911	6.01917763089765
3912	6.48820973211813
3913	6.177766322263745
3914	6.201008192332834
3915	6.328602671568852
3916	6.630552418655389
3917	6.320473392657227
3918	5.949145364431295
3919	5.941657409959636
3920	6.139039959844736
3921	6.212246097277077
3922	6.321835125957502
3923	6.20464297156545
3924	5.983236411140882
3925	6.280632009543911
3926	6.199932489540154
3927	6.123815229517834
3928	6.214524670753809
3929	5.954792544057416
3930	5.960363657969675
3931	6.124445218601606
3932	6.169056225785828
3933	5.887203679405131
3934	5.613104878171341
3935	5.874148089044842
3936	6.521360651395295
3937	5.976188775859594
3938	5.84501623250809
3939	5.992594553164271
3940	5.761207564171401
3941	5.463232443121516
3942	5.8171842717253215
3943	6.188151607112198
3944	5.301119973487236
3945	6.077505590875974
3946	5.521784945934658
3947	5.800313442344319
3948	5.55035273934021
3949	5.322506808357621
3950	5.452988404534794
3951	5.42616320274712
3952	5.511423496548059
3953	5.336934053899422
3954	5.727154485592929
3955	5.703453461675197
3956	5.484999314697817
3957	5.533586777072499
3958	5.863414828390654
3959	6.294576842868256
3960	6.093803859198776
3961	5.901280726423384
3962	5.309908293692294
3963	5.520754291238022
3964	5.658105634559532
3965	5.217732193897491
3966	5.951847143800566
3967	5.804950137556106
3968	5.7751854254934445
3969	5.86998757645797
3970	5.869060755092071
3971	5.410461551769759
3972	5.72432783567077
3973	5.361581078602002
3974	5.955103770601591
3975	6.235848967652178
3976	6.198351563061459
3977	6.097247829252029
3978	6.181474241162181
3979	6.015635924677746
3980	5.761385997747649
3981	5.367270873766312
3982	5.200019080343831
3983	5.916000626266604
3984	5.6312210814697226
3985	6.282615032907319
3986	5.9489151934879265
3987	6.016143837169575
3988	6.035511234983344
3989	5.948517804345296
3990	5.743772481484498
3991	5.731878921287042
3992	5.592584681048838
3993	5.931240246675854
3994	5.761758351304085
3995	5.5172733334966
3996	5.864057912449995
3997	5.106008455325515
3998	6.205445074941796
3999	5.757786714371668
4000	5.804750497917295
4001	6.337042850313641
4002	5.7383514593050995
