0	48.641780461726725
1	45.31232563329986
2	46.223738906245636
3	45.682031401249354
4	45.766302225751794
5	45.449430671072676
6	45.949206095398594
7	45.32781493339385
8	46.2606049408787
9	45.10226822514436
10	45.86484159770306
11	44.890680517593005
12	46.31623233464556
13	45.057101390246466
14	44.94408746235702
15	44.771754741713835
16	45.567975244362614
17	45.4723928142079
18	45.24903527552808
19	44.91222600632774
20	46.12627868642547
21	46.797942579080846
22	45.82643135778339
23	45.2732933333649
24	45.27730745323393
25	45.96185354282271
26	45.980483413610926
27	45.95519468116498
28	46.19006767146602
29	45.231135756017814
30	45.84045490964449
31	44.537844442304724
32	45.731568292979375
33	46.03505370540397
34	45.412333152842834
35	46.28832862714439
36	44.74306814137149
37	45.39698647810294
38	45.04873317757393
39	42.77803161578066
40	43.926050010269044
41	44.837969274711476
42	45.720984909598805
43	44.90355845978172
44	46.032705385492825
45	45.89193813012022
46	46.83865283051283
47	45.26837103102566
48	44.049646230633826
49	44.10299935602745
50	43.23331097515698
51	45.12312981213663
52	45.26844414286627
53	45.10985593114011
54	44.964304834365215
55	45.47067447901735
56	43.96317127471938
57	44.705380106528345
58	45.81083423999759
59	45.47327238137951
60	45.52170717303595
61	43.877839698772476
62	44.90260422491468
63	44.77256257966599
64	43.21532466262871
65	45.0848437694442
66	45.84474974995153
67	46.32396326824054
68	45.47966967094574
69	44.37610862908987
70	44.39807219438739
71	45.98808810629593
72	44.49378097982254
73	46.64935524801558
74	46.97435521119329
75	46.17977422541846
76	45.83778745728888
77	46.1377945796325
78	47.01098380988192
79	46.71233124225702
80	47.49773214636592
81	44.37691063384193
82	45.32196961283048
83	45.463739594361
84	45.08871501947992
85	47.02765057460928
86	45.62272005498586
87	46.490081845574935
88	46.376768175273924
89	45.35922587300471
90	45.91499823741108
91	44.376451081409044
92	44.000343813184756
93	44.110430068986
94	43.44577133607554
95	42.923298616243216
96	45.44801119739135
97	44.4297458424472
98	46.717069786949125
99	45.95243543919851
100	44.77381780551982
101	45.092833229953776
102	44.324709712953016
103	44.603216531560214
104	46.55048651830841
105	46.72190317918874
106	45.91420342049161
107	45.18756865873272
108	45.30533873539525
109	45.65552479863467
110	46.309716262671316
111	45.15547076323927
112	46.87392022707329
113	46.29164201755454
114	44.48137324543616
115	45.59434875403926
116	45.912542853537246
117	45.74090827890866
118	47.0046711915393
119	46.90990478021709
120	44.85562689505386
121	46.11564600660582
122	46.71084635780009
123	45.83390087610321
124	46.46753327474297
125	44.517642773729115
126	44.61798790153339
127	44.21419975453802
128	45.192775634312234
129	44.53268871283549
130	45.99754064553626
131	45.26178068187138
132	45.50982172408178
133	43.799488703143986
134	44.26440805500451
135	43.97031103709598
136	44.53122096604341
137	44.58646954955787
138	44.003884475690555
139	45.301179078727415
140	45.477139521088795
141	44.258863058159754
142	44.45270798489818
143	44.25972005037872
144	46.461387974414414
145	46.62301847258309
146	45.32745361387163
147	45.23420996002107
148	45.445607389929066
149	44.56394184511171
150	44.98377256610668
151	42.854983489001896
152	44.59385837878099
153	45.12766411752851
154	45.872105347840474
155	44.45838076764345
156	46.02073644081127
157	44.03493514270417
158	45.8211095893377
159	44.84997097009302
160	44.23970788461069
161	44.55271191122691
162	45.86623505039964
163	44.28381064026043
164	45.580442149465966
165	44.81208091915949
166	45.65587464226155
167	45.86848613453313
168	46.42452929708802
169	44.05117923833132
170	44.9381601034504
171	44.960655986271675
172	45.56658310869873
173	46.207219487717325
174	46.82279407917231
175	44.9768241549289
176	44.58734157073094
177	45.468955684690215
178	44.98602038368303
179	45.83700460739361
180	45.09354375894958
181	44.6183525201385
182	45.71962978546726
183	45.10446333415894
184	44.33662906132313
185	44.18707952949114
186	44.06508158885734
187	44.064903772638495
188	43.60227106832602
189	46.25102429381796
190	43.76555328807958
191	44.44236410574493
192	43.550185843427776
193	45.053685391005
194	46.19502799466251
195	45.14350960055347
196	44.66257159983273
197	44.737972915412996
198	44.17853278038932
199	45.527586577979235
200	45.47290581218544
201	45.28302820400968
202	43.85337910562374
203	43.97250347232905
204	44.59615662257676
205	43.92443543197943
206	45.91986729381726
207	47.55053977587998
208	45.14261557967254
209	44.62317827414828
210	44.58601777765409
211	45.672873239265684
212	45.141605315672564
213	45.07138467487744
214	45.46847143419162
215	45.005561894778914
216	44.78905907477336
217	45.33593994736131
218	44.34376139746311
219	42.69116109714123
220	43.80262049404801
221	44.087465683785204
222	44.47896727174426
223	43.774450052296324
224	44.503991261268865
225	44.30242141876381
226	43.49538460348348
227	43.27205182298934
228	44.66516249105295
229	45.48819724152408
230	44.3305545814995
231	44.7414094499
232	45.19216143929338
233	45.165420063562664
234	44.22187756427019
235	43.71801100136011
236	43.95607230770533
237	44.28910575263881
238	42.95765241197933
239	43.43844437740235
240	44.09223121842272
241	45.011821791742875
242	44.955026404976564
243	44.74622372954653
244	44.58477564235622
245	44.153775441318
246	44.50025089800603
247	44.67964267714498
248	44.94172053496525
249	45.862915119950976
250	45.21779124190303
251	43.99178929990873
252	45.05627347015462
253	45.391653564803526
254	46.11189595673751
255	42.34426604162962
256	43.210651176156176
257	44.873556171611156
258	43.92925420142467
259	45.902574012220754
260	44.8597693722741
261	44.688795921214854
262	45.66033700391348
263	46.833469207106134
264	45.5068437282294
265	44.63222873242731
266	44.50245188169661
267	43.638385569097245
268	43.79073924067386
269	43.66753827718553
270	42.43866559692065
271	43.72996195894424
272	45.022306562306724
273	43.26467131118785
274	43.000609427072746
275	44.93050966282815
276	43.25025201297376
277	44.91082871730705
278	43.224536714462346
279	44.041976434177336
280	44.74696648216092
281	44.49732882479013
282	42.86322175578333
283	43.56652049652917
284	43.32745344400865
285	44.43189875622472
286	43.716273105614725
287	42.680754601130594
288	43.552923987266404
289	44.8379644108882
290	45.02449388767694
291	43.77983806026356
292	44.248017464722054
293	45.20127213671096
294	45.00209093346047
295	44.53275014478986
296	43.797922081595445
297	44.135238077934666
298	44.80347865721832
299	43.816266639358936
300	43.1758020962889
301	44.372075988617254
302	43.518831012965016
303	43.24010868721141
304	42.840027051884064
305	44.35073149541668
306	45.657778580075984
307	44.57491854388094
308	45.465407481395616
309	44.03476684952557
310	45.26748030166428
311	45.65338347669197
312	45.92205581714071
313	45.70881839035244
314	45.32467744962689
315	46.89963243364671
316	45.577596532813274
317	44.06040605406633
318	44.17910568647191
319	45.073009170772
320	45.223574294034044
321	46.88395279844851
322	46.06550601967762
323	44.44701267318717
324	45.728257603770786
325	45.314401721541905
326	46.20876493311752
327	45.49368220819045
328	45.29429872474932
329	45.6453014464196
330	45.63916705561506
331	46.151514989765644
332	44.82269919738244
333	46.36885067580883
334	45.400926994485395
335	46.25192514630931
336	45.67744787463212
337	46.163252391270916
338	46.321686307065896
339	45.8909853386795
340	45.24525953182588
341	46.438501003427056
342	46.166206309463476
343	46.084350658881164
344	45.552819792075034
345	46.086955389829996
346	43.61528685792654
347	44.956590608001086
348	45.83587305305659
349	45.54890878663212
350	45.5275993124479
351	44.52149081501181
352	45.51313424792329
353	45.94045823171271
354	45.846912982150265
355	44.72856732572748
356	46.82645552388787
357	43.67884772892088
358	44.82064812198829
359	45.720093896187954
360	46.636090369378756
361	46.993040449393156
362	46.484043754475294
363	45.75672038358755
364	46.20627894902133
365	45.192837559375654
366	45.839794932986806
367	44.59259260596122
368	46.05890623331825
369	44.77776900014597
370	46.13074947969551
371	45.74192633764085
372	45.2674526494486
373	44.93122932054508
374	45.465657306750515
375	43.6620343219649
376	44.545415703464045
377	43.82860739535276
378	44.248817321793425
379	45.728840326511694
380	44.80778270221338
381	44.87475593024321
382	44.809515374984926
383	44.61764970083504
384	45.218835489509516
385	44.31832800858555
386	43.794101897145794
387	46.574726716008634
388	45.673237816196924
389	46.044168033622256
390	44.625529382731536
391	44.11518243024833
392	45.25697735260994
393	45.07409522986403
394	45.8007025428965
395	45.46520346058862
396	46.39412559709648
397	44.196210403763644
398	43.88571028975719
399	45.695594137786905
400	45.46407800634496
401	45.01680713444216
402	46.0578089788129
403	44.898505923535346
404	43.18961817787713
405	45.54397344005937
406	44.82070906458876
407	46.53756416634853
408	45.2612028228569
409	47.14852587739225
410	45.252403885917566
411	44.742230959286246
412	45.948001668724345
413	45.28081565155302
414	44.637194706747295
415	46.63254073088944
416	45.39770796313069
417	44.575196850466256
418	44.779086269239
419	44.375553285562106
420	45.60365528306088
421	45.76584508442396
422	45.48308160272451
423	43.98239430524027
424	45.02356765752866
425	45.888958718819254
426	44.82184139056338
427	42.09989534124988
428	44.82075787298408
429	45.22398538379825
430	44.79869342513344
431	44.10724373889905
432	45.49411195920756
433	44.8638060482966
434	43.7852760592509
435	43.894149066036185
436	44.13134653774757
437	46.76503735783973
438	44.03831255658727
439	45.58251827624048
440	44.59028849609833
441	45.0691552734331
442	45.36491891299584
443	44.69263077625475
444	45.15100517300164
445	45.98325150841605
446	44.4599510680331
447	44.96994429087386
448	43.330276273477764
449	45.506325003375906
450	44.649193019615325
451	45.63079492998678
452	45.860470521050985
453	44.93250776924456
454	45.8486180753501
455	45.789440690632254
456	44.52589956217924
457	44.0923803540587
458	44.471568958352016
459	45.00758710988049
460	44.99547996022745
461	44.53032246501341
462	44.91846320490883
463	43.82629472363683
464	44.37403686498497
465	44.686218777581296
466	44.467198971981674
467	44.646637356922945
468	43.64090129026126
469	43.798076146926455
470	43.85618829628796
471	44.60876097112964
472	43.20043212213717
473	42.8752034400258
474	44.91393701992344
475	44.00332986237034
476	45.604850755623566
477	44.19601098463185
478	44.44285109613503
479	44.30203765657398
480	43.123141193860576
481	42.665850676639145
482	44.310259844233876
483	44.150625685061534
484	43.83632640002579
485	44.362122606282036
486	43.813434651096586
487	45.50855336203462
488	44.04480084772841
489	43.44048170782308
490	43.54921082097809
491	44.85745390486004
492	44.838995113953914
493	44.57080935436341
494	45.21378778418568
495	44.33871831060247
496	43.921406668748546
497	42.87652536509917
498	44.471447221911575
499	43.267443759564955
500	44.39992042001539
501	44.651946576711595
502	44.41453529505567
503	46.17728237973061
504	44.71097052769238
505	43.22986249370348
506	43.48910789337747
507	45.8110164541897
508	46.572189227834535
509	45.40046317004073
510	45.42384624516035
511	47.179314042917056
512	46.80966534806788
513	45.110510810064156
514	46.217496175984905
515	46.99031394074975
516	46.5857605342626
517	44.17306206822943
518	45.762849568765354
519	45.60713481699977
520	45.28924749770831
521	45.40535056516626
522	44.18947132746639
523	44.016199463379024
524	45.39005667831658
525	45.39876475817003
526	44.44076148130808
527	45.81060065165296
528	45.63152243301732
529	44.3317034773886
530	45.80103791121351
531	46.54642391878735
532	46.2492224349412
533	46.29814035221521
534	45.43042014780346
535	45.407947851692704
536	46.20940633842993
537	47.49570774640154
538	45.97985511965323
539	44.7329012225953
540	45.634903162353915
541	47.16820201231773
542	46.47532654479358
543	46.745981973349224
544	45.18823085479513
545	46.463156811211384
546	46.995649021029735
547	47.70986059960782
548	43.88048896361582
549	43.71486997741583
550	45.313349910754674
551	45.256630681374546
552	45.06019500008022
553	45.154494655828266
554	45.5114490584284
555	45.63788291254551
556	46.4077968907972
557	44.69242218640589
558	45.46240292671698
559	45.71812074659945
560	46.19591764717367
561	45.92188688754741
562	45.63587692517931
563	46.307704669057365
564	45.07764758176799
565	46.09529979073095
566	46.396522329303906
567	46.20977407696695
568	44.95124802656616
569	45.369029264937396
570	46.41155476745872
571	45.98419697468966
572	45.255351494005424
573	44.95641012823579
574	45.563618201658834
575	45.034384733316124
576	44.74457979639179
577	45.521427637707426
578	43.64404497629222
579	43.82644351657478
580	44.92725547567913
581	45.59613173762327
582	46.109949193982565
583	45.492679305727
584	44.582107224785936
585	45.29823330581595
586	44.53992717871083
587	45.546183117010784
588	44.27847349101517
589	46.1921786808191
590	45.1451637023277
591	45.51088468609456
592	44.634164952433125
593	45.01234049285561
594	46.58770436750065
595	46.00217832462698
596	46.47049357723586
597	45.12536447666539
598	45.68418249422047
599	46.13491223574393
600	46.04719363076751
601	45.42462964914357
602	45.784229553038045
603	45.67248866715915
604	45.93360384526191
605	45.35535725931894
606	45.25895280405155
607	46.49934821763029
608	46.573311963984374
609	46.16199156817241
610	46.80542267237088
611	45.732817743948374
612	45.712489196058854
613	45.47256120377764
614	43.828336582395266
615	44.81603537397089
616	45.166452927894305
617	45.47564847531799
618	45.48896241991856
619	44.47140158253156
620	45.67345691767058
621	45.40191878084285
622	45.6227474370196
623	44.83136599564988
624	45.0190234023424
625	44.16865284284409
626	44.2617150927851
627	44.092802121620394
628	45.49298272941977
629	45.612004071178255
630	43.16674212140623
631	44.28722717291489
632	45.562643730366936
633	45.20286791548586
634	45.270170484167146
635	45.379327007978546
636	44.95133260993522
637	47.65508507070183
638	47.06441527121427
639	44.111611630595334
640	43.93864896050235
641	44.96651256985979
642	45.32355842286916
643	45.29056665046169
644	46.45569520925914
645	44.7865372640411
646	43.99039702819788
647	45.81123781615856
648	44.396018879191196
649	43.97556370796231
650	43.90698596467179
651	45.82771413733258
652	45.09676229113712
653	44.34822598622136
654	46.197252718237955
655	44.41194780681195
656	46.42563991516781
657	46.13557694043162
658	46.78418087821124
659	47.39962855116164
660	46.02807493161679
661	45.669535093199045
662	46.603968355251766
663	45.90551349925059
664	46.57274110682888
665	46.669987398894435
666	46.204648137625796
667	45.44754387364707
668	46.5905764694366
669	46.14064772115245
670	45.06983138808825
671	45.501674375657196
672	45.82026401403471
673	45.38858516190704
674	46.53737139232713
675	45.67397110481904
676	46.1934900410219
677	48.46242476527192
678	47.01821457209466
679	45.54853007180989
680	45.92459263527531
681	45.31186492113823
682	44.99203157494164
683	46.27108880795989
684	45.39241094477859
685	46.264505973026175
686	45.429179627495266
687	45.40107687132048
688	45.73812388244783
689	44.9470060481356
690	45.40074264740419
691	45.78430739741091
692	44.773295647843184
693	46.42789506152205
694	46.11874205910881
695	45.25284306202994
696	46.08919391285883
697	47.2310861194878
698	46.94071228604651
699	46.132581511967494
700	45.9780257153404
701	45.35914178403993
702	47.6105167469964
703	46.486513562348705
704	46.51242405726872
705	44.81021839929757
706	46.09321995718867
707	46.14266362009701
708	44.93267938904443
709	46.0051045705266
710	46.5176075249972
711	45.9606778658184
712	46.255751458994844
713	46.89919468471502
714	47.66889303381443
715	45.598539064073215
716	47.974341496033254
717	47.390412510691014
718	46.56642582080368
719	45.168346655262795
720	42.99643918540646
721	44.577547637650056
722	43.3457771677233
723	46.314536470209916
724	46.49068868954932
725	45.744701140698645
726	44.48263234032891
727	44.028847651443186
728	44.34010458813807
729	45.205062411467644
730	44.28270163504667
731	44.16819920046032
732	44.355569727439416
733	46.61606264241534
734	45.55248872714165
735	46.32721391546768
736	44.6604657541393
737	45.222798815462006
738	45.9444128220258
739	44.40736255787318
740	45.443869198069855
741	45.61096168535873
742	45.674836783904276
743	46.18420180577166
744	46.50826820639015
745	46.15095742797647
746	45.22859105272052
747	45.27551046316764
748	45.31196870814913
749	45.3724570539139
750	45.15636799460381
751	45.65125263360096
752	46.15666826551414
753	45.805006394322064
754	45.50402408610572
755	47.6050028476755
756	47.590564327529734
757	45.94858364550583
758	47.87331173761714
759	46.715311365991056
760	46.88689015507409
761	47.70045541654751
762	45.56339950447269
763	47.534388093125216
764	45.08517244572327
765	45.31425746923767
766	45.47737770294074
767	48.649968110578385
768	46.122752191189846
769	45.298757521516265
770	46.07703630922625
771	45.813170458848894
772	45.57435435124366
773	46.215050439413524
774	45.97704371149051
775	46.877853164812535
776	47.34842780580325
777	45.180965786691615
778	45.280665858845076
779	45.664288606664755
780	45.90209235211814
781	45.341040745707154
782	46.88529359860067
783	45.90378191311504
784	45.44793720931859
785	46.71173471139215
786	46.46769081216915
787	45.979233085370176
788	47.08450527581887
789	44.655903165222504
790	44.68095122939253
791	45.403338477501016
792	44.37771660933186
793	46.450508716302814
794	45.58852510917441
795	45.46969516648674
796	45.99363220590209
797	46.05809017869244
798	46.902489418373584
799	44.145438026868426
800	44.75565139452107
801	45.49190272319158
802	44.76599893662648
803	45.12297814358088
804	44.842118669736855
805	46.067630494808824
806	45.369505294876376
807	45.76668115768681
808	45.814876660314
809	46.13245672722995
810	45.39560998296594
811	45.58497651034729
812	44.43426049260085
813	43.48307997829484
814	43.731654233308035
815	44.19749943217998
816	44.641941152017125
817	45.694281545797026
818	44.64758837862335
819	44.42308421363289
820	45.04203315699502
821	44.7757283190691
822	44.44760636258655
823	44.686596106376726
824	43.92830460213858
825	44.43041089806321
826	45.4822869969867
827	45.72742831910725
828	44.988391765694544
829	46.427588790543986
830	46.53135034482216
831	45.42371621300254
832	45.6468329067732
833	44.92152168080564
834	46.174070143405636
835	46.13655489722251
836	44.084345274012506
837	44.395799789744586
838	46.08253491220279
839	43.67779052238257
840	46.08164694196946
841	43.883548738517305
842	45.460805315093
843	44.13934866699722
844	44.15566340322338
845	44.36524538164826
846	44.177466662362036
847	45.127876455308744
848	45.31718986372777
849	43.28507121040291
850	45.968367071413454
851	45.95315445369221
852	44.712667501426004
853	45.047171449393666
854	44.449131144150506
855	44.917163645601995
856	45.29907790954882
857	44.27264759833606
858	44.702154792112175
859	46.566273935012134
860	45.48349738034882
861	44.98608900414626
862	45.52789703663835
863	44.53002487926919
864	44.68962635046012
865	44.57932107229063
866	44.56452437187868
867	46.320635952552045
868	45.62901473964178
869	44.805401799912886
870	44.88986721821499
871	45.66889887909114
872	46.14996744941349
873	43.936989325677835
874	45.71441674455208
875	44.13342011978575
876	44.39151369046363
877	46.68433730378158
878	45.1684710738909
879	45.43972298584921
880	45.41551328838966
881	46.30755369952728
882	45.51955921793214
883	44.99172581190279
884	45.483570261083045
885	45.16130263408507
886	45.90076148234053
887	46.05666807164701
888	44.719428734586565
889	44.98422357747188
890	46.916611269031726
891	45.670094820151725
892	44.08899782785095
893	43.58649706131957
894	44.667263044809495
895	45.9722057078225
896	45.43352395845529
897	44.40409646398097
898	44.39950417884667
899	43.49634223471815
900	44.29035427790568
901	45.74497338381069
902	43.39924442144004
903	43.957174775539414
904	45.541724118727736
905	45.932267443316135
906	46.29369867353096
907	46.41781402387779
908	45.252993347492904
909	45.03549417933544
910	44.98783086274081
911	44.64955787825293
912	45.069394500575996
913	44.205169920351665
914	43.596830342641205
915	44.16946655173842
916	42.96271407022807
917	42.51280441829097
918	44.84552433862318
919	43.96513357970932
920	44.17316194478218
921	42.65070041897429
922	44.56842133185403
923	44.70792341623843
924	45.0147959679664
925	45.46360335619092
926	45.6441011354144
927	44.54985601171592
928	46.23136636116713
929	43.74890563480601
930	44.03206551925878
931	43.742204183535236
932	42.885899816907866
933	44.25047096462123
934	43.646375721344526
935	44.826180802223334
936	44.31337005560986
937	44.11470795044301
938	44.01605087195289
939	44.51264478724475
940	44.49250397636612
941	44.03723539882872
942	46.40320378253796
943	45.89694538903125
944	46.88746909725136
945	44.97359756892252
946	45.4580288703781
947	46.313549563974185
948	46.35518250872647
949	44.198704996326235
950	46.26622617858246
951	44.26120040110476
952	44.31198331134752
953	45.113948187106836
954	42.94246569090138
955	45.303511734144635
956	44.95132004532862
957	44.72310700016462
958	45.24604090088902
959	43.77547609812396
960	45.28590107600504
961	44.0870264107213
962	45.07396613579358
963	44.51490306163479
964	45.84369991440126
965	44.61628523969917
966	44.9365254759599
967	42.86257126505937
968	44.092909340761516
969	44.93566785609263
970	44.534245554477245
971	43.396232885675275
972	43.62718179005588
973	46.10644368624256
974	46.96843479738557
975	46.640642079692356
976	46.16133843248647
977	46.906712017414804
978	45.449093770700436
979	47.25053735936166
980	45.813417425379896
981	44.402934816304594
982	45.60182637381718
983	45.62968050453346
984	45.50089633924737
985	44.80371264125168
986	45.50707092560206
987	45.84300577317657
988	46.82573405707697
989	45.917613075186324
990	45.07933358554437
991	45.76171600139728
992	45.00059674405511
993	44.6233143684852
994	44.92130232045484
995	45.21933322890466
996	45.032466984345085
997	43.75106236867092
998	44.06268649506189
999	44.88605321123577
1000	44.87679531359805
1001	45.02083213752939
1002	44.601377709452095
1003	45.55661482289002
1004	44.75251359000853
1005	45.36291045972857
1006	45.88839109265076
1007	45.555363523600576
1008	46.07855832966101
1009	45.441158556098266
1010	45.005548532046724
1011	43.518477708956084
1012	45.716978105654746
1013	44.5735680897502
1014	46.13015318885639
1015	45.34752487797514
1016	46.22267200437083
1017	45.37758769800591
1018	44.37167118590154
1019	44.77896684936925
1020	45.76171753112395
1021	45.50165129256349
1022	44.8551425216106
1023	43.35593198512089
1024	44.902277025821306
1025	46.74595498997658
1026	45.67865301056801
1027	45.821598535231566
1028	44.16385602992946
1029	44.33088687955264
1030	44.93178761327042
1031	45.49408230072315
1032	45.49795292635893
1033	43.99278476785981
1034	45.19340309930007
1035	45.383234374560395
1036	44.70743896588739
1037	44.50010147882036
1038	44.28026549814904
1039	45.93442959257512
1040	44.84144836879806
1041	44.645746405447426
1042	45.36636430450551
1043	45.11944526287759
1044	47.01778739716353
1045	46.974610513145066
1046	45.6450153310682
1047	45.66588311738069
1048	44.22253066565084
1049	46.180242508495894
1050	46.33561331697885
1051	46.567960510702356
1052	45.874477041635394
1053	43.247130692875544
1054	44.6696546096495
1055	45.30493250352848
1056	46.238182460313645
1057	45.422200567360946
1058	43.968653231935114
1059	43.07038976317981
1060	44.60609007511023
1061	45.04336319168309
1062	43.4461471183301
1063	45.10042003032426
1064	44.94271976360092
1065	44.180118233687054
1066	45.02527513876039
1067	44.41484841664048
1068	45.847505744816516
1069	45.816906661918644
1070	45.31146843081339
1071	45.164075514256126
1072	46.06154451956831
1073	44.58323393720897
1074	45.504247343761406
1075	44.64658381462126
1076	44.9844653586559
1077	44.294247087396634
1078	44.44025336992579
1079	43.49018570774962
1080	43.81997900003295
1081	45.84676480106983
1082	45.443001300075444
1083	44.6653631227672
1084	43.87821296638831
1085	44.57750161218481
1086	45.41913591418174
1087	43.377700500308904
1088	44.842809196007735
1089	44.04086754086926
1090	44.40590248230599
1091	43.40440669576308
1092	44.3451603340788
1093	44.63189421566199
1094	45.04058733163258
1095	43.95270938230389
1096	46.18975173563543
1097	45.11616548289856
1098	45.180820463536875
1099	45.97199299215655
1100	45.9217400503866
1101	44.589818190581255
1102	46.12487346611984
1103	44.07741742857351
1104	45.70024175203079
1105	43.78111390199212
1106	45.59614398765581
1107	46.105969966106315
1108	45.09148975631381
1109	44.91901349805205
1110	44.7273792984018
1111	44.37845941135791
1112	44.67675132667971
1113	46.46135222876538
1114	46.191027318723314
1115	45.47511491505558
1116	46.09073432074835
1117	45.5718515830677
1118	44.49286507551594
1119	44.3833645464086
1120	45.608830563995504
1121	45.54075382781889
1122	44.37633026840702
1123	44.55844937741878
1124	44.55839332084278
1125	44.723906542807875
1126	45.776395018146715
1127	45.71395008976205
1128	46.21709383173587
1129	45.54144295246345
1130	45.62976429387013
1131	46.084261473123625
1132	45.83505170884288
1133	46.570735891218284
1134	46.052533805218154
1135	44.94124800249351
1136	45.310241535761406
1137	45.079452185136645
1138	45.76182352225593
1139	45.45013020118675
1140	45.620178177599875
1141	46.47541518155355
1142	44.15436968409326
1143	45.991397220593576
1144	44.406830252134974
1145	44.623334569268586
1146	45.565389285744494
1147	46.570009787729354
1148	44.19952947161704
1149	45.90352547103843
1150	45.16990431546146
1151	44.02113276391421
1152	44.94229668662943
1153	44.32490559052025
1154	45.853173909987085
1155	45.39623107268505
1156	44.52691572553525
1157	45.469092335568185
1158	43.03839454726284
1159	45.64024769623594
1160	43.79907422074591
1161	46.77428393071698
1162	44.71422259504941
1163	43.33411074652627
1164	44.78103588427393
1165	45.09269415621274
1166	44.86832941167446
1167	46.54188157966818
1168	45.75666638209796
1169	46.24686755801827
1170	46.28646963634005
1171	46.29709840868672
1172	46.52227512505115
1173	45.85523177413302
1174	45.6177181054397
1175	45.66623068689353
1176	45.40913373608804
1177	46.36448673991417
1178	46.61817586579982
1179	46.50121310270976
1180	46.091092549111764
1181	46.26484680571715
1182	45.17795379927337
1183	45.72678008922356
1184	46.74685328027753
1185	45.95084970429984
1186	45.78874520434312
1187	46.174123487153736
1188	45.47348103651193
1189	45.055613421133536
1190	45.64040225406506
1191	46.22711003880096
1192	45.882475636966454
1193	47.01749213719111
1194	46.9650152475839
1195	45.39035182041118
1196	46.40168340360912
1197	45.77876559081888
1198	46.564921688295094
1199	45.72210023177524
1200	47.02278616709832
1201	46.880627086476665
1202	45.79514803980047
1203	47.119070255819665
1204	47.09850074080041
1205	45.49303141395292
1206	45.75470365616303
1207	47.02137654071075
1208	46.98996868834944
1209	46.14191570540445
1210	45.91173311979536
1211	46.04440710242365
1212	47.318568378100295
1213	45.13853079839737
1214	46.52755789130805
1215	45.97542334308571
1216	43.91037193121777
1217	45.35984795859435
1218	45.3757198286353
1219	44.5875962365878
1220	45.22894896026827
1221	45.621338041889274
1222	47.76759594646636
1223	48.77901308239615
1224	47.67618672831329
1225	48.545377055116475
1226	47.7080985417307
1227	48.79990092024348
1228	47.08488721859844
1229	46.41691987879999
1230	46.612826029181335
1231	47.008619654066884
1232	47.2115570117024
1233	46.84021641322234
1234	48.03134589285179
1235	47.26175351811892
1236	46.557634968889985
1237	45.187861857133115
1238	45.92027957216986
1239	45.35710987467148
1240	46.87387258725827
1241	43.5501805290558
1242	45.670967768825335
1243	46.91499667643514
1244	45.47588010535385
1245	46.752581420071884
1246	44.67095183414771
1247	45.66515684167955
1248	46.42815568815177
1249	44.79477938733565
1250	46.1913718377061
1251	45.133108407736245
1252	45.60940885234937
1253	46.101585566748845
1254	46.87578901299479
1255	47.872988694353594
1256	45.71881431153174
1257	46.95272250196096
1258	47.09136330867835
1259	46.595556464240886
1260	46.95352094792095
1261	47.39193920170351
1262	47.32038278429015
1263	46.85565699910201
1264	46.44000115305354
1265	46.69623249991146
1266	45.57410841999589
1267	45.655091442818176
1268	45.31813570140476
1269	44.76256929876989
1270	46.86569413155785
1271	44.66966769386336
1272	46.64809267960266
1273	44.248344884262934
1274	44.208465669767584
1275	45.70792752503579
1276	44.326314276757586
1277	46.2262194947701
1278	43.834766111577686
1279	45.77901275104354
1280	45.194312208349906
1281	46.030371359297554
1282	44.90154149270603
1283	45.59013999950696
1284	45.40123553281404
1285	45.16930671885679
1286	44.41343145103712
1287	43.694483535766864
1288	44.620065907882946
1289	45.491414481095916
1290	44.50774222333372
1291	45.0190230543265
1292	43.68404682194838
1293	43.85904855343627
1294	44.55648203509078
1295	44.070640954163224
1296	44.71591180861284
1297	45.45869129917157
1298	45.877977372864486
1299	46.598283341444755
1300	44.78013998981872
1301	46.90231177604656
1302	45.31176225894533
1303	44.59480546086773
1304	45.105862348685626
1305	46.61209555717789
1306	46.20129705529284
1307	46.79737193774551
1308	45.874939711740986
1309	45.51954968346132
1310	45.19728216469439
1311	45.902978814225754
1312	45.40203474742153
1313	44.89549906663681
1314	45.21391621801343
1315	46.01577476057798
1316	45.8398426509731
1317	46.04909374097348
1318	44.92781528188164
1319	44.22711336338164
1320	45.100500822881614
1321	46.20397505045782
1322	45.09677514302349
1323	45.380986400597216
1324	45.697513678403126
1325	45.70258672500274
1326	43.86109184222764
1327	45.18922038112693
1328	44.320303771264655
1329	44.68849156933782
1330	45.60422741107884
1331	45.13684798938344
1332	45.08356951907517
1333	45.15647365894538
1334	44.657758037211835
1335	45.055005503822926
1336	45.777208751235605
1337	42.82416497266537
1338	43.88768748542671
1339	45.19901886509559
1340	45.51298579890556
1341	46.55235336843743
1342	45.70341755153322
1343	45.82629830284746
1344	45.734783500258054
1345	45.16407242238956
1346	44.70828252165556
1347	44.550603885350604
1348	44.542518665028105
1349	44.601152785404985
1350	45.11074125538818
1351	46.29097165406683
1352	44.308548839849664
1353	45.550486310763816
1354	45.98116318564316
1355	45.70502869463932
1356	46.04556454914715
1357	46.091124521400644
1358	44.84856144819687
1359	46.91499535311346
1360	43.92318168137757
1361	44.37774413304943
1362	44.787634817345484
1363	44.42037497031431
1364	45.72209438501866
1365	45.56668230565933
1366	44.92371343035595
1367	43.99002202035259
1368	44.23482974430706
1369	44.92198765240925
1370	45.18694277706287
1371	44.715406802978926
1372	45.54640728891011
1373	45.14009801648929
1374	45.22356713917684
1375	44.3671278651124
1376	44.40030996087872
1377	46.7350949469422
1378	45.070007540897905
1379	44.95241150173313
1380	45.65880914764223
1381	45.46927230821199
1382	46.15690295351229
1383	45.08908478384493
1384	46.19038975610367
1385	45.255799628839725
1386	45.979203745730615
1387	44.390872803604175
1388	46.19160185632112
1389	44.70064672220817
1390	44.5263741441117
1391	45.54631776161878
1392	45.6098716258882
1393	46.14277140334963
1394	44.359841143764896
1395	45.11809344292637
1396	45.10075401657387
1397	45.15418458874195
1398	44.759340935317596
1399	47.151370086239034
1400	45.89378789203481
1401	46.2956532844458
1402	46.85652727660089
1403	46.025969163080106
1404	47.87133100651334
1405	47.61615908538467
1406	46.141049111607146
1407	46.62591105037089
1408	45.97730676903886
1409	46.83012677558451
1410	45.35320016023562
1411	45.39301613611147
1412	46.42250944272448
1413	46.81763128639347
1414	46.5978044190739
1415	46.60786573748645
1416	46.241930054025886
1417	45.52016724625173
1418	46.50826934416268
1419	45.07179854808576
1420	46.86957993708758
1421	45.54144259382781
1422	46.41497567822529
1423	44.754090602237724
1424	45.350715052609495
1425	46.61784487148788
1426	47.38730231319546
1427	47.602829266617306
1428	46.10490874368188
1429	48.22108605890003
1430	47.5709185842059
1431	46.65267230319645
1432	46.44725716081601
1433	46.538073132906945
1434	46.13063806924707
1435	44.7463135249462
1436	45.87383683772262
1437	45.58479097226065
1438	46.77153986125705
1439	47.01467443436804
1440	46.65592067881062
1441	46.22889180978637
1442	45.11277190966715
1443	46.505207470317266
1444	45.94340430777214
1445	45.70384843293806
1446	44.8586501203842
1447	44.94158638165028
1448	46.32408801660127
1449	45.979438964340396
1450	47.109394713577394
1451	45.93725230660324
1452	45.41540860749147
1453	44.79784645891338
1454	45.94587082568248
1455	45.54477163847944
1456	45.84285847813258
1457	45.88688426457905
1458	45.37213643965383
1459	45.23263827901021
1460	47.07876370346871
1461	45.627003933055896
1462	47.02313696772345
1463	46.69514201334702
1464	47.883279128517856
1465	47.39324841127133
1466	47.781842118893444
1467	46.35016575318587
1468	46.71561342410174
1469	44.84089455750816
1470	47.48271948829052
1471	48.377131556437355
1472	45.87917858258562
1473	46.19421878727097
1474	45.2006758237757
1475	45.503640284631786
1476	45.32489541436518
1477	45.833660609726316
1478	45.42426256944226
1479	47.664878136111525
1480	45.58055487472564
1481	45.082873432117005
1482	47.53373513821362
1483	46.253189874114256
1484	47.75042638037235
1485	47.21723819413773
1486	45.8831454273581
1487	47.34549677938156
1488	46.4409611128202
1489	47.19267173069894
1490	46.81361570157877
1491	46.46835069322772
1492	45.96968562191645
1493	46.268656492196385
1494	46.61731716438775
1495	45.95275197664996
1496	46.81649566845195
1497	46.67592640495063
1498	45.51136141386218
1499	47.17392810910824
1500	46.03267744321992
1501	46.78437400313308
1502	46.88531473794422
1503	46.12217152980617
1504	45.97914565708282
1505	46.363266720310016
1506	46.54324075612292
1507	47.32750964860276
1508	46.85117353611529
1509	47.32014778265029
1510	47.066532549504345
1511	47.122459602301014
1512	46.12443338024481
1513	48.14424313062065
1514	46.105827505827506
1515	47.47910505270209
1516	46.57652572323141
1517	48.11220075332082
1518	46.66577732061539
1519	46.478257024966254
1520	47.20439997052511
1521	47.154379182815894
1522	46.53456083699025
1523	47.03608745252844
1524	46.822409907488804
1525	46.9008139147196
1526	46.38244158284082
1527	46.17525305935642
1528	46.30737144398346
1529	46.77265729772258
1530	46.42215583070845
1531	45.93063424029139
1532	47.212177178876956
1533	45.19431441413515
1534	45.432603633823604
1535	46.225362778976
1536	46.32136150488569
1537	47.237791895955404
1538	48.01485822591922
1539	46.0150488318831
1540	47.140603298068925
1541	46.61400282146529
1542	47.52625691651823
1543	45.92105394118304
1544	46.58097704656654
1545	45.31233663814127
1546	45.55293280535321
1547	46.498686475849645
1548	45.88570396210547
1549	46.61067224880776
1550	45.33681587208019
1551	46.26830906719879
1552	47.10276311399043
1553	45.68509046120532
1554	46.81295879400217
1555	46.571199346951865
1556	46.289952404776706
1557	45.91088208927269
1558	45.93936736412462
1559	46.34503799339185
1560	45.8238914476854
1561	47.54475309150977
1562	45.16593267582166
1563	44.51935883097741
1564	46.486490719893894
1565	46.408124867615605
1566	45.34448013508932
1567	47.500149074014345
1568	46.16365905206155
1569	46.23254324970144
1570	46.0119013961237
1571	45.97941194375402
1572	47.11079282934882
1573	46.916260074707836
1574	46.06295711602254
1575	44.290439230118835
1576	44.67064995000716
1577	44.05922099041461
1578	44.740122936478635
1579	43.97958540120366
1580	43.994831923605176
1581	44.49345987605648
1582	45.68005331714887
1583	45.848583805302646
1584	46.31789665189144
1585	45.61203779657224
1586	45.911975657935756
1587	46.45621122751022
1588	46.11998492043688
1589	45.95618010432065
1590	45.702605593595095
1591	46.56012997165819
1592	46.26999110951282
1593	46.14144783338884
1594	45.901599088946355
1595	46.230940934963854
1596	46.25014338574846
1597	44.52669270337447
1598	46.49086601159042
1599	46.94617596948624
1600	46.510469917954204
1601	46.772564416208674
1602	47.52201335254288
1603	46.09220954513729
1604	46.629869305925645
1605	47.048178349245994
1606	45.7731903349209
1607	45.545955005773365
1608	45.1205454148881
1609	47.47425194786229
1610	47.03212858004765
1611	45.71911808594685
1612	46.10516170105311
1613	46.837228871609135
1614	45.99147879174268
1615	44.845064782246915
1616	46.34741959041263
1617	46.50782073547337
1618	45.34381467499017
1619	47.389054644919916
1620	45.77418007058339
1621	45.849688785540636
1622	45.030226071642716
1623	46.766530163226776
1624	45.76003653900573
1625	46.17728508140705
1626	44.77164277711237
1627	45.124139819115726
1628	45.086652943558555
1629	44.1951444280055
1630	44.87460029614538
1631	45.55959889838098
1632	45.050159074814914
1633	45.45775832062404
1634	44.654640811741615
1635	46.195875967732555
1636	47.39650190930264
1637	47.56572766149218
1638	44.32839962075907
1639	45.19239284997126
1640	45.87253157175002
1641	46.191434995793905
1642	45.06842831817275
1643	46.17147640566743
1644	44.37734595992341
1645	44.85057179783475
1646	45.50357537021752
1647	45.06503569998566
1648	45.75142740091957
1649	45.92404145030142
1650	45.968329920273504
1651	46.56883304439731
1652	44.80112677336588
1653	44.53740372290656
1654	44.8720763427388
1655	45.366647492425194
1656	45.09745400074589
1657	44.28294012605858
1658	44.86026530221876
1659	44.51199528689809
1660	45.38050850186872
1661	44.64973656134671
1662	45.37734049116763
1663	44.81321434086538
1664	46.161535061820445
1665	43.86760300879959
1666	43.50722763744453
1667	45.21156571484176
1668	45.98092372124145
1669	45.36230875113633
1670	45.33481770846256
1671	45.04731334334178
1672	45.43972148152868
1673	44.960682061495724
1674	45.4847668475677
1675	45.779695176587154
1676	43.2556688444463
1677	44.41163245269324
1678	43.51974170797106
1679	44.58474160602515
1680	44.68394840318582
1681	45.255979704759234
1682	44.589252830534384
1683	43.344576930152634
1684	42.910982104697474
1685	43.03984958186342
1686	44.857691990774505
1687	43.82593534543182
1688	43.40816074349491
1689	43.21360190149788
1690	45.04304631449645
1691	43.40811989288999
1692	44.87660505601252
1693	44.5034242031339
1694	44.02417958144118
1695	45.038031656807874
1696	44.310614509035304
1697	44.84333599043773
1698	44.149029612190574
1699	45.645853503758445
1700	44.8091203910242
1701	46.10715864293394
1702	43.9199151342628
1703	44.76258903132852
1704	45.80056496212557
1705	44.927182264885055
1706	43.95455648930003
1707	44.46484434128866
1708	44.609209111832435
1709	46.0178759681883
1710	45.96921869550052
1711	44.001152304329175
1712	46.47957037408531
1713	44.80877231198195
1714	45.34782687879632
1715	45.68314354373384
1716	46.74684840887804
1717	45.226870594828
1718	46.56305107641557
1719	46.74000647566506
1720	45.58170119253546
1721	46.17592729054758
1722	45.99903114598193
1723	46.63322889830171
1724	45.03369136815969
1725	45.671502836091946
1726	45.39118222946107
1727	46.20823818547507
1728	45.74186619320367
1729	46.626910540314256
1730	45.45773538049012
1731	46.425317059566495
1732	46.86453924786215
1733	46.085568404930804
1734	45.567796091955756
1735	44.22458071944128
1736	46.45738634506171
1737	45.74605487941807
1738	45.38727513238245
1739	46.238545309610494
1740	46.86846987581045
1741	46.08801612506919
1742	45.01504179875493
1743	46.02678805445816
1744	46.24590100869312
1745	45.6187193272316
1746	45.305559544017925
1747	44.547455291258316
1748	45.604315873028696
1749	44.43901607417733
1750	44.591086727769195
1751	46.38830184003228
1752	45.87149780618249
1753	45.01194812822655
1754	45.64376476670432
1755	43.51685772889114
1756	45.84206592692849
1757	44.12001737802308
1758	44.933824677913194
1759	45.30994276939557
1760	44.61746756098787
1761	45.62592574230743
1762	44.52186583634151
1763	45.89731447562425
1764	45.07645807869142
1765	45.08122158886074
1766	44.94352467642564
1767	44.879646786750556
1768	45.75148604566221
1769	45.30299907718442
1770	44.61655830891031
1771	46.11663822229907
1772	45.69051088667091
1773	46.15774233028154
1774	45.21752986416374
1775	44.87380529943341
1776	44.73306012232796
1777	45.53681349636925
1778	45.38490351890141
1779	46.32578539920399
1780	45.37769669021854
1781	45.53950507009923
1782	44.738190204520365
1783	46.15145654675213
1784	45.14092718301496
1785	45.43930573760079
1786	43.80986205448722
1787	45.7171149194651
1788	45.85600776803365
1789	45.82470228273321
1790	46.03128110917981
1791	45.02771459540342
1792	44.843345017823246
1793	44.55173744066782
1794	46.260194328537594
1795	46.586042999315865
1796	44.69220771779855
1797	44.91345879291943
1798	43.88534415304388
1799	45.892346759247275
1800	46.379417572450244
1801	45.690783113222345
1802	44.51098059701882
1803	44.554766397382494
1804	45.63376150593171
1805	46.11810868842048
1806	45.646255163590794
1807	46.65949871019525
1808	45.52844180304361
1809	45.552467386966626
1810	46.086385441653455
1811	44.645647347564434
1812	45.958687966003666
1813	44.56383979472459
1814	44.06956629008737
1815	44.87336608056249
1816	45.129388079977645
1817	44.567408937674735
1818	45.09989384709737
1819	44.570883016169425
1820	44.09908423958891
1821	43.83127136314664
1822	44.48857875525212
1823	45.06489350742085
1824	45.261500193130175
1825	44.18417169713342
1826	45.004009968662395
1827	46.3518310584365
1828	44.274519465280136
1829	45.81156490872241
1830	46.58163559587935
1831	45.49338869142755
1832	46.518041080397424
1833	45.87163441422325
1834	44.959719090560384
1835	45.86636844422956
1836	45.711215513884
1837	46.32570814505927
1838	45.87114838311068
1839	45.53760870174347
1840	46.40017296883715
1841	46.24934286073255
1842	47.020674254928025
1843	46.04466334087841
1844	47.41059397474549
1845	46.2410334941934
1846	45.5488138136637
1847	46.28877334460744
1848	45.53192674945223
1849	45.67820256789813
1850	45.50517296862526
1851	45.80424422379325
1852	47.385500527592825
1853	46.15013173178479
1854	43.85647602487672
1855	45.45771024482691
1856	45.00651418317394
1857	45.08694424635769
1858	47.25589978355665
1859	45.12854296869285
1860	45.25789851175749
1861	45.29492689799345
1862	45.78852696540688
1863	44.90594219361144
1864	44.92653101628828
1865	44.772609937024335
1866	45.99189810704452
1867	44.64654149833877
1868	46.48711644631081
1869	46.30928294919998
1870	45.747721274878714
1871	45.23778048185293
1872	45.21509344823339
1873	44.96531464821941
1874	45.21669530595201
1875	46.25297651405804
1876	46.690589396734275
1877	44.8837770935217
1878	45.499700273855794
1879	44.453652381345556
1880	46.53961817231633
1881	45.98064601347689
1882	46.85572004857156
1883	46.49071758451749
1884	45.95803072556884
1885	45.14524831106752
1886	45.854243141688826
1887	45.746962468972484
1888	45.51545929024521
1889	44.490100502921194
1890	44.576631425183216
1891	46.08671667599329
1892	45.53024672747902
1893	46.54285904602395
1894	46.00437975174457
1895	46.43397273919337
1896	45.45620286662045
1897	45.62962112497709
1898	46.71962749875353
1899	44.74580827314058
1900	46.58838786112239
1901	44.50024408768027
1902	44.41324770543992
1903	46.20973676342938
1904	45.25329552294593
1905	45.559956684741294
1906	46.047753543564006
1907	43.88166764583508
1908	45.346446599433484
1909	44.45592258013888
1910	43.333337111293396
1911	45.52796690738124
1912	45.16034659491569
1913	45.77582211322548
1914	46.88889675308076
1915	46.07926628198488
1916	46.34745620262195
1917	46.57936283789709
1918	45.446608332774126
1919	45.967047066045616
1920	45.1134504509284
1921	45.16478354554003
1922	45.23179121637214
1923	45.522225462331484
1924	45.22301915527123
1925	44.78253779834261
1926	46.99302942893861
1927	44.973214098780176
1928	45.9783675490074
1929	46.75619014638401
1930	46.83165025382949
1931	45.345539571384045
1932	44.96513634103208
1933	46.18414689797789
1934	45.051764479611386
1935	44.27412371561882
1936	44.85384538768532
1937	45.52322001926497
1938	46.61007070174295
1939	45.213551104765195
1940	44.99716989548252
1941	42.47199994210792
1942	44.48548117049661
1943	44.8393117298813
1944	44.7994816875191
1945	44.92960957177324
1946	43.95572922104392
1947	44.614449939207425
1948	44.697773392077394
1949	45.095312204054245
1950	46.08546067599515
1951	44.21400772647709
1952	44.46895082813583
1953	43.58306840413586
1954	45.24449119214665
1955	44.88965368987967
1956	44.90671051046128
1957	43.60118186931509
1958	44.47616105703688
1959	42.701541512240034
1960	44.16325471642808
1961	43.522470327945655
1962	45.35300017049757
1963	45.431889257670754
1964	46.884148595485144
1965	44.803749429622044
1966	45.728743495727095
1967	44.899429734565935
1968	44.330665168934125
1969	45.289554333699286
1970	45.68676617306525
1971	45.657675196191384
1972	45.50395075878606
1973	46.68228327633563
1974	45.7380178501044
1975	44.772602058205635
1976	46.64661995570067
1977	45.8399822765809
1978	44.48900619651121
1979	45.77374142994588
1980	44.65480613486158
1981	45.90061242228972
1982	43.609423529301736
1983	45.81142730515907
1984	44.40441790018318
1985	44.72150889883872
1986	45.757270562293115
1987	45.037692715071806
1988	44.04428141430837
1989	45.96062249650716
1990	44.40825580038633
1991	45.36822626573456
1992	45.34591104076107
1993	45.17639510578593
1994	44.15099178271809
1995	45.634448599089
1996	45.397587948266285
1997	47.02610384971283
1998	45.53233903064901
1999	46.51623362830164
2000	45.853602582199784
2001	46.492956701511
2002	45.28753462814264
2003	46.277639599520164
2004	46.15836498892297
2005	45.6887904350401
2006	46.3650846218852
2007	46.67080864085323
2008	44.55556749733296
2009	44.44114159721371
2010	45.26490334277971
2011	45.313056668361426
2012	45.75345273882691
2013	45.409193814797774
2014	44.70159301261643
2015	45.444187853793636
2016	44.64283226496214
2017	46.06157801634619
2018	44.84798496133337
2019	45.838045010221975
2020	46.1749514843785
2021	47.64305007965248
2022	46.52950200714373
2023	45.88175841034953
2024	48.02638251500202
2025	45.504559183180206
2026	45.61998151191726
2027	45.61613563398508
2028	45.815554385149966
2029	44.036520321035255
2030	45.56874116441658
2031	45.78801738121615
2032	45.33765241348276
2033	46.042616291634445
2034	45.88847841206164
2035	46.296531737691026
2036	45.62505887854383
2037	47.04884634829688
2038	46.93538917002708
2039	46.574624184260664
2040	45.43264425009537
2041	45.98344338925771
2042	45.142042768431054
2043	47.3268080624562
2044	45.46635901425481
2045	46.06612593095612
2046	45.47514299516816
2047	45.73640215623494
2048	44.959599101520546
2049	45.74991365016308
2050	45.9223416552326
2051	45.31032791467293
2052	47.06221853132654
2053	45.510278761644265
2054	44.886909280670416
2055	45.619616187257314
2056	45.580439391160475
2057	46.24411837845912
2058	46.34292090065688
2059	46.06612470933538
2060	46.35075250990826
2061	45.812878981136926
2062	46.50121178760673
2063	45.49843536335583
2064	45.20602273946636
2065	45.88826774263391
2066	46.225034253325006
2067	46.69391419691779
2068	46.23447829924615
2069	47.897224932124786
2070	47.536579470417884
2071	47.22628419730499
2072	46.501723306167655
2073	46.02087749203424
2074	46.866218291391306
2075	45.934763211531745
2076	44.932133232664654
2077	45.971118693075454
2078	46.08823087374606
2079	46.44573383105845
2080	46.16736032053021
2081	45.3551015070785
2082	46.39657922235387
2083	46.109818677872845
2084	46.73310188816751
2085	45.81592439543506
2086	46.96246209058613
2087	47.01611715079094
2088	46.512602427971686
2089	46.04121260462016
2090	46.30272765606668
2091	45.83977535453236
2092	45.58473854694349
2093	45.53266999026838
2094	45.46143698772787
2095	45.248105318727
2096	44.78904149875242
2097	43.370441196968166
2098	44.50606818804751
2099	45.80004644549211
2100	45.087570468404294
2101	44.75116722840449
2102	45.76866316373299
2103	45.94514846658625
2104	45.01336496347399
2105	44.72643191895851
2106	43.77564746013331
2107	45.23180482264614
2108	44.09515791831776
2109	45.22218908422338
2110	43.5474597336383
2111	45.43615624692039
2112	44.61624427270087
2113	43.61761946806973
2114	43.03125026912282
2115	45.42674499224347
2116	45.67759513368432
2117	47.0600935003521
2118	44.93294205105339
2119	44.20726474854899
2120	43.986523632897295
2121	45.77474143778839
2122	45.544809350176145
2123	45.459694898899706
2124	44.580792589779165
2125	45.48254008970669
2126	45.29163306498719
2127	44.96541680630635
2128	45.20289574541742
2129	44.79258187132509
2130	44.89515096687616
2131	44.421518569593964
2132	43.477449235872925
2133	44.795754569891194
2134	44.24043405854824
2135	45.776777716149766
2136	45.7389077113702
2137	44.15632392770055
2138	45.84403502456104
2139	45.792320994648996
2140	45.07047632681915
2141	44.921313551285415
2142	45.31347976318654
2143	44.54103474738923
2144	45.14974894566865
2145	44.13400874396208
2146	43.931785271137805
2147	45.507512972591094
2148	44.52649778157626
2149	45.95253697766419
2150	45.79477287119787
2151	46.94259583782689
2152	46.00106955924128
2153	46.07320928375289
2154	45.44406908139718
2155	44.09803915803823
2156	45.99498394478195
2157	45.50831281582386
2158	45.58064042467432
2159	47.42889319637227
2160	45.32783384828713
2161	44.893894116591774
2162	46.048776177970595
2163	45.21354804863218
2164	46.570067039944036
2165	44.92420024728993
2166	44.70788012931124
2167	45.997128971601846
2168	45.87337763283473
2169	45.32508816144772
2170	43.93647751589688
2171	44.567713077097984
2172	45.59226952772301
2173	45.48199982071322
2174	44.795499925313756
2175	45.67568456387583
2176	43.65597019323181
2177	44.95479282247183
2178	44.60235414074333
2179	44.4360951365806
2180	43.25442458367688
2181	44.923720434941636
2182	43.30225553214335
2183	43.50144393038033
2184	45.59237385572515
2185	43.0884898126634
2186	43.2895230573867
2187	44.073852630259466
2188	44.332209556226374
2189	43.983361958820296
2190	44.97256449837129
2191	45.397746339488
2192	43.63965489853126
2193	43.56139860999338
2194	45.919673234575974
2195	45.55422426871995
2196	45.693880963964276
2197	45.6588967306333
2198	45.172201191827746
2199	45.170199591717534
2200	44.67427790154259
2201	45.62648435806636
2202	44.87381876988701
2203	47.43908471839692
2204	45.96446418086799
2205	45.25618094650262
2206	45.40078713888824
2207	46.09074053843021
2208	46.0520222799004
2209	43.133370207772636
2210	44.85618110547138
2211	44.997375444430396
2212	46.04592395114299
2213	45.80586840624978
2214	45.50320027712052
2215	45.06362143063947
2216	44.9793847995576
2217	45.70420128580277
2218	45.68543699072765
2219	44.81068981494435
2220	43.87990228979695
2221	43.37125642933627
2222	45.14340824815523
2223	44.673822584590354
2224	44.584213705805034
2225	45.5098142965828
2226	45.33962460634185
2227	44.821246986416355
2228	44.49126732856736
2229	46.51237380825242
2230	46.645182464355344
2231	46.14113522294897
2232	46.055063545295695
2233	45.42467819249206
2234	46.975709285828806
2235	45.7737908417767
2236	44.855014588238234
2237	45.12437692948306
2238	46.63617209627503
2239	47.49753538707047
2240	47.11157765363985
2241	47.20337995533026
2242	47.920137908967206
2243	45.329957162980186
2244	46.327977456988144
2245	46.445639244597
2246	47.068287229053844
2247	46.92159360072895
2248	47.0019471932429
2249	46.9021821746868
2250	46.31793238064154
2251	46.01731744362631
2252	46.38582761897958
2253	46.485630551834994
2254	45.46033629526082
2255	45.47127483751072
2256	45.77543569584782
2257	43.85914968952737
2258	45.244955596308955
2259	45.550094651612554
2260	45.9319181761421
2261	44.401068236330396
2262	44.521188055427025
2263	45.26023723628201
2264	45.30656139681758
2265	44.469483929019056
2266	45.502416657824654
2267	44.51221995951225
2268	44.77971013417951
2269	46.614126173123786
2270	44.937621841811456
2271	46.79533377423316
2272	45.429523478114156
2273	44.667632009053065
2274	45.481688125860025
2275	45.32986929505676
2276	44.67934211573944
2277	43.94009430040173
2278	43.78227299996609
2279	43.62605272187675
2280	44.87704784527327
2281	44.926384401635524
2282	45.303145381648726
2283	45.10860629790385
2284	44.48251479194517
2285	44.663052494343155
2286	48.39509554655006
2287	46.46561028645932
2288	46.39749900194223
2289	46.33603411984099
2290	45.41923043737101
2291	46.939123404611664
2292	45.65834231457999
2293	44.76353236462513
2294	45.22749791147926
2295	44.43967433877009
2296	45.00335429533365
2297	44.45188624588649
2298	44.60270839422349
2299	45.31121117779616
2300	45.53395532953989
2301	44.34729511864198
2302	45.20711552533096
2303	44.28660579445338
2304	44.86451200476752
2305	44.19356031091553
2306	46.04042564508143
2307	46.01030187138515
2308	45.36849706284219
2309	45.56597960671096
2310	45.48326345225643
2311	46.49987922206586
2312	45.59037874336103
2313	46.36545308254944
2314	45.76499805626067
2315	46.98632044329789
2316	44.68876554713372
2317	45.14812056047348
2318	45.61169212445893
2319	45.576314422075164
2320	45.35274267902601
2321	46.55701738827087
2322	46.64472676117198
2323	45.95379695581669
2324	46.0977727599764
2325	44.98962046664429
2326	44.57411539212585
2327	43.90576337381739
2328	45.48132317805456
2329	43.55118152297987
2330	43.918077450943805
2331	44.545003881438404
2332	46.49416672214777
2333	44.852836093207145
2334	45.28087567981142
2335	44.26482032818012
2336	45.25401969126821
2337	44.34472392573864
2338	44.15006583532025
2339	44.52110062155962
2340	45.08705308519597
2341	44.80683334500661
2342	45.236706457874874
2343	45.1597134611301
2344	45.96639818893249
2345	45.942562491422336
2346	46.39422765867451
2347	46.303992705239196
2348	45.707492903868555
2349	47.14943743796921
2350	46.66406332359082
2351	44.597849827827055
2352	46.75569423499656
2353	45.337590238632444
2354	45.5124114981193
2355	47.33075433001546
2356	46.152453414356025
2357	46.90085828107245
2358	46.60344916250279
2359	45.52318832219943
2360	45.9191384876438
2361	45.50075599408488
2362	45.74759498230829
2363	44.25202431319795
2364	45.31371885287464
2365	45.78473318197737
2366	46.208056198078225
2367	45.26736160539947
2368	45.636379217232545
2369	45.94145084923183
2370	45.796638418475375
2371	46.31675933586705
2372	44.78313408449976
2373	46.056969385906754
2374	46.022792770557444
2375	45.01513140410624
2376	46.10827461010077
2377	45.93272003008813
2378	45.24909362242413
2379	43.87437737245842
2380	44.35251529102358
2381	44.714348339493874
2382	46.05528634633476
2383	45.155383024360255
2384	45.44984467840936
2385	46.32450142232186
2386	47.14008560073372
2387	45.51999847446991
2388	45.74291856066622
2389	45.15080989491874
2390	45.000464593018954
2391	45.477473660607885
2392	45.37640905512771
2393	44.74784677996452
2394	44.38757299127467
2395	45.01520879328433
2396	44.96106491422469
2397	47.52626589879323
2398	45.90219976903471
2399	46.92171392647889
2400	45.3067925264208
2401	46.149480920364496
2402	46.362427584441
2403	46.790480718851796
2404	46.75341644838013
2405	46.1032318142741
2406	45.77928162620598
2407	46.5433265544152
2408	46.477822594267444
2409	46.30804295355605
2410	46.11642798984058
2411	46.0787058610081
2412	45.00433342384954
2413	44.81182526787792
2414	44.473148833531354
2415	45.93900587038334
2416	44.37614421984894
2417	45.270946877618734
2418	45.29047450121124
2419	46.214366870198695
2420	45.73442671457204
2421	45.77769451561015
2422	46.29567289989333
2423	46.230055494392204
2424	46.42036732849396
2425	46.94297257489024
2426	45.855099988996464
2427	46.04087042039048
2428	45.7698670665088
2429	44.37153478323984
2430	45.56058924446237
2431	47.051724835729644
2432	43.68445608997533
2433	44.455362431836306
2434	46.420207483926944
2435	45.491906714091826
2436	45.348022597352525
2437	44.848255637538855
2438	45.247538973628465
2439	47.08421090521364
2440	47.3730486166999
2441	47.590904488242934
2442	46.47008182331696
2443	46.38050303975323
2444	47.361546144511145
2445	45.817670615306014
2446	46.18668992552054
2447	46.904320424294795
2448	46.47262437041262
2449	46.740226248678375
2450	46.45968391884755
2451	46.41502880554974
2452	46.045340831810734
2453	45.97163730619413
2454	46.847802879451564
2455	44.876022396139284
2456	43.8063572002543
2457	44.8863238981182
2458	45.293327870160915
2459	46.29039628823739
2460	45.21967157737618
2461	46.24326959588228
2462	45.809349337002246
2463	47.57532176596085
2464	46.43543341981016
2465	46.03980404548758
2466	46.052986709106385
2467	46.83860293562138
2468	46.25789210969042
2469	46.88270861025189
2470	45.60249047652924
2471	45.601477322752714
2472	47.11737579006243
2473	46.69870276876421
2474	46.71792126756628
2475	46.36732842577857
2476	45.27062534596714
2477	47.331624623387555
2478	45.66195952117916
2479	46.459679751097276
2480	45.419006917443944
2481	45.4928407858713
2482	46.2098663121573
2483	45.82347668796364
2484	45.673785184462965
2485	46.36174285681266
2486	44.513883401167504
2487	46.08176847060147
2488	44.59234383989384
2489	44.49775997771288
2490	43.35977032935979
2491	43.35712197534899
2492	44.42791290000725
2493	44.805057039753095
2494	44.65471031385411
2495	42.713950457662904
2496	45.265285865984076
2497	44.64408048198931
2498	45.73637367229454
2499	45.13835807803357
2500	43.90867869688556
2501	44.402857649894216
2502	45.79471029921714
2503	45.941638917575574
2504	46.02372487827686
2505	45.67691936651053
2506	46.62465589684591
2507	45.86481945800325
2508	46.27393519251154
2509	44.56602102718448
2510	45.83204082701332
2511	45.563907915533484
2512	44.78369486735046
2513	44.80015861381142
2514	44.53440246054362
2515	44.561471043696166
2516	43.53839228524204
2517	44.06133204605604
2518	42.644340396484466
2519	44.55407377326155
2520	44.14853768030266
2521	45.084689375224855
2522	42.79584666583394
2523	44.01199886830825
2524	45.11196571181061
2525	44.69961955291979
2526	44.81084473994342
2527	44.2116595635798
2528	44.7720145824398
2529	45.77122907425397
2530	45.290541060712826
2531	44.22192245374731
2532	44.667358569528744
2533	43.39162090044501
2534	45.76559440606994
2535	44.13618469222388
2536	45.15182282695088
2537	45.603712244032884
2538	44.00470772567613
2539	44.91410561641382
2540	43.79799043535383
2541	44.612761374039145
2542	45.335045457434546
2543	46.21352070346578
2544	46.234267551080734
2545	44.53674275984826
2546	45.02736859505603
2547	44.431975874344374
2548	44.92306695345813
2549	43.84212073607667
2550	45.74366419167934
2551	45.53421111191964
2552	44.74207477247798
2553	44.342191382842195
2554	46.64887137897305
2555	45.76236882086592
2556	45.866506643852276
2557	45.16175586540206
2558	46.81714073535545
2559	44.49223419410069
2560	44.77207941892271
2561	44.795554463507656
2562	45.713570515791105
2563	45.18498908267929
2564	43.98170955804525
2565	44.00913461312599
2566	44.88973996620374
2567	45.410339131261104
2568	45.13902838501498
2569	45.52513186769331
2570	45.455757251463794
2571	44.056533200695746
2572	44.901234067779924
2573	46.71919413505741
2574	43.84884904331158
2575	45.39061426613554
2576	45.71232639250797
2577	45.39479927699786
2578	44.70754293782779
2579	46.00696938490691
2580	45.54056551222733
2581	46.25819667777918
2582	44.83610856569016
2583	45.935550713808716
2584	45.46461997182616
2585	45.116092116033066
2586	45.83577614947545
2587	45.426930633775456
2588	45.97869492234222
2589	43.3773099679537
2590	45.69623131366329
2591	45.90056539924858
2592	45.5971521097592
2593	44.38009672890852
2594	44.779455123708814
2595	43.94719114238342
2596	43.63665673624508
2597	45.26579635495755
2598	44.88167813632274
2599	44.55534400767455
2600	45.24503945622491
2601	43.30210334151214
2602	45.207228312567935
2603	45.48859273104656
2604	45.8819586663991
2605	44.336286416406004
2606	45.2725456928697
2607	45.93568384017894
2608	44.669109540474395
2609	45.19946298639642
2610	44.609082895399254
2611	46.44912218850709
2612	45.403194171654626
2613	45.39494833286849
2614	44.28909527843014
2615	44.03288849647733
2616	45.08717128723137
2617	44.358313485635186
2618	44.26657894379673
2619	45.11397315931528
2620	44.032383312742155
2621	45.504192839524386
2622	44.68053371976463
2623	45.573266977919495
2624	46.046084705519036
2625	44.81259978453427
2626	44.990440282112004
2627	45.294963453459204
2628	46.62818381920825
2629	44.368647912471495
2630	45.3239079059293
2631	45.71605501380632
2632	44.58251550813123
2633	44.16228783414059
2634	43.989294450513874
2635	43.72669198986515
2636	44.86449091753921
2637	44.05159641131353
2638	45.61715491128549
2639	44.93794634433478
2640	43.88508698247606
2641	43.81343994542437
2642	45.37300361088021
2643	44.083187059297764
2644	44.6156063103986
2645	44.38069227356506
2646	44.69213531466594
2647	44.09017167669834
2648	44.88774602743241
2649	45.69928509787
2650	43.88666508070743
2651	45.113619143076924
2652	44.46572300912586
2653	45.03176889595971
2654	42.70078745412786
2655	45.06672087142263
2656	44.01829141436199
2657	44.789462627275064
2658	44.862023541214526
2659	45.51071173132718
2660	44.16603239946935
2661	43.73522325958391
2662	43.690270320972466
2663	45.9038166773303
2664	45.872911888931114
2665	45.17307956153835
2666	43.98886775438511
2667	44.728047044978595
2668	43.803583993315556
2669	44.03018806446426
2670	45.002181776418404
2671	43.96512454417621
2672	45.32763600129383
2673	43.44419077325492
2674	43.978047560117986
2675	44.86625931242335
2676	44.93719173322749
2677	45.029168934495914
2678	45.06060469779409
2679	43.505212512389676
2680	44.48424627538326
2681	45.33049367085466
2682	45.674648206247795
2683	46.003063136527295
2684	45.301615026296304
2685	44.840931103268524
2686	46.74055666721523
2687	44.42504028982982
2688	45.02358127697372
2689	45.014094153252344
2690	46.09348450799306
2691	45.70803862378232
2692	46.4187112575858
2693	45.82132468655137
2694	46.45682362437311
2695	44.43855095415664
2696	45.706513341188106
2697	47.59753937041256
2698	46.39821157868479
2699	45.60378959819514
2700	46.798880938984574
2701	45.744899537666484
2702	46.73237664179085
2703	44.560989530401585
2704	44.61940616488459
2705	45.86850107263301
2706	45.869665371443645
2707	47.05691522523959
2708	47.10798699758251
2709	46.649869608189384
2710	47.27358068429063
2711	47.27227053191919
2712	46.403032305401815
2713	47.51474239002248
2714	46.25327089447573
2715	45.46673608067627
2716	46.93620901730136
2717	47.4741284126711
2718	45.71708983033437
2719	45.498277705190645
2720	47.178634194177505
2721	46.82922155278517
2722	47.082886255941105
2723	47.08446706023186
2724	47.63649072095886
2725	47.194373815622235
2726	46.662441672342524
2727	45.233647731409825
2728	47.12295336901938
2729	46.82474405079341
2730	46.832166863424284
2731	47.3004733339582
2732	46.260480030792344
2733	45.88160012172979
2734	46.32428524841751
2735	46.02586581836386
2736	45.61898451624386
2737	43.977518116945504
2738	44.244399477944164
2739	45.528379484938725
2740	45.33781906709326
2741	45.23274479099668
2742	44.602287714648824
2743	45.94176749406094
2744	45.90842531051136
2745	44.54611807139429
2746	45.86329535457973
2747	46.31432975100927
2748	45.0448238209515
2749	44.92881248870024
2750	46.27615046120649
2751	45.19992964004893
2752	47.46629085551328
2753	46.557076021875595
2754	46.037416166864354
2755	45.76769908839699
2756	45.81965369734231
2757	45.817519712057425
2758	45.692820523514044
2759	46.91207560554649
2760	45.28443045111953
2761	45.51380231544465
2762	45.115754726203065
2763	45.94731183258811
2764	45.74902962466385
2765	44.92057494984662
2766	46.54969577971262
2767	46.586109249808175
2768	44.71039732422558
2769	45.413420305574064
2770	45.97839475618791
2771	45.682981049451705
2772	45.405460439081594
2773	45.727784307418965
2774	45.95068376078856
2775	46.270626464182605
2776	44.36851284411448
2777	45.19539269086215
2778	44.62097586041701
2779	46.171571240828044
2780	45.74086855093265
2781	47.05083065445241
2782	44.362523969617506
2783	45.890931141051745
2784	45.82824787627794
2785	45.89521689987504
2786	46.45655219144102
2787	45.58612912446291
2788	45.76619804328343
2789	45.151999144299566
2790	45.067045668869646
2791	46.25884813588117
2792	44.24905249477384
2793	45.27134267072223
2794	44.51428832085861
2795	44.380059539624256
2796	45.70892233122712
2797	45.35029049844049
2798	45.02196462290011
2799	44.36657070568625
2800	45.959386247764726
2801	45.23553184146912
2802	48.641780461726725
2803	44.88400215328912
2804	46.07295081533045
2805	46.48143580052318
2806	45.34278295276216
2807	46.45222314309947
2808	45.459388605322104
2809	46.07698579268718
2810	45.42232066483502
2811	45.750373544132586
2812	43.932629330303094
2813	44.796078132817875
2814	45.52497644870351
2815	44.89044308371219
2816	44.85147222312252
2817	46.380254614600865
2818	45.77313610244269
2819	44.72987622096846
2820	45.70538082167122
2821	44.627091999544604
2822	44.76681080508011
2823	45.618087182626894
2824	45.743038580935306
2825	45.56656105684658
2826	46.7325702456975
2827	45.672873424151966
2828	44.39288696790838
2829	44.91596503248269
2830	45.364639134486865
2831	45.17687224804086
2832	43.84050158453851
2833	44.86650901290004
2834	44.64092346746302
2835	45.00784718235255
2836	44.80961000854615
2837	45.81567912801896
2838	46.45105583905309
2839	45.334199601987166
2840	43.99205348768106
2841	45.671085990339805
2842	44.90449799197741
2843	44.52883395905282
2844	46.43477676187262
2845	46.44413023247609
2846	46.75834974150565
2847	45.662573959450086
2848	44.31927782090405
2849	44.61831740924029
2850	44.93804073671832
2851	45.72714296119593
2852	45.44171257130497
2853	44.65486385595743
2854	45.504836654849555
2855	46.1636311593436
2856	45.80614424790821
2857	45.679781342656206
2858	44.81895608424563
2859	46.51664655987475
2860	44.239415997693534
2861	43.73926439102298
2862	44.97394267357875
2863	45.746926564511085
2864	45.48051653428683
2865	46.173520683454335
2866	45.82447075542374
2867	45.9640348240028
2868	44.72528472966473
2869	47.924194129802224
2870	47.68325695528872
2871	46.010038556744
2872	44.6745051796439
2873	45.30726646983284
2874	47.37869683792633
2875	46.048551471652246
2876	44.66907772615373
2877	44.94886350806523
2878	44.88891321333087
2879	45.95909986726359
2880	45.429088074574594
2881	45.07660463239682
2882	44.52423270025751
2883	45.36379543597895
2884	45.05776740543734
2885	43.90652789361637
2886	46.11824650300802
2887	45.119386584226724
2888	43.843611616157474
2889	44.76913723116185
2890	45.08035324513368
2891	43.90280280077275
2892	43.84268821875995
2893	46.045126538632445
2894	44.963449316034726
2895	43.86218678950641
2896	43.97947454193348
2897	44.295674207370034
2898	43.16100570593545
2899	43.47189128032147
2900	45.058358455677435
2901	44.69207096366864
2902	44.05797595842236
2903	44.340596095454835
2904	43.65703880648766
2905	43.93561848354805
2906	43.127427786675575
2907	44.64229745512395
2908	45.363556087699486
2909	45.72423711169281
2910	45.16963460480944
2911	45.6588728124952
2912	44.523956774364606
2913	44.54100596199852
2914	45.336989254083306
2915	43.963371765065126
2916	43.687134329982236
2917	42.474233873468734
2918	43.95853107178716
2919	44.56690977210702
2920	44.02668892334511
2921	45.36894613385357
2922	44.5726371031099
2923	44.96063827533654
2924	45.1153895249127
2925	44.76660732719561
2926	44.66385106325683
2927	46.174764751510125
2928	45.892108196537265
2929	43.38586445972451
2930	42.8835194681696
2931	44.749513208722064
2932	45.71317337437604
2933	43.75654046553237
2934	43.67720703724765
2935	44.8997411392797
2936	43.0173568942946
2937	43.994022769447305
2938	44.308688075528366
2939	42.88149017560014
2940	44.26420160813249
2941	43.93302818483321
2942	42.86953681848739
2943	43.49006441551856
2944	43.04544736667654
2945	44.05342655114641
2946	44.5066152254498
2947	44.357093153575214
2948	43.95396993954752
2949	43.243752669182214
2950	44.45533320332557
2951	45.06974860807304
2952	45.25391035571927
2953	43.40229498673634
2954	44.675496237159095
2955	45.287549489958906
2956	45.4344405697814
2957	45.1532493837946
2958	45.31929770967666
2959	44.60951893447124
2960	44.233010286359004
2961	43.78500658284503
2962	44.01758870958939
2963	44.19082582583405
2964	44.88419561045343
2965	44.33985230481655
2966	43.979938495755235
2967	44.695937642304465
2968	44.352199421769136
2969	45.134195206188934
2970	44.557534427353524
2971	43.534295597608754
2972	45.10964129410214
2973	46.33707183242316
2974	44.52917077298239
2975	43.74280083736784
2976	44.55777917497588
2977	44.13634652540819
2978	45.38161237834928
2979	45.15954523675763
2980	45.529373799460274
2981	47.12266870206593
2982	46.37866623205651
2983	44.46865303991471
2984	44.50391991902205
2985	46.19638513818379
2986	47.005753801203475
2987	46.087442218587235
2988	46.67797126852875
2989	45.215264703112275
2990	44.28805402851429
2991	44.49419385555404
2992	43.2533044882618
2993	44.08847912243449
2994	46.7484414271414
2995	44.03053370893046
2996	44.06276448491993
2997	43.8999461245818
2998	45.26328966732175
2999	44.322908986784846
3000	45.64428721764477
3001	46.08861799731277
3002	46.537501687813965
3003	46.28903676042526
3004	45.457507062050965
3005	45.068015396894026
3006	46.33822420211379
3007	45.003241009374996
3008	46.435696096481834
3009	44.92885277434057
3010	45.59328702485766
3011	46.22309779391356
3012	46.396100852938424
3013	45.62859812878905
3014	45.820871183445014
3015	47.19824348601601
3016	45.926461207120056
3017	46.90325640516234
3018	44.65824009623882
3019	45.712095615539084
3020	47.17598297644062
3021	44.835883599904314
3022	44.63147294862514
3023	45.86098397014066
3024	44.647266381331654
3025	46.542281310111036
3026	45.2120328425411
3027	45.89835686936981
3028	44.36234418558496
3029	44.51456333472343
3030	45.73177838608724
3031	46.02166442724066
3032	44.88029360744921
3033	47.04012335148245
3034	47.443358733681315
3035	46.86686298651787
3036	45.968641076857146
3037	45.42951558863233
3038	47.47386555745373
3039	45.559436682630036
3040	44.05610079214754
3041	45.57127945280998
3042	44.46386984354122
3043	44.79830354261816
3044	45.113955432298305
3045	45.573710768567146
3046	45.5455803533428
3047	44.982397109045166
3048	44.900041284246065
3049	43.831772670239495
3050	44.56628582305413
3051	44.43237723627444
3052	44.51602051284026
3053	43.38694534415305
3054	44.36269543650177
3055	44.58481556139679
3056	44.268553448164624
3057	44.328785630536196
3058	44.464891735284404
3059	44.27292950014722
3060	45.58418841200677
3061	45.37347857017964
3062	45.767473882953404
3063	45.65013481854216
3064	44.69918817750516
3065	46.059633751021195
3066	46.247619103074136
3067	44.75585173312648
3068	44.08285569616828
3069	45.3879409458248
3070	45.71087272985761
3071	44.87963788203937
3072	44.926695962908134
3073	44.48052615151613
3074	44.76719269497604
3075	45.75067055524183
3076	45.932756002981996
3077	44.98692803864862
3078	46.82152847122737
3079	45.3245162317568
3080	45.20011709631949
3081	44.36846196446145
3082	45.346153502648086
3083	45.081378473304234
3084	45.20475404506465
3085	46.822326855140325
3086	44.843780141182634
3087	44.952840058255184
3088	45.03482046709289
3089	45.02787927814838
3090	45.51081857641525
3091	45.557958880535665
3092	46.66892338646033
3093	44.818451388500705
3094	44.85254681290353
3095	45.453321499574066
3096	45.14870045006311
3097	46.74067160525201
3098	45.73876161030531
3099	44.22077591923449
3100	45.199557452983655
3101	44.37940218171337
3102	45.71279869002422
3103	45.127235965663374
3104	45.30431260672692
3105	44.91150100037481
3106	43.99614053911352
3107	43.771247748419526
3108	43.9274360268708
3109	44.51389576254136
3110	44.768200952050584
3111	46.317112749043886
3112	45.19994113623204
3113	44.37315301361236
3114	43.55106516885278
3115	44.26616557855107
3116	44.51849363152785
3117	46.26267719371711
3118	45.975774895669474
3119	45.99382205225129
3120	46.29787474413805
3121	46.21160160455109
3122	44.57020298069332
3123	45.15549873182596
3124	45.00655945734376
3125	45.38105012441368
3126	46.50075015578383
3127	44.619072836402765
3128	43.855750865048584
3129	44.60758157465996
3130	43.86802619322528
3131	44.543608461092994
3132	46.66420428118967
3133	44.669786182415216
3134	46.66251196405082
3135	45.74856189232053
3136	46.77278677500708
3137	45.35868570456116
3138	46.04595526144273
3139	45.38008420953034
3140	45.6197945759377
3141	45.82322500204311
3142	46.227923180646954
3143	45.85654596514238
3144	46.40702447299196
3145	44.707608866896514
3146	45.05233282097032
3147	46.44789863598464
3148	46.07252352578156
3149	47.94579188265276
3150	46.68365628404777
3151	45.54024919461715
3152	46.1802291457611
3153	46.706290278774865
3154	47.76589634542599
3155	45.19243525656647
3156	47.16864157503481
3157	46.0424496617641
3158	46.21615865311276
3159	47.750267656527825
3160	45.946398021363585
3161	45.841046397776125
3162	46.882436647116656
3163	46.10199745588646
3164	43.946863369736676
3165	44.55080083769538
3166	45.32636947893934
3167	45.71378886696669
3168	45.893618384715616
3169	45.30249220906942
3170	45.12122106023955
3171	44.51803920904318
3172	44.28789870554109
3173	45.05318388830723
3174	45.274010708784836
3175	45.681890261228475
3176	46.22124994987302
3177	44.705239382726866
3178	45.98770939276413
3179	45.79563026927387
3180	45.09381869463473
3181	46.13725193036329
3182	44.72498659346636
3183	46.987241804064666
3184	45.90451393461839
3185	46.08554500412413
3186	46.05321899028702
3187	46.56022805988453
3188	46.03049903655213
3189	44.59241149291336
3190	45.352611646745736
3191	45.85121063289736
3192	44.41813750245873
3193	45.553107820372155
3194	45.006441876931966
3195	45.335911455021765
3196	44.34933943572208
3197	44.310466911597565
3198	43.62006688778221
3199	45.05420663352434
3200	45.17630658725893
3201	45.8949228268818
3202	45.45047963009103
3203	45.07122331561095
3204	45.40910651717896
3205	45.71348705724147
3206	45.200365212291636
3207	45.51941568919453
3208	45.408503402163845
3209	45.17890377743669
3210	44.21429277406105
3211	43.705443118626306
3212	45.17449562508495
3213	44.12553860999736
3214	45.268938225520586
3215	44.99876032468357
3216	45.0723044926193
3217	44.97928006218891
3218	45.378722658382934
3219	45.35639522923481
3220	44.68491709676328
3221	44.99160801693745
3222	45.36663132749859
3223	45.66033474718713
3224	44.233589952651535
3225	45.87428763430496
3226	45.36356323435507
3227	45.490345890157016
3228	44.73155144265081
3229	45.214992132758795
3230	45.615425891539246
3231	44.526082674197184
3232	46.585688622571205
3233	45.09550245781425
3234	45.43746813092441
3235	45.36621384973134
3236	44.221142964060256
3237	45.328530942462336
3238	45.99296354357659
3239	45.73910778338542
3240	46.27967571789668
3241	45.44952631871094
3242	46.05498293818678
3243	45.77026225263168
3244	44.687030372131346
3245	45.81115948748412
3246	45.25313453490781
3247	45.716574371229434
3248	45.906189402702886
3249	45.667439795583384
3250	46.46837295780053
3251	47.44637741092142
3252	47.03352648145804
3253	45.777962568036415
3254	45.00478860375731
3255	45.46569775825986
3256	44.49078535951596
3257	46.07787060568863
3258	44.79994541236302
3259	44.29482278630188
3260	46.408191492271264
3261	45.716807977237394
3262	45.86564356165975
3263	46.7425273679574
3264	44.76618328728114
3265	45.068628982886146
3266	44.784547694465324
3267	45.00513122139813
3268	45.67398403640595
3269	45.64121201450819
3270	44.516745488808425
3271	45.76603338470693
3272	46.0654558558066
3273	46.608077483773904
3274	46.624028679975346
3275	44.88113047667233
3276	46.2600801143128
3277	43.97427556694036
3278	43.4533960371416
3279	45.421730980927066
3280	45.88475338338351
3281	44.40300261943548
3282	46.01048228464838
3283	44.191212644032404
3284	46.033441878399685
3285	46.51671991152955
3286	45.22507062489354
3287	46.80543168635718
3288	47.02798386501104
3289	45.780109139071314
3290	46.01081313170162
3291	46.433456611924115
3292	46.10179073764956
3293	46.68037146323877
3294	44.98383794697071
3295	45.953414524567016
3296	46.88436466354581
3297	48.41549600188469
3298	45.726054967132626
3299	47.11577788845345
3300	47.1709586662085
3301	47.345833568743785
3302	46.91225452159974
3303	45.988982130053266
3304	46.654118773814055
3305	47.0841683737066
3306	46.87117902822382
3307	45.926933157166175
3308	46.84808259331915
3309	45.23744565603548
3310	46.87412557392713
3311	46.485211355404125
3312	45.798077849973886
3313	44.9015354855421
3314	47.22993969856767
3315	44.94582108553439
3316	45.831990325988144
3317	45.3877582891714
3318	45.64955671499975
3319	44.22786928042458
3320	46.4068352052886
3321	45.70410735473846
3322	43.8288074569032
3323	46.667026660194765
3324	45.77397577361841
3325	44.97382057028648
3326	44.8238021964677
3327	44.59058539304067
3328	45.51220495760206
3329	45.19156726867318
3330	45.648591510680966
3331	45.55166251803358
3332	46.62750152083175
3333	46.070689016875924
3334	45.68120704756374
3335	45.515644492222265
3336	46.03858948384577
3337	45.745762686578296
3338	47.07810566954915
3339	44.46690453587653
3340	46.368218382537854
3341	45.71884424470275
3342	45.728744306104396
3343	45.5022348677398
3344	46.28616609098285
3345	45.516568530801685
3346	46.61260471150169
3347	44.890041271186966
3348	44.65147824800644
3349	44.38140283947977
3350	46.972110595244295
3351	46.862569556905044
3352	44.7137612706943
3353	43.90619919610264
3354	45.657527703420655
3355	44.56043934666972
3356	44.56501619080866
3357	45.691294128993384
3358	45.86892056263557
3359	45.02881156547128
3360	45.378110806304505
3361	47.41419906558877
3362	44.91725571517885
3363	45.40023291306174
3364	45.907734752069224
3365	45.72008126793068
3366	45.90571046022276
3367	46.245308172364126
3368	46.42457446785992
3369	46.6331232286396
3370	46.23829963762843
3371	46.00649256976828
3372	45.81718248699467
3373	47.89270427974194
3374	47.82891097145198
3375	46.63501580278129
3376	45.25913625830065
3377	45.95637671784109
3378	47.02851519765689
3379	47.06912863572877
3380	45.46144807851862
3381	44.90491371744358
3382	46.01565461929582
3383	45.68850755307087
3384	45.822473796366594
3385	45.89500855544983
3386	45.96484044937404
3387	44.822106450254054
3388	45.83997712172178
3389	46.419426023136594
3390	45.96881790746331
3391	47.25492394946837
3392	46.18080161220744
3393	46.60819658869323
3394	46.237993293467376
3395	46.43222137400602
3396	46.66838404827278
3397	45.66731910632511
3398	47.469289655630654
3399	46.41424563802718
3400	44.96080006237191
3401	46.33154740266409
3402	46.14221134696959
3403	46.15235204172173
3404	47.37217525594594
3405	46.38001733516302
3406	46.181895295987324
3407	44.89994154635012
3408	45.70684173207666
3409	45.77087261258094
3410	46.51921772078499
3411	45.5179603699266
3412	46.76372877360227
3413	47.329615093965785
3414	45.380115790277195
3415	45.47765439499134
3416	45.94713049207257
3417	45.50668228313465
3418	46.737007478381784
3419	45.20019851088692
3420	45.55124342290186
3421	45.78760166023396
3422	46.89759343963973
3423	46.293016165553304
3424	46.61380411582065
3425	45.40611281666981
3426	46.12066001181724
3427	44.70863436828024
3428	44.8129681498563
3429	45.55738128316909
3430	44.99020603789353
3431	45.24623361798957
3432	45.10684068904534
3433	44.56968021272473
3434	45.24619110989523
3435	46.23879497302744
3436	46.41162337468163
3437	46.93896358609608
3438	45.27447886791427
3439	46.292850430689995
3440	45.63297089945672
3441	46.08353164130431
3442	44.81264862162864
3443	45.82936067990615
3444	46.20466343677905
3445	46.773157695752595
3446	46.199657038916655
3447	45.843471879167524
3448	45.80293225385545
3449	45.664467303877444
3450	45.29370774074171
3451	45.23925205703321
3452	46.07708324934598
3453	44.54482901137622
3454	43.484663853166865
3455	43.98753304945338
3456	43.512944448241996
3457	44.97591694992059
3458	44.952002727264464
3459	44.67886727399977
3460	45.709688406930674
3461	47.22873654739136
3462	44.96808731832319
3463	45.27109047404705
3464	47.183286195731625
3465	45.72549016244603
3466	45.93697587113808
3467	46.34356045836468
3468	46.39919662391213
3469	45.1703979996134
3470	45.85084749776695
3471	45.80278366815818
3472	46.7371776465851
3473	46.29739580766231
3474	45.11546267625642
3475	46.292327624983145
3476	46.272199747466345
3477	46.82812766710388
3478	46.430950159119455
3479	44.78219339456477
3480	44.048664894711344
3481	44.54276272539154
3482	45.63523685068068
3483	45.68200555871928
3484	44.510727371339435
3485	44.14766888843602
3486	44.16858606418305
3487	44.77087882757851
3488	45.87197851189806
3489	44.18832526981495
3490	45.65433243946555
3491	46.07783736434594
3492	44.36824650017066
3493	45.38115482783645
3494	45.182400603970116
3495	46.573474056884336
3496	44.53165991968324
3497	47.033198320564054
3498	45.36395796107724
3499	45.58049633279551
3500	44.60523579376922
3501	46.00321598123208
3502	45.36095302439826
3503	44.68992830679282
3504	43.45967257584722
3505	44.41530566644972
3506	45.05615627363756
3507	46.16650098649128
3508	45.71744156535566
3509	44.842872212501206
3510	45.63302249378641
3511	46.561597947512226
3512	45.293557159765555
3513	43.06780610596145
3514	45.51091729013991
3515	45.700690846318196
3516	46.293000501329615
3517	44.710004290316995
3518	44.87106624629809
3519	46.89609011038154
3520	46.02310630080863
3521	45.87776150922246
3522	45.820753123069586
3523	45.914734670128354
3524	45.45947786778595
3525	45.57414974443415
3526	45.84257960815126
3527	44.59159639206439
3528	46.519323491958545
3529	45.906966319946335
3530	46.48430800944436
3531	45.283951755869126
3532	45.283234185151585
3533	45.23312863035556
3534	45.96262855226675
3535	46.54633113113995
3536	44.3583277582857
3537	45.16525273787478
3538	44.93167437752267
3539	44.97267206973473
3540	45.70194750382771
3541	45.92310977774681
3542	47.11503470239204
3543	44.8185671513926
3544	45.72942200512734
3545	45.81017910642476
3546	46.00346776753913
3547	44.930728807737346
3548	45.69165502676825
3549	44.79395402532519
3550	45.06877901302108
3551	46.72553687852442
3552	46.31846992568728
3553	44.69288388438094
3554	45.29991275771679
3555	45.88447907358659
3556	45.03010542121695
3557	45.79259683286085
3558	45.8619188910489
3559	45.862453992680855
3560	45.7577189538724
3561	46.12442070137534
3562	44.900099872773154
3563	46.16460983436599
3564	45.34426570962121
3565	45.294642982909934
3566	45.04594665993277
3567	44.97783591885503
3568	46.17643025688223
3569	46.21632137790631
3570	44.92593916076983
3571	46.054808261336056
3572	45.89241432501001
3573	46.06946201785945
3574	44.23659792348241
3575	47.32786715690301
3576	44.46263459870895
3577	46.58575325492602
3578	46.614895978779025
3579	45.5393643841691
3580	47.31894081295455
3581	46.83054594183234
3582	46.32052281333496
3583	46.13277711807402
3584	44.88881003331929
3585	45.859890842143294
3586	47.08562480821776
3587	46.710795719517805
3588	47.10720371223053
3589	46.7715994270934
3590	46.750636055812116
3591	46.212466306442366
3592	47.533209004283265
3593	45.99251835772786
3594	45.18075450866076
3595	45.54258316425717
3596	44.531015954985044
3597	46.07897025096746
3598	46.371123710091375
3599	46.35405899764524
3600	45.12577001166331
3601	45.36627315754453
3602	47.3231530056062
3603	45.77098235266838
3604	44.63977962883439
3605	46.376960295373465
3606	45.39794134617371
3607	46.85959444929424
3608	45.562759300556934
3609	46.075828384558825
3610	45.23480540971655
3611	45.73927209537915
3612	46.20802650048929
3613	46.46674916572341
3614	47.11561756939292
3615	47.248959842491544
3616	44.95008838982944
3617	47.59477649301694
3618	46.09061762841505
3619	46.64294692479897
3620	46.35711138636694
3621	47.32168530079627
3622	47.672190178132134
3623	47.04758306438633
3624	46.43490753727386
3625	45.624816841784416
3626	45.75762055090772
3627	43.76594586296746
3628	43.61501481455111
3629	43.02896666812017
3630	44.99046345678838
3631	44.35166732103284
3632	44.42674982207725
3633	45.81441426861224
3634	44.50959458408468
3635	45.94752668623014
3636	45.653824145021545
3637	44.36231265250669
3638	45.711015534001824
3639	45.31680603041208
3640	44.099999898024905
3641	45.5034060079865
3642	45.78520666783276
3643	46.006229349153415
3644	45.95587513934939
3645	44.25632719202983
3646	45.25281496142728
3647	46.443288386860225
3648	44.29635004432513
3649	44.813703011442
3650	46.68145272895664
3651	45.78652269805274
3652	46.73156194831005
3653	47.67410152443088
3654	45.7523928872873
3655	44.96957818455333
3656	45.507345932044096
3657	44.319570522429785
3658	45.031780160419544
3659	45.978076053904
3660	46.21738292930967
3661	45.73997524927319
3662	46.581162602453205
3663	44.01869772079626
3664	46.532565680438395
3665	44.55749650239412
3666	45.61593844245148
3667	44.71105914329815
3668	45.00907708579195
3669	45.44806518402362
3670	45.59841211481009
3671	45.386554607724875
3672	45.27008912223662
3673	46.44995997965296
3674	44.763543676994914
3675	46.03865177588807
3676	46.128917781482656
3677	46.164805600642374
3678	44.418095610395234
3679	44.262077252094535
3680	45.584162761829646
3681	46.065371970243795
3682	44.77183202351642
3683	46.66998522437502
3684	46.83429006649039
3685	46.30619442239917
3686	46.73037261320287
3687	47.00580160786595
3688	46.73668033680209
3689	46.82532213622248
3690	44.961766570773406
3691	44.59399414367005
3692	44.86013121053329
3693	45.813940500299736
3694	46.05909217924143
3695	47.03948902789359
3696	45.90679705484313
3697	45.31870638333366
3698	45.57840293505648
3699	46.15280837258587
3700	46.05469927554141
3701	46.388016879545475
3702	43.69863945033157
3703	45.5393861272301
3704	46.51175821489618
3705	46.40659896019319
3706	47.14821913121322
3707	45.734196926554866
3708	45.9664516845199
3709	44.58517742397627
3710	44.19378658024088
3711	45.97155689659761
3712	46.68587456219164
3713	46.13220506438399
3714	45.47052311274134
3715	45.773112500748724
3716	45.79821775370594
3717	44.77312901025373
3718	45.80042083197221
3719	44.32538692897897
3720	46.11497103344002
3721	45.23394664682801
3722	45.207756127291574
3723	45.48015900164951
3724	44.41104538946161
3725	43.69513046000495
3726	44.42700185162439
3727	44.09082657783265
3728	44.557207940162336
3729	43.45441975309822
3730	44.95643376777194
3731	42.9483887929215
3732	45.51852565131203
3733	44.68670159801771
3734	44.58169034958165
3735	43.55340176061285
3736	43.29043077202089
3737	44.52673740992814
3738	45.43871858698996
3739	44.14709597071191
3740	45.174129742815836
3741	44.49387719776871
3742	44.17897052225564
3743	44.12271747038313
3744	45.690491508572215
3745	45.03667285110865
3746	44.28014705109924
3747	44.53155263507877
3748	46.29464116048608
3749	46.393778403095155
3750	45.85570846186882
3751	45.1754815170808
3752	46.1496738550931
3753	44.885557554855495
3754	43.95208053748909
3755	43.95446688023098
3756	45.08275185488416
3757	44.53279064637661
3758	46.93455628679885
3759	45.86714813338456
3760	45.648618958371635
3761	44.7590120893545
3762	44.11231523025187
3763	45.01796799810553
3764	45.51770631085118
3765	45.241216403065515
3766	43.1920516255479
3767	45.63027667704337
3768	46.3060750091895
3769	44.776327883521624
3770	44.850127002848176
3771	44.23600399130469
3772	45.18285664057127
3773	44.176321150574346
3774	44.95484786327432
3775	45.87893876035637
3776	47.40967218040836
3777	47.5205402384611
3778	45.50154957475737
3779	45.24593577292836
3780	45.428168137047635
3781	44.96290067403794
3782	45.9763473542924
3783	45.79734938652075
3784	45.143712665117974
3785	44.02243859718569
3786	46.32241163259499
3787	44.63384586325829
3788	44.151857685721424
3789	44.27373407785608
3790	43.91695894024974
3791	44.7427938004908
3792	44.16895193437719
3793	44.280582725814064
3794	44.87291431058533
3795	44.975483365161836
3796	45.65664230547292
3797	46.82453704660709
3798	45.802516321964255
3799	45.48801599558816
3800	44.7657800814882
3801	44.29479276055915
3802	45.86280157803092
3803	44.98626809852196
3804	45.60819642697532
3805	45.140473656439966
3806	44.77878468750901
3807	45.218997344338504
3808	44.656324439317444
3809	45.05105850455781
3810	44.86869709436574
3811	44.422663940024854
3812	43.83371518812099
3813	44.65717703756941
3814	45.60957538455766
3815	43.56811943993644
3816	43.5854351688889
3817	44.7917310508312
3818	45.19213019977807
3819	44.361392367841326
3820	44.80204860363591
3821	44.20837726251523
3822	42.796450694777086
3823	43.174236165105654
3824	43.28258655072427
3825	43.470717797998596
3826	45.31072641468677
3827	43.3987195489931
3828	44.527053602873345
3829	44.61146411270528
3830	44.394189399645455
3831	45.107964893432865
3832	45.25131346236973
3833	45.26541556305849
3834	44.19537986732121
3835	45.12049510594391
3836	44.72836390989961
3837	45.79262094548638
3838	45.37017209692419
3839	44.57451773980658
3840	43.90459990502906
3841	45.09450624825585
3842	44.47496705218204
3843	44.58736002052886
3844	43.261709813508396
3845	44.75409128314149
3846	44.56190323598063
3847	44.67364655670401
3848	45.05613616513695
3849	43.39485034163278
3850	44.353829829126376
3851	44.46081921687352
3852	43.19390967674383
3853	46.604894652489534
3854	45.22852701344466
3855	44.55123085891841
3856	44.58254354176836
3857	44.20086271316985
3858	45.82937177505549
3859	44.96600565608896
3860	44.45851861159575
3861	45.700834720333134
3862	45.45245784962829
3863	44.603310681907175
3864	45.27105150375107
3865	46.254327584998904
3866	46.43546381245985
3867	45.94266970129636
3868	44.76240604897867
3869	45.25740896294147
3870	45.745493035384385
3871	45.81974935351081
3872	46.629083664731375
3873	45.020129894553584
3874	45.271930196302065
3875	44.70331180124861
3876	45.38959963595242
3877	46.42379888544483
3878	45.37617274906957
3879	45.08753084740311
3880	44.76539963061757
3881	44.87264091090941
3882	46.40465242788087
3883	46.154939949893105
3884	44.535341197989844
3885	45.80580478425091
3886	44.66650569579261
3887	45.32392727146407
3888	46.06042371988322
3889	45.81955696555046
3890	46.93966871845008
3891	46.51643196638467
3892	46.05280847961668
3893	46.46081177456766
3894	44.17944535798249
3895	44.97510066189869
3896	46.97569447852746
3897	46.61939420750316
3898	45.67405416395379
3899	44.9305150339719
3900	46.127886204985856
3901	46.61716395941234
3902	44.82450868815885
3903	45.89861745857428
3904	45.21510178981194
3905	45.99494659730398
3906	45.64777344984696
3907	46.985095266039664
3908	46.62240400693256
3909	45.7848138474914
3910	46.49644505704121
3911	47.75762982362514
3912	48.1380223035132
3913	46.8344361637548
3914	44.97999596569486
3915	46.24190766795981
3916	46.41255513481203
3917	45.49149372812336
3918	45.5207460835573
3919	46.345883976575294
3920	45.87158558944354
3921	46.751446232165414
3922	45.52691031892746
3923	46.26108547489572
3924	44.8360507528428
3925	46.30092505850323
3926	46.01868696743045
3927	46.73321776984379
3928	46.107256024367565
3929	47.1361177076681
3930	46.20165307711653
3931	46.08671127110366
3932	47.17265439666902
3933	46.17365162856083
3934	46.74640920761915
3935	46.54135015990473
3936	45.15498658645255
3937	45.878688327989096
3938	45.55814773296065
3939	46.048949690113936
3940	45.1629159323357
3941	46.24285829566033
3942	45.959013142331685
3943	44.85703738596572
3944	45.26741311210276
3945	45.46864610619916
3946	44.47512546069204
3947	44.19244650890534
3948	44.52882906643692
3949	46.63085128343163
3950	45.96379034378803
3951	44.949753042388025
3952	45.755613928051616
3953	46.30225733784093
3954	45.221359258603066
3955	45.64185981755251
3956	45.89028298690747
3957	45.68694584443594
3958	46.039388077883544
3959	45.566683345117305
3960	43.72144287293996
3961	45.28384631232558
3962	45.36086159210203
3963	45.222716543569774
3964	45.60102648857715
3965	45.91255886812777
3966	46.40681264245628
3967	47.01383168423322
3968	46.321300078864404
3969	46.98350567332521
3970	46.232712466540136
3971	46.38659042681621
3972	46.81718102019229
3973	46.48558809206996
3974	46.53184289343215
3975	47.111732622844286
3976	48.08514018608302
3977	45.39447596416022
3978	47.568425281480174
3979	45.883507208439426
3980	46.048434709346544
3981	45.8598642372259
3982	45.857846362935476
3983	45.836324470883696
3984	45.41417117941122
3985	46.94574425587207
3986	46.57528432899004
3987	46.26769112726469
3988	48.10960906980728
3989	46.72588516544571
3990	45.50860082056233
3991	45.98374801856529
3992	46.70735379771602
3993	45.46954087615783
3994	46.12801536365249
3995	45.78470233819936
3996	45.836202454697904
3997	43.83406703927049
3998	44.533586657643106
3999	44.31581886982812
4000	45.5755867251863
4001	45.58317771366301
4002	45.63171997062186
