0	44.27650091597903
1	42.372744723756945
2	40.51815856837167
3	38.99638489146747
4	36.703682469859935
5	36.727877370279174
6	35.27726759856311
7	35.49322382946073
8	38.71557293377556
9	38.81726260306986
10	38.58873520777899
11	39.810672094738194
12	39.490943427334855
13	40.088794121097756
14	37.94246327040074
15	40.497346634876
16	41.15739921581186
17	39.600191991443026
18	38.92379025181404
19	40.66246421361575
20	40.31945078378648
21	40.66301032464109
22	41.338993046370994
23	40.393264292640175
24	41.08611846125356
25	40.64227567096124
26	40.8031799755227
27	42.30392065912568
28	40.63047614706389
29	40.58794627192764
30	40.76958082375287
31	41.586461627531
32	41.249549987829496
33	41.189554217644044
34	41.40008217842486
35	40.43790527115736
36	41.92743724725873
37	40.5995453347156
38	41.21791647021183
39	41.65361217181893
40	41.40747193792169
41	41.36356269197592
42	40.74460100700929
43	42.16659880704743
44	40.35759779749481
45	40.72259888634123
46	39.72429235331391
47	41.48476663405714
48	40.83208395604996
49	40.809004973362924
50	41.92033203503369
51	42.60615090337734
52	40.54194737557545
53	40.48288097393035
54	41.449906498629566
55	42.17366342695399
56	40.80912014095193
57	42.919003058543396
58	43.399199313735174
59	42.87736461605083
60	40.66816097777013
61	41.9332358325007
62	41.09721297847903
63	41.64523768957084
64	42.93604976801498
65	41.25691573549536
66	41.86810166234046
67	42.241367298907136
68	41.51772375764876
69	41.8951929868644
70	42.37238034353501
71	41.61183839843441
72	43.846345975942135
73	42.49436211598728
74	41.85964874699939
75	41.34665770856192
76	43.76604281870791
77	41.81578163637783
78	40.11818603639127
79	42.11042318913163
80	42.00095416769112
81	39.8570821626704
82	41.32948424732773
83	41.255007341120034
84	40.6073886414802
85	41.73395563653084
86	41.364907168235995
87	42.49991703617478
88	41.1496484929566
89	41.48859938820706
90	42.87812414704309
91	41.75498715609565
92	42.1686051768422
93	41.20511398526301
94	41.88498481608224
95	41.011649228133905
96	40.87918312733772
97	41.237995002446304
98	42.24258914599721
99	40.3160088360805
100	41.37843174210572
101	41.30113590255481
102	42.99350552056585
103	42.35452429424847
104	41.64819057220129
105	42.1687647377925
106	42.13208764416669
107	41.20447950539553
108	41.5403528585008
109	41.47629947249411
110	40.78263569479692
111	41.00208164451157
112	41.991471046516274
113	40.578377301095856
114	40.2279317604614
115	41.71000667325407
116	41.53557881299951
117	39.27423909278847
118	39.20743899009065
119	40.133457247631696
120	42.268847088227076
121	40.49537201538133
122	41.94832376083585
123	41.28174887200801
124	39.87270740489396
125	40.47098538372308
126	40.86181287808998
127	41.97699223310254
128	41.0350067713795
129	41.55481379242234
130	40.37633615048285
131	41.40594352008286
132	41.543402694681255
133	41.57723958324628
134	40.579346602052304
135	41.429755398779434
136	41.429185924071305
137	40.55862963043253
138	40.98086620204923
139	42.943064779842
140	40.58764316509739
141	41.609551934297265
142	42.00934107711618
143	40.92946106160816
144	41.592518913213446
145	40.82309299047332
146	40.22592109318578
147	41.22217329276781
148	42.367343819440045
149	41.66664911558336
150	42.38899994463565
151	40.70490432107011
152	40.4230420026648
153	40.85539885943792
154	40.141398497900894
155	41.558414060296975
156	40.02036517322711
157	40.97134437845335
158	40.45943412504228
159	39.60878783138961
160	39.926384972014766
161	40.63934696002228
162	39.82046045487998
163	39.10611011198037
164	39.83151571166909
165	40.88184180956306
166	40.980620019746155
167	41.106118567150375
168	40.66007736874494
169	40.60901878370532
170	42.26212961970775
171	40.504802632922576
172	39.51342876519047
173	41.00159012688807
174	40.55945967376626
175	39.36253241787228
176	40.07754891409066
177	39.71163133577441
178	40.1442303663672
179	40.96024598034303
180	41.56078148122141
181	41.39200067085779
182	39.91203442070308
183	41.34793935703737
184	40.64520821332775
185	40.18400234459891
186	40.921698582586664
187	42.5747968047936
188	40.75762947887168
189	42.23526595982958
190	41.2331164897323
191	42.828501668513816
192	42.603708251487795
193	42.33164751259446
194	40.752276673626575
195	41.46996074732166
196	42.18201594682953
197	41.51718295213076
198	43.03120355834676
199	41.66852520156826
200	39.203172250942686
201	42.74484044269927
202	41.73653708661667
203	39.6048598156159
204	38.88339421340085
205	40.142515316769824
206	40.24244284475432
207	40.74484942165961
208	39.603268704792235
209	39.951663247642784
210	40.622461102075604
211	40.56793075146623
212	39.99285011534644
213	39.99179987642659
214	39.574163027637795
215	41.025882633321686
216	40.24611226688679
217	39.443621362841355
218	40.21581683558061
219	40.23377346488402
220	39.18557437229044
221	39.735680719695324
222	40.02054147564638
223	41.99377262943306
224	40.21246642504293
225	40.64653607129082
226	42.03761854639558
227	41.55202748002983
228	41.276869674984795
229	40.95825338991313
230	40.87235253211107
231	40.23567699789631
232	41.318627276267634
233	40.79697859691006
234	40.82697231532663
235	40.00394737169241
236	40.2121912357234
237	40.79040440496129
238	39.153540785437855
239	40.16535358109569
240	40.582148122532146
241	38.797483526924935
242	39.56338470954145
243	40.006652076449924
244	40.60746021373378
245	41.03210194872555
246	39.747875269147904
247	41.16218955315591
248	40.25859467688952
249	40.79989932906648
250	42.15928013610553
251	40.03045724528832
252	39.41933590914887
253	40.699253246078804
254	40.80342225214836
255	39.993813670983705
256	42.17644732967564
257	39.85150193732233
258	40.73160565267811
259	40.22775411756923
260	40.175608331332235
261	42.099469678014074
262	42.06805268678717
263	41.19239230267359
264	41.65967360388899
265	38.50678149240184
266	41.49215074292291
267	40.843391011071574
268	41.92416868684394
269	38.8864346761469
270	42.061304870334986
271	40.02613545104137
272	41.596074654052906
273	41.16498147071705
274	39.3322816496747
275	42.913856977275216
276	40.70409762693379
277	40.849870193002246
278	41.18506211649007
279	41.45579267570921
280	42.279122486209204
281	42.42598010562649
282	40.22848901749069
283	40.06865722555731
284	42.56916212107457
285	41.31750943234726
286	41.19248548058339
287	41.70825398381982
288	40.607865854773344
289	42.834481849004
290	40.65239399103277
291	42.51175138681387
292	40.79854817789681
293	42.03720794741761
294	43.02224903218929
295	42.264699661691004
296	41.10759627809476
297	41.39081958501651
298	42.98929032782224
299	41.12897479193437
300	42.01448277567445
301	39.01227929357254
302	42.35274034739949
303	41.81126533492443
304	41.85751893690791
305	41.49079935977027
306	42.325423334114085
307	40.70469579282063
308	40.97110340148834
309	42.605754739092916
310	41.25774305785216
311	41.1368593777908
312	40.75273976666249
313	42.73087446164144
314	41.056692484388755
315	42.35559065294568
316	40.28594933585992
317	41.124698666989026
318	40.56914365299978
319	42.984969991703295
320	39.90126798580588
321	41.95661016399975
322	40.32097831889655
323	42.31444165011807
324	41.206796557710916
325	39.929625005261585
326	41.92639435174793
327	43.17256459895853
328	42.08654146399296
329	42.64603751969738
330	41.249681129304435
331	42.43942746671312
332	43.92503227185307
333	41.1414511514142
334	42.33236267503519
335	42.21799044242119
336	42.95601273623241
337	42.38364027370879
338	42.02689627131665
339	41.84913962972717
340	42.38329502224159
341	42.56633441195228
342	42.31196508567062
343	43.57289800015959
344	42.37607550729944
345	42.65019390981104
346	40.94156969746016
347	40.53562476607823
348	42.39155787526984
349	41.27163603709485
350	41.203808872965034
351	40.29346517519159
352	41.55320309903849
353	41.24898011541554
354	40.677330811305545
355	41.451420742576175
356	39.45268346080056
357	39.90603864714474
358	40.083681305850334
359	40.41642885050928
360	39.57986427682456
361	41.5184647383008
362	40.75040639673202
363	39.85613572842296
364	39.02415624770039
365	38.49134948368436
366	40.929742655959686
367	40.698902681069114
368	40.68444327361425
369	40.057340567233034
370	41.333506152495424
371	41.7254532751174
372	40.54755269417855
373	38.9162018210525
374	38.66984059582158
375	41.34427735273914
376	42.44530390678302
377	40.66896770423846
378	39.299687026080214
379	39.324184554152794
380	40.38377517326592
381	39.82552580600904
382	40.1023461129731
383	41.7877952121451
384	39.7336779400372
385	41.31698554656064
386	42.14818996199946
387	40.05837030995231
388	40.71565167670351
389	40.826224831705765
390	40.94467239130779
391	39.1362055801683
392	41.53343036955538
393	40.6605731502536
394	41.58582983616943
395	42.8800573389565
396	43.0298359859999
397	40.86023587564773
398	42.29438414019698
399	42.08292719665122
400	41.21204493633917
401	41.739053880140666
402	41.16578079929079
403	40.9590168679453
404	41.33690374078471
405	43.586529254400254
406	41.054638738199145
407	42.29270617057554
408	41.194196696412895
409	40.442079435736886
410	40.31072965934724
411	42.37589880895762
412	43.894136107608766
413	43.61896066620492
414	42.80263186920848
415	42.56173660621968
416	42.23009171949298
417	41.76597542289582
418	42.53800500695556
419	42.320779152196046
420	40.60222573311309
421	39.84367993496876
422	40.22100074640601
423	42.46435357918287
424	42.24938112284936
425	42.52683112245361
426	41.72520741197026
427	41.89406773258206
428	42.07300887106761
429	41.40439836644151
430	42.49423363678425
431	41.285492721803585
432	41.489407265823196
433	41.340975822833684
434	41.51020050829794
435	41.889085691414984
436	42.030375840680534
437	41.07924512652382
438	42.360821713926356
439	42.41687314432497
440	40.28218352112313
441	40.08291757076551
442	41.264558633470386
443	40.63391387353036
444	42.07015751851188
445	41.75560881761495
446	40.52504772842866
447	40.502409083340325
448	41.257211507226664
449	39.860017466414696
450	42.37146086520764
451	40.83698053983232
452	42.23276323629359
453	43.05077700902135
454	42.77491482520449
455	40.496896452614216
456	41.45264137116197
457	41.5244946423107
458	42.04762574283288
459	42.405347293820085
460	41.141874023744016
461	40.53919395819085
462	41.36542029225443
463	41.73486644247692
464	41.20893520415625
465	40.09916250774971
466	41.40412769349805
467	41.29632788918743
468	42.182750015755865
469	41.96440653583306
470	41.20484464964915
471	40.859415780602866
472	41.542860613721274
473	42.01079863805141
474	40.70831355625528
475	42.83991058769562
476	41.20834137286764
477	43.365429700474756
478	41.12193296285588
479	41.71037710305549
480	41.51816879914998
481	40.636157275854835
482	41.65378822300648
483	41.93772767810246
484	41.82148228583031
485	42.681899099256135
486	42.92344241808064
487	40.64572776304256
488	42.691341593601734
489	41.5655857962118
490	41.36499098506362
491	40.93283073200663
492	41.7432235918548
493	42.25236138142387
494	41.226846692044504
495	42.105272643409684
496	41.70638123918161
497	40.98997213760492
498	40.784710512302894
499	41.27129178605132
500	42.141044890028034
501	40.95982079113587
502	41.003292772502114
503	42.06171556969586
504	42.112529771535655
505	42.46651973657993
506	40.06946869772779
507	41.167753937191165
508	40.30390765224572
509	42.163814661873516
510	41.04536328815096
511	42.41947751599805
512	42.114560686741854
513	41.6961264407807
514	42.14775833694503
515	44.32743166174021
516	43.35128430346721
517	43.4721856143342
518	43.36573730718825
519	43.15010924283402
520	42.69644143102782
521	41.88870107828337
522	41.64483054897808
523	42.5834925039234
524	41.49864281006725
525	42.4750102709247
526	41.72528277895437
527	40.81230343317646
528	41.348126715659184
529	43.58594691389379
530	41.53637513742443
531	41.5230140881154
532	41.49689790202792
533	42.03138153010207
534	41.335088152910394
535	41.30654574091699
536	40.45254197394907
537	39.79010994829427
538	42.48066078500482
539	42.47444004766718
540	40.91471366560851
541	40.657255293096725
542	40.98042952203206
543	42.27765224566323
544	40.706869062606785
545	41.075210637148004
546	41.85227588413615
547	41.607136989865815
548	40.30204561149906
549	42.03651857047588
550	42.63236237705479
551	41.80960330444734
552	43.434206857375955
553	43.03246325473062
554	42.93426396746393
555	42.76660096237425
556	42.407639446956594
557	41.70876018297115
558	43.373534201748505
559	41.72343563044815
560	41.86370563187706
561	42.215224658437705
562	42.5633782653809
563	44.356067838537925
564	40.83694108449584
565	41.835453089646975
566	41.68211158070243
567	41.154865452953
568	41.11937357074718
569	41.10196614084262
570	41.54246152727431
571	42.546093802151304
572	41.43695161022741
573	42.510475908705445
574	41.83251778690753
575	42.14192853993035
576	41.98299315200681
577	42.06855245323972
578	41.17685517232782
579	42.24338160210097
580	41.27733348221
581	42.08207758813639
582	41.8480446802265
583	42.33137596083558
584	41.909864404076544
585	41.892787582905044
586	42.182611837720906
587	41.5721390772695
588	41.645881496138855
589	40.76994195511612
590	41.49273173539346
591	41.64297131707962
592	42.435640069282854
593	41.71556982037213
594	41.22859284459642
595	41.5376169556336
596	41.57411121992661
597	42.893927457182244
598	42.01586561199934
599	40.954936091758874
600	40.9731334646183
601	41.054420376751786
602	41.772740019507665
603	41.6864096999208
604	42.38791119500422
605	41.61029402466508
606	41.82849322292947
607	41.746557513648035
608	41.3993581883402
609	41.98949469219078
610	40.799182963344514
611	41.7931032605201
612	40.69521415119578
613	42.630609233438065
614	42.37417182645656
615	41.49969604377284
616	42.05863587263296
617	41.43827465755861
618	40.96813285317025
619	40.96844908828839
620	39.98382140911868
621	42.02498613879628
622	41.00851787007444
623	40.29052864994553
624	40.43325848196692
625	40.874192499578065
626	42.361501304472746
627	41.53864901776256
628	41.51910523688818
629	41.22842327581992
630	41.77227655005668
631	40.95065469622967
632	41.273053337736414
633	39.62483938651035
634	41.96884749411365
635	40.51322209743965
636	40.37113937105586
637	40.47279751880538
638	40.15549829121692
639	42.03058855409254
640	42.92671321851611
641	42.21672566280994
642	40.2329311122489
643	40.71524559378964
644	42.344317559854986
645	41.98869358907988
646	42.12115876717257
647	40.42900790965041
648	41.10738904053153
649	41.00761638039072
650	41.640446138949684
651	42.51133059525919
652	40.62905486337492
653	41.628356790177435
654	40.500900288307065
655	40.66486332933241
656	43.11618171146544
657	40.76068859116934
658	41.40822547182604
659	40.54785525036782
660	42.0190124932846
661	40.98184488687553
662	41.19052413198563
663	41.01664233250128
664	40.05011350590526
665	41.4858933042222
666	41.163060690993994
667	40.444591329258145
668	42.10937616364887
669	42.16635313504714
670	40.41747823340515
671	41.208361170288164
672	40.60930030049339
673	42.38047949371667
674	41.76500530913829
675	39.84262610514344
676	40.21126635352066
677	41.91644675861707
678	42.92021797886847
679	43.265343323284576
680	41.043204022611114
681	42.40534752013227
682	42.91663095037314
683	42.6392119723007
684	41.3995345388507
685	40.7347198887211
686	40.229947580098866
687	40.965249723548055
688	42.463814192089075
689	43.73757891316252
690	42.82562359480123
691	41.275775360296976
692	41.74148440402013
693	41.89194579346861
694	41.18217081283066
695	42.05617557252307
696	40.62079156462038
697	41.46996675899553
698	40.026125409637984
699	41.18863422583081
700	40.3350469134014
701	39.52785460421725
702	41.222448970778224
703	42.95599429737365
704	42.266786681261
705	42.956482282348276
706	41.1304402153129
707	41.25729618764753
708	41.86749497301273
709	43.41647879316432
710	42.91399020130964
711	41.130922789889304
712	41.83657798059327
713	40.726880143771346
714	44.05599626589042
715	41.32341891953299
716	41.574180551115234
717	41.28095853021739
718	42.57354573995157
719	41.82510933446245
720	41.2026405265989
721	40.880542024895846
722	42.29813606399747
723	41.521852741423054
724	40.9543221551888
725	42.19705102413835
726	43.50918494565006
727	41.98394302807035
728	42.98863772399207
729	43.23135973773608
730	42.25614407730394
731	41.37415979897602
732	42.166837045469755
733	41.522116441914044
734	41.257798392043085
735	42.01640037609273
736	41.726903015358566
737	41.26217032230065
738	40.566973496526586
739	40.49712273782679
740	41.27164629588918
741	41.594398600116904
742	41.38639031749109
743	38.9467459657412
744	38.8252467579553
745	39.817493467738885
746	41.19618378157235
747	42.40756227693618
748	41.34967191118656
749	41.138596592578985
750	41.13067575999204
751	41.308780545189045
752	41.37414563053532
753	42.55528942972197
754	43.02663868622302
755	41.42707608714149
756	41.412139398593354
757	40.72921179319815
758	41.573569149233
759	40.69821725500414
760	42.62127763640124
761	41.72212777029209
762	41.13903901207041
763	43.403199935440284
764	41.83359068857001
765	41.055472472044634
766	41.10698466196049
767	40.24762993700921
768	40.778848306453845
769	41.82795678440011
770	40.89800504403364
771	41.24824328310202
772	41.23898018095589
773	42.737762588414355
774	42.51669967955425
775	41.32935924750138
776	40.47460647388049
777	41.37980252451804
778	41.52360365023883
779	41.53438940293918
780	41.06554271106315
781	40.53499274710834
782	41.548373473959934
783	41.27105283692121
784	41.589584145559655
785	40.96861494421729
786	41.82478159254524
787	40.5293004960779
788	42.060604262950505
789	40.44425810895404
790	41.255587100635786
791	40.044955538634056
792	40.785175608591736
793	38.629490259325365
794	40.434363161922455
795	40.58497270706285
796	42.33636296021604
797	42.34097169669725
798	42.23611908003188
799	41.86679686528079
800	41.445089669931065
801	41.13054116968747
802	41.4899461166776
803	42.43809367263342
804	41.68173653315271
805	42.03867291309615
806	41.76328956846353
807	42.09542839690082
808	41.957297292585984
809	39.728121238285404
810	41.663998558668425
811	40.87157953977912
812	42.47341082871952
813	42.424929592024455
814	42.26002568093175
815	42.019108982573435
816	40.49496096964349
817	42.853651241139865
818	41.146031812287255
819	42.370710339378256
820	41.36591301774253
821	41.50494165071404
822	40.44804430146811
823	41.29315506436206
824	39.95238021907394
825	41.154874199250564
826	40.73089605071697
827	41.29300532894544
828	41.74978328276867
829	41.14432604559509
830	40.97692683509129
831	42.26163133925605
832	41.06854601852567
833	41.37933059665306
834	40.83735339381639
835	40.781264765636024
836	42.10605779694118
837	42.6548245439949
838	41.2423038495792
839	41.935634681099785
840	41.16732722442429
841	41.08837126333123
842	41.207936335800646
843	42.866820090022344
844	41.67570976202647
845	42.36182428306113
846	40.317118124807024
847	41.730818296675025
848	40.21676297555054
849	40.36784219501649
850	42.56233694587054
851	42.595944808610916
852	41.98465074937311
853	42.08669701658943
854	41.883025607700084
855	39.67223797110414
856	41.82092376189733
857	40.824550282981775
858	42.85180098381352
859	40.68782652405023
860	40.19223208090696
861	42.43310842657556
862	41.99331104019699
863	40.022025421734284
864	41.88944697714673
865	41.50620249423331
866	41.20024928900449
867	42.11129669789276
868	43.53680369665547
869	42.51780885984816
870	44.39730620305636
871	42.46503771766054
872	42.61098638301521
873	41.552356996650374
874	42.354638227599615
875	42.52100095470874
876	42.57492922559475
877	41.81041796705434
878	42.699153051081055
879	41.85188053874824
880	41.84372556800276
881	40.7967237079174
882	43.47334650998006
883	42.2557673241522
884	41.42163722160178
885	40.8886381056147
886	40.35808438352243
887	40.10674087502017
888	41.74866902239897
889	41.28851312530698
890	42.124916231411866
891	41.10186417916932
892	40.75259247829058
893	42.10377560213276
894	41.71854545883457
895	42.032156145419776
896	41.17794741212721
897	43.450841716791395
898	43.11063786252187
899	42.29592769763625
900	42.2058707543065
901	43.04374700695186
902	41.19107675748058
903	42.33180426612129
904	41.87977959972655
905	41.85012346107362
906	41.26291831030069
907	42.09394590585976
908	42.65965227378161
909	42.37756932008574
910	43.60766500946424
911	40.96056813276323
912	42.96190886063269
913	40.791295902932454
914	40.87221346205887
915	41.48744912478078
916	41.48698690283912
917	40.53512649891546
918	42.201733241942804
919	40.88295055135866
920	41.578838156784705
921	40.89536519944105
922	41.60354131704691
923	41.84789072726312
924	42.8059330853373
925	41.437707685184876
926	40.349365881882335
927	42.12553939446709
928	41.46605341370843
929	41.919719811169166
930	42.51618206772204
931	44.60635794819224
932	40.40493764675557
933	41.41392902291818
934	41.262514778773024
935	42.182679272958744
936	40.98269751540169
937	41.808280842264374
938	41.43087808326046
939	42.0279843439662
940	43.26968314828036
941	42.97034524936697
942	41.98702838533149
943	42.57687367023972
944	40.68240708074649
945	40.00227503316818
946	42.2004157495321
947	41.90043242690835
948	41.92414288127942
949	40.461726576156146
950	41.31853844282573
951	43.361494891536445
952	40.72217053510849
953	40.81532680647112
954	42.28843256639031
955	42.18192998755179
956	42.25211104867931
957	41.19743226949985
958	40.640623308584686
959	41.17644604937262
960	41.67369653456582
961	41.42722392199332
962	41.30337079257363
963	41.66000702867741
964	39.85174167846144
965	41.69957285048592
966	41.52111873916069
967	42.1726405734476
968	41.76742009253704
969	42.27689868938772
970	40.111239689684275
971	41.21873037566052
972	40.998654307305415
973	40.87611216781813
974	42.12578006942279
975	41.59845690902667
976	41.090085889376724
977	43.14440194702228
978	41.48519583630764
979	41.93619953266851
980	42.67144513732398
981	43.06830600850667
982	42.960980029028676
983	41.82554535231341
984	43.37629301410007
985	43.10261578000667
986	42.953513971009535
987	43.28271214490497
988	43.86250204741419
989	43.51425918063999
990	41.67125376488718
991	42.199669915869706
992	43.43500271834389
993	42.421068016819
994	41.96330590274167
995	40.73794309647478
996	41.584848426708604
997	42.148796704170124
998	41.40943226590247
999	42.47997640141726
1000	43.02988920601478
1001	43.16023782845482
1002	43.72269441789234
1003	43.16163006087965
1004	41.62073576229993
1005	43.03402864071382
1006	42.047566902345
1007	42.17275490366778
1008	42.95267441592364
1009	41.34898429107795
1010	42.13595647306185
1011	43.700269720654624
1012	42.801744083253766
1013	42.43691726270876
1014	42.440119750751045
1015	40.858873778137614
1016	41.813151458712674
1017	41.813498796247245
1018	42.25736484455717
1019	42.56103039296569
1020	41.27949101713802
1021	41.756564186365274
1022	42.18525218160416
1023	41.69648308065794
1024	41.3721993179731
1025	42.87463510311495
1026	42.98366802682895
1027	41.30277095333532
1028	41.874911695497275
1029	41.25517763039451
1030	40.79728725529417
1031	42.11504782058255
1032	42.17613348576239
1033	42.175504418676795
1034	42.64969988214587
1035	42.808832492569344
1036	41.394226477111296
1037	41.39227835114008
1038	42.4909162067032
1039	42.66334705310711
1040	42.193827514965534
1041	41.963663031314354
1042	40.21286647829655
1043	41.438389472888396
1044	41.591347464599274
1045	42.718530797419874
1046	41.40594741294673
1047	41.71938960872142
1048	41.42397481493601
1049	41.30874237402864
1050	40.68223969514705
1051	40.95772539507064
1052	40.548803206480216
1053	40.22221136082028
1054	41.696981823356936
1055	42.03000563969026
1056	40.50666407756002
1057	41.17552583038639
1058	41.242325653343485
1059	41.92766639223577
1060	40.45012510283738
1061	40.00956081096026
1062	39.25720474993983
1063	41.612191584836324
1064	41.098459497794536
1065	41.04263555481178
1066	42.62581943727262
1067	42.39774578703318
1068	41.95280432147353
1069	40.53481068604438
1070	41.78333239482633
1071	41.596167257247025
1072	40.49885053245072
1073	41.829289894784274
1074	39.990502412534845
1075	42.1386526687531
1076	42.015957691513144
1077	40.20467710200274
1078	42.05895963286028
1079	42.36779690286511
1080	41.49052154240463
1081	41.88009245339127
1082	41.86092024716011
1083	39.456954800068935
1084	40.875776570929126
1085	41.990601929971874
1086	42.100298181507306
1087	43.10339311603992
1088	41.021259724454254
1089	42.436717295905105
1090	42.88127148385723
1091	42.95661097428683
1092	41.31943798767124
1093	40.93336126043438
1094	42.40735779565864
1095	42.79456838299278
1096	42.00547799586903
1097	41.98575543434156
1098	41.684968040668416
1099	41.961633664188035
1100	42.112544797864125
1101	40.542247619260515
1102	41.807527023900036
1103	40.92531197639712
1104	40.837733507897816
1105	41.03666252501755
1106	40.71657170602699
1107	42.13893416029633
1108	40.56897614051014
1109	42.99114943577818
1110	42.239379736663146
1111	41.30942302484232
1112	42.174610341753336
1113	41.101089968197506
1114	41.49466359165429
1115	41.92197968228963
1116	43.44993829088102
1117	42.023715562695855
1118	42.05018627836748
1119	41.54718364561678
1120	41.515488759183214
1121	41.99471106602328
1122	42.63659564478761
1123	40.609026219269516
1124	42.494156647393275
1125	40.826479161091235
1126	41.29227708163683
1127	39.61936850014403
1128	42.29276914174398
1129	40.10902764530297
1130	41.72098958599763
1131	40.87985838295769
1132	40.491311564251525
1133	41.097299682454846
1134	41.32528233005539
1135	41.60737894294037
1136	41.65786895051304
1137	40.92801258326521
1138	42.0007897031721
1139	41.603113919345944
1140	43.16197548151334
1141	42.09093700066777
1142	42.29653448007472
1143	42.211783442318215
1144	41.9444275597627
1145	42.514436769124934
1146	40.91247536585734
1147	43.28088629098398
1148	43.26118397391356
1149	41.97611498040827
1150	43.33178392087832
1151	42.33034426723932
1152	42.311457462652115
1153	40.801222452706476
1154	41.886334677774926
1155	42.14391672075129
1156	41.725198826548905
1157	43.2066445559783
1158	42.80326934413265
1159	41.84442776874972
1160	40.64536872017718
1161	41.98435493886334
1162	41.092649613536466
1163	40.95178495218749
1164	42.39205760202865
1165	41.41412608370265
1166	43.246277189437485
1167	42.75479219178205
1168	43.10552118240539
1169	42.67272609530993
1170	41.57545550332353
1171	42.564217489144156
1172	42.653254521385264
1173	41.98798172205952
1174	42.52817720379663
1175	42.724637557055964
1176	43.17293572496224
1177	41.27939518003644
1178	40.623878764163905
1179	43.24794256875389
1180	42.7274172531986
1181	42.12749583284088
1182	43.232643468752606
1183	42.29035037975135
1184	40.52967081372626
1185	40.833272253805966
1186	40.10376516177386
1187	40.38694582922161
1188	41.77930128722572
1189	42.60268220709541
1190	40.35261414450897
1191	41.58124739382284
1192	40.858416871784655
1193	41.0692568945261
1194	41.16144105140924
1195	41.56748236269412
1196	42.6010798440536
1197	42.993195693220656
1198	42.86290062202911
1199	42.91728579982849
1200	42.47712141428194
1201	41.81387343389295
1202	43.15699218131222
1203	40.88424774202065
1204	42.222774234287776
1205	41.54730394976607
1206	41.132865526240955
1207	42.67002729300697
1208	41.282253747783685
1209	40.021702564110676
1210	41.05383444774306
1211	39.80826973518214
1212	41.08447616989905
1213	42.27598198676775
1214	41.01151603587086
1215	42.56532911583214
1216	41.8327821465641
1217	41.56085531995279
1218	42.110303880564075
1219	40.6882970287298
1220	42.129935261171305
1221	42.16182218074655
1222	41.71561537234436
1223	41.76805187276656
1224	41.732200870208594
1225	42.417161224888254
1226	43.33638626428868
1227	42.431653736455935
1228	40.51506381349514
1229	40.55075805672245
1230	42.240611026700485
1231	41.77667268514476
1232	41.61830232708887
1233	40.91474197414948
1234	40.18063079794995
1235	41.19144864712892
1236	41.181245263258766
1237	41.69725018635169
1238	42.039666330617564
1239	41.621937344789835
1240	41.86091573215148
1241	41.32551697024061
1242	40.80638971079949
1243	40.92658295182642
1244	42.16246410155339
1245	40.962913358367075
1246	41.36446335119154
1247	41.383342734192716
1248	40.839197872591235
1249	39.83430188604717
1250	42.180380294438905
1251	41.77544037511088
1252	42.37294660897533
1253	43.42218489529829
1254	41.42563603486094
1255	44.247167738568336
1256	42.380834159610224
1257	44.67566428956118
1258	41.79788840863768
1259	42.08800260900236
1260	41.73641041927996
1261	43.71130919825804
1262	43.316670829798
1263	44.1933928667034
1264	42.56827673149014
1265	41.13001805852338
1266	41.64635463370917
1267	42.30670840991211
1268	41.95976171564207
1269	40.127853851341044
1270	43.19595350579551
1271	41.756542611443884
1272	42.99352032809456
1273	43.8622385429628
1274	43.272536137285236
1275	40.87580259743796
1276	42.278860608895684
1277	42.173625473866274
1278	43.60590177200716
1279	43.853298269161144
1280	43.053409405219455
1281	43.146696817394606
1282	41.54815743016355
1283	42.579833912564965
1284	43.5607485581252
1285	42.90355124180391
1286	43.99936242759112
1287	41.80588964124088
1288	41.357995024636516
1289	41.67045382237868
1290	42.354875514437076
1291	41.3084324111028
1292	41.754323113985194
1293	42.1934401768548
1294	42.448481720450346
1295	43.8275580557107
1296	43.7541397260013
1297	43.044925157696625
1298	42.80819885578544
1299	43.797625023087875
1300	41.21369820260417
1301	42.684303294661404
1302	42.46434805148247
1303	41.638525181164795
1304	42.1454824493343
1305	43.1844702467344
1306	42.12745318852817
1307	43.61642971399069
1308	42.94236852231968
1309	42.642807438284635
1310	42.969774784494774
1311	43.26425561537064
1312	41.43462224706778
1313	43.24055385931037
1314	42.52870184034455
1315	43.06254094101713
1316	42.77307916109539
1317	42.63913585174168
1318	43.66531253866759
1319	44.13148238034359
1320	40.65239434030923
1321	44.049668907632
1322	41.772238372121734
1323	43.061233789241356
1324	44.22975953918558
1325	41.0795496813952
1326	40.16233459402851
1327	40.882515665784595
1328	40.97035810060839
1329	42.08056795604732
1330	40.99088056916312
1331	42.033065734886215
1332	42.16312241613945
1333	41.274566048994224
1334	40.68988853008113
1335	40.3085740002969
1336	42.199713975192246
1337	41.85914705475589
1338	41.731194433098686
1339	42.51007874289737
1340	42.89829942404535
1341	41.787630049621555
1342	42.04148061687874
1343	42.93655056287905
1344	43.0128726203879
1345	42.26481986438612
1346	43.5218364321638
1347	42.015861443362475
1348	42.521487146735446
1349	42.36362175624648
1350	40.97517028672563
1351	41.779981713598445
1352	43.64240251889056
1353	42.39109441418221
1354	42.19097473420611
1355	41.2998564795207
1356	42.56808120699731
1357	43.02389126747954
1358	42.346066435139306
1359	43.98873329581303
1360	41.868666411770114
1361	42.384002942541166
1362	41.80971870405094
1363	41.892012289818425
1364	42.624799390281396
1365	41.73725280209176
1366	43.69400335169013
1367	42.2921119540009
1368	42.97561046240375
1369	42.77058507610221
1370	41.8411047744667
1371	42.19088570433599
1372	43.47259649228863
1373	43.10674430804784
1374	41.484067649111864
1375	42.906300685835156
1376	42.501896404422425
1377	42.39150375584055
1378	42.322811864686855
1379	41.41217584762735
1380	42.137208736711926
1381	42.669137860181685
1382	42.09661410387739
1383	42.27031271667167
1384	41.62752047867337
1385	41.240794183040855
1386	41.76511981285426
1387	41.57261627335517
1388	40.91913274812651
1389	42.9282075642409
1390	40.222676308212876
1391	43.376045756286565
1392	41.96245131870119
1393	41.272139496486396
1394	42.05113528452252
1395	41.51923148227093
1396	40.707344733488945
1397	42.12758255624313
1398	40.70912790925746
1399	41.83921250271791
1400	42.549302513368694
1401	42.82206407355937
1402	41.04995283538091
1403	41.749011594059056
1404	42.39606208430867
1405	42.09272227686077
1406	41.23287503431035
1407	40.25294996872787
1408	41.93342607006761
1409	41.379443262132185
1410	40.7809243570531
1411	41.753822811038575
1412	41.417789602091325
1413	40.91323535074198
1414	41.15942217277336
1415	39.64995848741354
1416	40.77020453592948
1417	39.76309705059118
1418	40.507266450451134
1419	41.165546365499345
1420	39.10879030590893
1421	41.08549785763845
1422	40.22922449753418
1423	40.87781528509854
1424	39.999042830694684
1425	41.0526593973689
1426	40.05289368659951
1427	41.467800654213505
1428	40.873647650345674
1429	43.217886926547386
1430	40.03634345908601
1431	40.893396887424956
1432	40.478094231931564
1433	42.240797007483586
1434	41.46061164259011
1435	41.32631803090386
1436	40.232448417361944
1437	39.94892668222863
1438	41.1422255802925
1439	41.718747927180715
1440	41.336255488359456
1441	41.809921523872774
1442	40.62821729449681
1443	40.81915871662314
1444	39.8928337010933
1445	40.35914589226177
1446	41.336238751445684
1447	42.10167436097813
1448	41.48178807786897
1449	40.712565794786336
1450	42.549439412876325
1451	41.77278153601273
1452	42.42805799195482
1453	42.6727101978816
1454	40.05756681231274
1455	43.06070688625741
1456	41.067194225504494
1457	42.55134412328265
1458	42.88353361589928
1459	43.4685364462095
1460	42.03387176272038
1461	42.54696859302848
1462	42.387061364404225
1463	43.61628059035373
1464	41.895882685976126
1465	42.01095305801012
1466	43.50148276852471
1467	41.76839632756263
1468	43.23937172460821
1469	41.26024124443929
1470	41.41693680662792
1471	41.689889068987746
1472	42.0136885734166
1473	41.29905274949392
1474	40.83106948420672
1475	43.095750837208726
1476	41.47995671434983
1477	41.55937645967601
1478	41.277595801692904
1479	41.928454200390355
1480	40.98021024711535
1481	39.8325321831933
1482	40.61548178534968
1483	41.446737891934255
1484	40.31364556923518
1485	41.35595649057086
1486	41.170038142414185
1487	42.82477274123007
1488	41.77873540596323
1489	43.394090933900635
1490	40.930495391405
1491	40.326155585059524
1492	42.12073462316049
1493	42.20078877672294
1494	42.10128636970769
1495	40.401262541695374
1496	40.00732150916952
1497	40.14764289209671
1498	42.97424776774214
1499	42.305232793156655
1500	42.16603545451323
1501	41.82646474707358
1502	42.20094649957897
1503	41.72007605547709
1504	41.69712226149354
1505	41.82348507705397
1506	41.48601228341744
1507	41.95736377122235
1508	42.435137845326565
1509	42.07421975582204
1510	42.311446962080645
1511	42.36419911629211
1512	43.392018446561394
1513	41.295104584674405
1514	42.01233274720668
1515	41.76580979013183
1516	42.30565147086004
1517	42.17057806659194
1518	41.035867544378085
1519	42.892914969658236
1520	41.77920974770601
1521	43.46341188830208
1522	43.734025197313855
1523	42.79428891888416
1524	42.27869853022342
1525	42.3600014506256
1526	42.34524162590663
1527	42.509540583659685
1528	42.993054365586296
1529	41.882892394461024
1530	41.77650500305235
1531	41.82243487547145
1532	41.98467189230806
1533	42.645864169908094
1534	43.22130703189777
1535	43.155790467804984
1536	43.280899178820015
1537	41.94979014110375
1538	43.668987759944464
1539	41.53025611049996
1540	39.786357850961004
1541	42.3421098285323
1542	40.86529093265544
1543	42.49873821229046
1544	41.31668790760648
1545	40.50174606243875
1546	42.21394509344458
1547	40.15466554470486
1548	40.54048172894776
1549	40.602628301781095
1550	43.51286255892424
1551	41.46129819712318
1552	41.228723268024076
1553	40.134873243530706
1554	41.60032988017268
1555	42.14147265424529
1556	41.151865845374516
1557	41.710021658634275
1558	41.03455591167145
1559	39.86557963000155
1560	40.554372511753876
1561	40.87431777025609
1562	40.76331293411391
1563	40.4855033369462
1564	40.43796207815074
1565	41.85752559124673
1566	40.33313892730318
1567	40.88646597059351
1568	41.09657445888668
1569	39.55338440311497
1570	40.73845150937255
1571	40.00085928891315
1572	41.0137252875541
1573	40.712108967669494
1574	39.737399168777884
1575	41.25201025886696
1576	39.33093993539849
1577	41.401499264325004
1578	41.05173350409451
1579	40.8770049598359
1580	39.282195100911885
1581	40.59383971207787
1582	40.60652659622083
1583	40.91246985082738
1584	40.5544546601257
1585	39.80266885134451
1586	40.31007876202207
1587	40.28300614523184
1588	41.04161683177673
1589	41.5076018597996
1590	40.809195808072744
1591	40.1474748217236
1592	40.348802000201864
1593	40.70361881350124
1594	41.61443281203274
1595	41.32964455848898
1596	41.093814937795756
1597	40.82757519539363
1598	39.9094815633457
1599	40.611201351230825
1600	40.57237641410597
1601	41.808269651199595
1602	40.70094203236427
1603	41.58135520930627
1604	41.87182256692503
1605	41.335708330175095
1606	41.92820173346063
1607	40.9246697934688
1608	40.46276303565706
1609	41.554125668711286
1610	41.131790129968635
1611	42.65992859877491
1612	41.33085434380848
1613	41.57460456999367
1614	42.21348906101441
1615	42.36896248230534
1616	41.347663825603995
1617	42.32721673550199
1618	42.221843011715876
1619	43.27836886346809
1620	41.62401165013544
1621	42.79125180392217
1622	42.52101210070914
1623	42.85776034545384
1624	41.02398635545331
1625	41.41779567377576
1626	42.32290526627479
1627	41.63631946894162
1628	43.296472362247826
1629	43.55860006227311
1630	42.49702748196895
1631	40.8505935813603
1632	39.96871260028044
1633	39.82008283289276
1634	41.06758653748719
1635	42.01039331133637
1636	42.10807238764437
1637	41.883644031182435
1638	40.353009482850815
1639	41.91385217179987
1640	42.706733888600645
1641	40.02823542758343
1642	40.94190844717664
1643	41.2520393217724
1644	40.13354482745115
1645	41.00287263062504
1646	41.11200361644523
1647	40.49429975459653
1648	40.86507287529791
1649	41.27392065674422
1650	40.95336484994635
1651	41.91196820691766
1652	40.37021679308269
1653	42.06779588059316
1654	41.10374274383789
1655	41.510772745376826
1656	41.600730251509646
1657	40.34556243350565
1658	40.60272517032315
1659	39.728233153416035
1660	41.52274941329639
1661	41.580728832458306
1662	42.715131674270864
1663	41.70179589456213
1664	40.322694065660045
1665	41.26451698236541
1666	41.48566608410008
1667	41.30090373653867
1668	41.27167707530596
1669	42.158615806731895
1670	40.079918644589526
1671	40.066724038969234
1672	41.34928343015286
1673	41.99311559361145
1674	42.11231273685996
1675	42.75473991098596
1676	41.59251756694303
1677	40.63999871253449
1678	41.103118031811626
1679	42.092783930455724
1680	42.00938906772497
1681	41.009508038400746
1682	42.15831109948958
1683	41.7760789347918
1684	40.03218122287999
1685	40.81034697249114
1686	41.11574706012036
1687	41.05310621502332
1688	41.086534520279045
1689	39.11998554522401
1690	40.55829107414283
1691	41.08920075388675
1692	41.81415993907915
1693	39.617146621052335
1694	39.14019106400543
1695	38.49453325171258
1696	40.12005858840586
1697	40.22405703593363
1698	40.44738001550265
1699	41.78430711203469
1700	41.21599927486406
1701	41.36097075431708
1702	40.112277882512956
1703	40.99808637402856
1704	40.440839574987855
1705	39.911654933775864
1706	39.54302447091701
1707	40.99635975697636
1708	39.884578821634484
1709	41.42244113596239
1710	39.47141308258336
1711	40.88250966180945
1712	39.84850005363749
1713	40.155646162239876
1714	40.82607984357692
1715	39.68299535839732
1716	39.72560986527086
1717	40.07136846376696
1718	41.29893168632874
1719	39.03476759273406
1720	42.48701218787861
1721	40.70349466752952
1722	38.56443419871506
1723	41.88088533643924
1724	41.438089122085266
1725	41.772717000086516
1726	40.12423621212172
1727	42.55374067282871
1728	40.709114707683916
1729	41.826748334518996
1730	39.99833433591872
1731	41.75266036994202
1732	40.15628247606302
1733	39.106927678659105
1734	41.55420549537613
1735	40.11363882614283
1736	41.75058893239888
1737	41.89431326181487
1738	41.07571120015076
1739	41.01115955738373
1740	41.25351338719365
1741	41.43164721396014
1742	42.45586370045764
1743	41.24140392667612
1744	41.41791904793909
1745	40.46706532008065
1746	42.41304101499516
1747	43.16982307386607
1748	39.6249583859859
1749	41.48245497728447
1750	41.774240889163586
1751	41.346420444625444
1752	40.980639761468666
1753	42.67145968140931
1754	40.63760575359093
1755	41.14239662256244
1756	41.32506369867698
1757	41.570136913799196
1758	42.2519910244852
1759	42.214910872966236
1760	41.15285304472048
1761	41.53533975448363
1762	40.77664416127291
1763	41.278287217606355
1764	42.1526242059912
1765	41.5398558419499
1766	41.06244023129919
1767	40.71264481190555
1768	42.5061745983384
1769	41.767417871310585
1770	41.22448433337303
1771	41.67014749322813
1772	42.02673041092841
1773	41.19277432197582
1774	40.132103319342214
1775	41.34355919117096
1776	41.15391817703732
1777	42.302671742065115
1778	40.04506896146997
1779	41.02679912866234
1780	42.70579529448379
1781	42.370080545854094
1782	41.09536715914721
1783	42.051101146997546
1784	41.97062657457126
1785	42.82436687490325
1786	40.19817557134013
1787	41.498349341358725
1788	40.65885780275842
1789	41.14657810234459
1790	42.99734455534142
1791	41.22553309517386
1792	42.63530090153393
1793	41.77286293186952
1794	41.990780963509245
1795	41.79437552116257
1796	42.62443468675523
1797	42.017372255614106
1798	42.10636632879425
1799	41.74286908874457
1800	41.49549457925148
1801	41.15698422749438
1802	41.827245273865024
1803	41.461975947342665
1804	42.33005607282722
1805	41.30122541891975
1806	41.98559909163201
1807	41.83075698091902
1808	41.27590568856384
1809	42.60960318033584
1810	43.473111895551675
1811	41.73538505637176
1812	42.40222155240517
1813	40.5110663711511
1814	40.91517950418172
1815	41.68899904944301
1816	40.8759896427783
1817	39.7786508760434
1818	41.598100576794415
1819	43.459267669769105
1820	41.87607298003549
1821	44.09834239406223
1822	41.70388473897385
1823	41.800819907901705
1824	41.49264384926558
1825	39.62630544194414
1826	42.03266843494618
1827	40.935105502449915
1828	42.670529193156085
1829	41.96131639678365
1830	40.7895453580425
1831	41.4989732295125
1832	41.12929377592162
1833	41.16862320483071
1834	41.65685820961419
1835	41.5550800561051
1836	41.072527211148504
1837	40.73262882880705
1838	41.99035095041753
1839	40.096824871419855
1840	41.51637351374636
1841	42.90262132832672
1842	40.800260173080396
1843	41.82501066991287
1844	42.61702844741355
1845	40.26175811484377
1846	40.20664987949898
1847	40.459608294241356
1848	41.49724055245668
1849	41.932425778631185
1850	41.5930615766165
1851	40.820106588925626
1852	41.40427076331842
1853	40.874456550457374
1854	43.499416938282984
1855	42.02822827307456
1856	40.55994656212558
1857	41.27540810141097
1858	42.28251834555469
1859	41.88035788420182
1860	41.7918983601896
1861	42.36994603796778
1862	42.15383994076692
1863	42.51329910200559
1864	43.63135615011764
1865	41.72963824932681
1866	42.34986805040053
1867	40.659375104878514
1868	42.680055087812555
1869	40.18236107127708
1870	38.86600623350021
1871	39.61057074052558
1872	40.506446449457876
1873	41.38585162933361
1874	40.26141966288208
1875	40.41290996024347
1876	39.975290058151664
1877	42.13238195536833
1878	39.92003070178346
1879	42.636610693382174
1880	41.443934373224515
1881	40.990594772763956
1882	40.191578517868464
1883	40.64098695457508
1884	39.78200835517293
1885	40.358585601520325
1886	41.25093060979225
1887	39.09469062264323
1888	40.95177211920941
1889	40.04601903366467
1890	40.953245393264645
1891	42.216530498390014
1892	41.00288182293221
1893	39.068241030581255
1894	39.744391036310134
1895	40.98049221500714
1896	39.4197554982821
1897	41.7589269367748
1898	41.13832662875218
1899	41.086782393595136
1900	40.48900718589471
1901	40.8122305515085
1902	40.49615772085289
1903	40.64780395773442
1904	42.639945907291334
1905	41.14812554867823
1906	40.528751255298445
1907	41.64898422748723
1908	42.39133267012822
1909	41.29856890622618
1910	41.9984897541885
1911	40.80086351941932
1912	41.641374690543174
1913	40.77463945487854
1914	43.239806177190545
1915	42.8722485241852
1916	42.32904880091493
1917	41.23868884855635
1918	41.65477540204277
1919	41.56303997399256
1920	43.15897237719105
1921	42.72736370320593
1922	42.515880770171385
1923	41.441249928154974
1924	41.56695597053549
1925	42.15058114144257
1926	41.99544406404841
1927	41.76322547659124
1928	42.58720477821879
1929	41.33938672564202
1930	43.05502848548938
1931	42.84235501115278
1932	42.321993748173234
1933	41.56998206804576
1934	42.34229689453286
1935	42.73389529947343
1936	44.01052248214408
1937	41.88063205130477
1938	40.69076825571798
1939	41.23114703585884
1940	41.60104237649509
1941	41.292955463585876
1942	42.474870809673455
1943	43.22746852221097
1944	41.53343692251889
1945	41.21031947518817
1946	41.625176714278936
1947	42.096330600084784
1948	42.14851679299412
1949	42.394351796168905
1950	43.08605133850045
1951	42.54447404155142
1952	41.81653779757342
1953	42.29758547487074
1954	42.661919621817255
1955	41.469791065537514
1956	42.74362774292673
1957	40.99027308415388
1958	42.01617096096627
1959	41.57717273931005
1960	41.54653266995435
1961	42.73561938570927
1962	44.47160644904294
1963	41.51521379928079
1964	41.2704750840096
1965	41.34300635052864
1966	41.31080711476172
1967	41.16105360145136
1968	41.3158238215151
1969	42.48069969520609
1970	41.4182033438945
1971	40.985352465199774
1972	42.147061973857966
1973	41.33315354349222
1974	41.03492178519008
1975	41.47321508605123
1976	41.19297690857493
1977	40.27497114627956
1978	39.818020950529224
1979	41.15345944854354
1980	42.54279924319996
1981	40.74721892673447
1982	41.17960797384239
1983	40.6521741106395
1984	41.28689754672009
1985	41.76337393886399
1986	41.318759044440526
1987	39.65706721984243
1988	42.840848779174756
1989	41.326297876371285
1990	41.27971369932668
1991	40.68169751978362
1992	40.45853975536841
1993	41.583856935529475
1994	40.253539312798736
1995	39.90255202034471
1996	41.378609205299725
1997	40.1312080958666
1998	41.81751544561108
1999	40.89448313843753
2000	41.00981323711528
2001	41.23866821915205
2002	41.67609401356699
2003	40.91851377300664
2004	42.6573864444916
2005	41.85244548719401
2006	42.798392754342665
2007	41.2017014001548
2008	40.956371621972835
2009	42.35023888050819
2010	41.925990122664835
2011	41.39291145607455
2012	41.38961407209521
2013	40.601272834329535
2014	40.01637234630259
2015	40.98505632541959
2016	41.98382247436419
2017	40.43075649472181
2018	41.255458022713945
2019	41.37030168775234
2020	42.1631552110169
2021	41.47850446543204
2022	40.49372592139757
2023	40.69009183389286
2024	39.68898401254843
2025	41.234366358343316
2026	42.689084542728054
2027	39.77867716902502
2028	39.72549249728404
2029	40.9057349546485
2030	40.288259446933836
2031	41.3546325303339
2032	41.424858486136465
2033	41.7826109042036
2034	41.466007859903385
2035	42.54088326755291
2036	40.50024531850519
2037	41.802537730967586
2038	41.38125106856432
2039	40.445959301337744
2040	41.811265738744375
2041	41.69592509911581
2042	40.88307272851969
2043	42.06507737372085
2044	41.37092176727736
2045	42.28161296450999
2046	42.290133369589896
2047	43.08788134732653
2048	43.07523949888521
2049	42.25634305626606
2050	42.5143365027302
2051	40.85986879152966
2052	42.62974429868016
2053	43.63126535623295
2054	41.67044965325097
2055	41.457815886322805
2056	42.43930835895195
2057	40.867175193345965
2058	42.87284507694088
2059	41.19993627956458
2060	40.145564436478764
2061	40.28151562660009
2062	40.09205141264111
2063	41.737472823316665
2064	42.259772606319146
2065	41.9577324490373
2066	40.38681860665859
2067	42.07299100549015
2068	41.7790025760402
2069	41.28382073488562
2070	40.38343137595342
2071	41.16417717486278
2072	40.80342242419994
2073	40.6582869276346
2074	41.256017403393294
2075	42.053778165611135
2076	41.33122105568286
2077	41.732880068622194
2078	39.788510570042696
2079	41.62859014381463
2080	40.4642286031576
2081	41.02307320561467
2082	41.16406539315755
2083	41.35637320825805
2084	41.48828543612256
2085	41.29563864776243
2086	42.01131969106569
2087	41.094786154765046
2088	40.78329852008033
2089	42.4071637456612
2090	40.52564095177055
2091	40.05039360299752
2092	40.873058372583785
2093	43.447650271489756
2094	41.764362957591906
2095	40.88040292118632
2096	42.993873807587526
2097	41.76347671974775
2098	43.23757912087991
2099	41.4016099854178
2100	42.02456485268483
2101	41.819921228539236
2102	41.18390893179288
2103	41.77734348410947
2104	40.17956736288302
2105	41.0716034403437
2106	42.69226392912526
2107	40.02216226824274
2108	41.385713674290244
2109	39.67145903026947
2110	41.618356952791416
2111	40.90614066044568
2112	40.55449845278595
2113	40.96770326954873
2114	40.27043404922125
2115	41.3075779365979
2116	41.57131450972746
2117	41.96110080683992
2118	40.41672236425014
2119	42.083267231617086
2120	40.21056655366358
2121	40.30846455234593
2122	41.27923779489491
2123	40.17331125139012
2124	41.60242105211122
2125	41.806817918379295
2126	40.36854224078072
2127	41.37685523641056
2128	42.05052381135724
2129	41.36737282536156
2130	40.24201866463753
2131	40.45484255716397
2132	40.05329165536019
2133	40.10409813107933
2134	40.154197710307656
2135	40.30061957839871
2136	40.83988538902981
2137	41.564739999610424
2138	40.478674094936665
2139	39.59413186818172
2140	40.742500064797945
2141	40.56670148830175
2142	41.985154538722426
2143	40.52380524393426
2144	40.55373247183974
2145	40.980742654152436
2146	40.33850705691184
2147	40.52380710430413
2148	41.94989828871953
2149	39.866535186443905
2150	41.85729461023628
2151	39.69428639264635
2152	39.68171640555132
2153	40.68017644645191
2154	40.721288315344026
2155	39.99955822353889
2156	40.9224701819182
2157	41.1200661380115
2158	41.391136669409725
2159	40.59571505218168
2160	39.56732276401697
2161	40.902348648361055
2162	40.44187975391513
2163	42.74568784947458
2164	40.66290345289662
2165	41.025483895570744
2166	39.77772210873879
2167	40.57869947896135
2168	38.16755396140138
2169	38.97196041116877
2170	38.57124349347813
2171	38.87975388001317
2172	40.816104283165
2173	40.037264223694294
2174	39.54243987939067
2175	39.650240237372465
2176	41.67512793078845
2177	41.72864250429363
2178	42.55945008589237
2179	41.0279142625113
2180	40.576534292066114
2181	41.58250716033041
2182	40.05545691404864
2183	40.86279976941138
2184	40.649522768792934
2185	40.98718226103604
2186	40.82539159107459
2187	41.3159644570298
2188	41.20068432221075
2189	39.78769660033696
2190	41.54390306685589
2191	41.178388051248696
2192	40.21001860944846
2193	40.623532673348386
2194	41.70386555936012
2195	42.0471733973528
2196	42.26458099406019
2197	41.082287819675756
2198	41.35116839087342
2199	41.10630530055005
2200	41.79965926891518
2201	40.811373148809224
2202	43.013965829263576
2203	42.57239440123598
2204	41.33193377602649
2205	40.315882969067886
2206	41.12988329083918
2207	39.62626540596698
2208	41.026528911946016
2209	40.99520497093357
2210	39.90588408244056
2211	41.3143044177845
2212	41.2747757043647
2213	41.44430293488913
2214	42.59046537447178
2215	39.4333314190577
2216	42.003015874911526
2217	42.060989052315804
2218	40.68948773733129
2219	40.274964537369556
2220	40.228798929844785
2221	40.579837794660214
2222	40.70555500553177
2223	40.52618479301492
2224	42.280041452905174
2225	42.93026947575484
2226	40.86225802963403
2227	41.96313493239322
2228	42.49739770714741
2229	41.16470886931234
2230	41.40305434067884
2231	41.298365063142924
2232	40.456490235920825
2233	40.68928002175357
2234	42.09527665163611
2235	40.944503511739846
2236	40.21636862023582
2237	41.7222019791347
2238	40.33115453291297
2239	40.75262016653834
2240	41.14575663247351
2241	40.355884856364185
2242	41.40588204982867
2243	41.50922519652953
2244	39.89336992735971
2245	40.82725449146826
2246	40.86546854246293
2247	40.893013575810926
2248	40.06028488306976
2249	38.17309553396224
2250	39.80260681259457
2251	39.25424475967825
2252	39.748929512022414
2253	40.04045641276859
2254	40.93156406769674
2255	39.790734079396536
2256	40.42026615513045
2257	40.325513247393516
2258	41.065888158138236
2259	40.606431698641074
2260	41.288140730335925
2261	40.71413655303103
2262	39.43166408346526
2263	41.39354881068471
2264	42.565805805176204
2265	40.72584386038076
2266	40.715240318536885
2267	40.97062556690429
2268	40.907776791859476
2269	41.87878994329509
2270	41.72014693720205
2271	40.31722392097786
2272	42.559268011906376
2273	41.405357117219445
2274	40.547448348333084
2275	40.79375609257313
2276	41.483615263062454
2277	40.47129516638216
2278	41.394646070410474
2279	43.353175000727134
2280	41.34738314958732
2281	41.930358066640416
2282	39.92061263493581
2283	40.946774120745694
2284	42.01964018152616
2285	41.80246822379455
2286	41.91184854979893
2287	41.17054947585723
2288	41.39695225295482
2289	42.09272686565707
2290	40.54088981236889
2291	41.64419320359068
2292	40.89562630362959
2293	41.26918951414259
2294	41.080987375730004
2295	41.16949572388929
2296	42.080077401201116
2297	41.662632250737744
2298	42.857390039924816
2299	41.37134462287249
2300	41.39425987474421
2301	40.89265692925806
2302	43.00182992596886
2303	42.617039663952106
2304	42.9882566932034
2305	42.6771655231171
2306	43.05099995678754
2307	42.646375788531124
2308	40.8741411064832
2309	41.80738560578375
2310	42.987719836823864
2311	41.42347890442133
2312	43.49110865603275
2313	41.80208233829579
2314	43.14368235826292
2315	40.783410035536804
2316	42.289330224014904
2317	42.23799692028232
2318	41.444007929560556
2319	41.58290067926923
2320	42.24168956449318
2321	43.21845101635163
2322	42.645718590017715
2323	42.610772262208044
2324	41.09203595410933
2325	42.04155154416305
2326	42.773677984009915
2327	42.659141826056455
2328	41.97973737675713
2329	42.52214829880382
2330	42.716995284418395
2331	42.9333159937396
2332	42.7538851618751
2333	41.300064243161486
2334	40.78488437111859
2335	42.15092209845084
2336	43.55632217848023
2337	42.96535216766589
2338	42.29351993862547
2339	40.27468512279778
2340	41.325255587218095
2341	41.87237203456515
2342	42.52194650488758
2343	41.063151753843314
2344	41.36156977335575
2345	40.344502936516825
2346	41.87526135441826
2347	41.965257837011
2348	41.182258872058384
2349	40.37869678842597
2350	40.82399590161297
2351	39.17447810703994
2352	41.54021317598578
2353	41.890451580062816
2354	40.63179133721883
2355	41.430942282751296
2356	39.7772724622471
2357	37.81066289296699
2358	40.65342317907665
2359	41.06218476209002
2360	40.25314973942263
2361	42.868542802553044
2362	40.38880385361495
2363	41.816562778272484
2364	41.97921941999378
2365	40.10326950183586
2366	40.57656338373105
2367	40.23936975702165
2368	41.71931229109024
2369	40.744454883042906
2370	40.29847727215461
2371	40.82030560098964
2372	41.06351145815435
2373	40.11031845283512
2374	41.36745987381936
2375	41.49083480233973
2376	41.397247925812366
2377	41.40014880818457
2378	42.07980392972686
2379	40.90263802520112
2380	41.995641869776875
2381	42.45976974700339
2382	42.97868307401936
2383	43.77813217950781
2384	43.83007171540533
2385	42.08629141447214
2386	41.5053021399235
2387	42.50701737339979
2388	41.86192498738341
2389	43.03811243721737
2390	41.42530175914038
2391	42.15287213593009
2392	43.15496620484636
2393	42.49910165575855
2394	42.29146812165735
2395	42.276934994361106
2396	43.58633114463928
2397	42.5061511110411
2398	42.66061713867339
2399	41.62105067977835
2400	41.57183308371255
2401	42.92441843734375
2402	41.47262201001774
2403	42.336474634579204
2404	41.201779971981495
2405	41.961987027735276
2406	41.91977040233692
2407	41.31846668603505
2408	41.62615902545549
2409	40.48200929666541
2410	39.96053101743848
2411	40.713199049014115
2412	42.5871466412822
2413	41.97877674846382
2414	41.39519570344953
2415	40.371524920405015
2416	41.41094252557432
2417	40.44509244019059
2418	40.91055569888687
2419	40.96448663705646
2420	40.76150178823734
2421	40.92825630090447
2422	41.34502697390248
2423	42.15151214617413
2424	41.52177951851068
2425	41.817172437585285
2426	41.81738650776865
2427	40.39326950358021
2428	40.987776583847406
2429	42.503859504558925
2430	40.24198887924461
2431	41.952711698780085
2432	41.16420069993347
2433	41.06868727062567
2434	40.233940345016585
2435	40.156961482728335
2436	39.40366169670315
2437	41.86445627328876
2438	40.12869559571408
2439	39.19012370884919
2440	39.643308652672204
2441	41.70624144029365
2442	40.91140054077596
2443	39.94195955126444
2444	39.77269054992071
2445	42.367682656567176
2446	41.29690479816188
2447	42.164334510523545
2448	39.82117455155267
2449	40.80557049588617
2450	40.75325740564204
2451	40.98587342095313
2452	42.06127714790605
2453	41.457851637441735
2454	41.70393317698981
2455	41.56061386427797
2456	40.63006493820397
2457	41.6440848684246
2458	40.75254211305388
2459	40.4402400086823
2460	39.64041392259101
2461	41.074477476114865
2462	41.834138443697576
2463	40.2212538207319
2464	41.87782547344401
2465	42.01468755499712
2466	40.88917794877048
2467	39.985519514924235
2468	42.14726282962798
2469	39.80600770847719
2470	40.232616934025316
2471	41.96851792548632
2472	41.093223602714765
2473	40.88939381554443
2474	39.83738424926116
2475	38.66289791084646
2476	39.92837117493809
2477	40.653682274637674
2478	40.92427854506917
2479	42.247670520151715
2480	40.45869625192133
2481	40.33292952543456
2482	41.35209143942188
2483	39.76208462807773
2484	40.65061352564682
2485	39.97592589346981
2486	41.547016447800615
2487	41.30522603780853
2488	40.773018842583625
2489	40.90322585343014
2490	41.175610472655414
2491	41.71476560497404
2492	41.915718112735895
2493	43.490709256296235
2494	41.341818652037475
2495	40.51822957454991
2496	40.34903183787279
2497	38.95400897435577
2498	41.02114946969782
2499	39.78751948708392
2500	41.21824011920271
2501	39.87747456084379
2502	40.176141449926085
2503	41.001521148397984
2504	40.60264621337295
2505	40.713567822587976
2506	41.5502311140306
2507	40.6255335992798
2508	40.56815818802468
2509	41.548756672258435
2510	41.0323706807717
2511	41.747652373807846
2512	41.61438860988404
2513	42.45817552170794
2514	40.68751887163583
2515	40.89768589747986
2516	41.18848310490486
2517	41.9356688960213
2518	42.040671910295444
2519	40.641249902251225
2520	40.69904518867758
2521	42.44260774659543
2522	40.21417543386653
2523	40.624858944852534
2524	42.13968327266158
2525	41.035995052451874
2526	41.07520327057231
2527	41.77349197924969
2528	41.68290010348816
2529	41.518772910378296
2530	41.32058261357451
2531	41.057290983866444
2532	41.41216270883358
2533	42.23575454194008
2534	39.95735729854793
2535	42.05664268843523
2536	41.494402906178394
2537	40.83275622080686
2538	40.93846935679124
2539	41.5239187750549
2540	41.27563258486729
2541	41.82039945810767
2542	41.74113770686258
2543	40.69415222110053
2544	41.53105310232472
2545	41.307862555502254
2546	41.50725814648877
2547	41.58554920442034
2548	40.39309034415845
2549	42.449502961430966
2550	40.13888442554547
2551	42.89830398647055
2552	40.45560640089911
2553	41.84920859683494
2554	40.93164241087477
2555	42.01218680667632
2556	42.25283762067878
2557	40.70077343586443
2558	41.676258541784215
2559	40.098314583529316
2560	39.42918409680995
2561	41.968786812221545
2562	40.779438385206575
2563	40.88514576290557
2564	41.21404752828543
2565	40.31285401883034
2566	40.672138835385695
2567	41.104955577098956
2568	42.25156979775878
2569	40.72034327471253
2570	41.054482517570975
2571	42.154772117435044
2572	41.89953995384859
2573	39.59963192628003
2574	40.075384715856465
2575	40.18636579801642
2576	41.77208004781028
2577	41.13937525664454
2578	39.98219923303778
2579	40.99054703916542
2580	40.16581010283498
2581	41.00027958570757
2582	39.52268965310516
2583	40.19046638795625
2584	39.928248197807456
2585	40.818252825782224
2586	39.39114101295278
2587	40.98675100897748
2588	39.26723294070951
2589	41.24279711406587
2590	41.95702764824624
2591	41.65593709402899
2592	40.02996750899371
2593	39.23150474548757
2594	39.77324380540949
2595	40.66988412330377
2596	42.05660900521934
2597	41.65073496958576
2598	41.65740842575776
2599	40.010998011460984
2600	41.36131312156584
2601	41.38711738994321
2602	40.77986091416875
2603	41.669489603074005
2604	41.44423201273709
2605	41.39195046904477
2606	41.14999738581729
2607	41.04251214443606
2608	40.8604152287739
2609	41.542771396309796
2610	40.805450700510804
2611	41.24588149814677
2612	42.174700751808004
2613	40.615431716876095
2614	41.51564477522356
2615	41.390548231828085
2616	40.982249992019426
2617	41.92493505471862
2618	41.781562666502104
2619	41.65638813733586
2620	41.629292639916436
2621	42.61141617017312
2622	42.140339303469716
2623	40.50309671134187
2624	42.22115819996647
2625	41.77804030788745
2626	40.87158930045444
2627	41.757888912113025
2628	41.350217419072344
2629	41.63320621886203
2630	39.784304653277474
2631	41.641110471092865
2632	41.13243752102752
2633	42.230032590944305
2634	41.003752393051116
2635	41.77250000065672
2636	41.1379316030799
2637	41.21984569186552
2638	41.952013297854734
2639	39.615554375637046
2640	42.7234470455791
2641	40.608926362882244
2642	42.03927930058408
2643	40.743378136500205
2644	41.254910301584964
2645	40.12844811286666
2646	39.305406814054685
2647	40.84221307020231
2648	40.59578602118606
2649	40.88118188931335
2650	39.87139121652411
2651	41.012889815651064
2652	40.63817484470727
2653	42.58126319698914
2654	41.07706264355096
2655	40.13106488196749
2656	41.05168121374939
2657	40.871832132578106
2658	41.95751892544959
2659	42.155804581543315
2660	40.82188649374171
2661	41.55659345675615
2662	40.56155650525369
2663	42.05956783006971
2664	41.8599530516007
2665	41.723878406637496
2666	43.345227179586125
2667	42.08672117445458
2668	41.83744772426568
2669	40.299993555434725
2670	39.76033378811693
2671	39.61264766358909
2672	40.753758422103346
2673	40.065582967586565
2674	39.99145475090385
2675	41.039171781625825
2676	41.869328029671635
2677	40.448425771970804
2678	40.98123362039376
2679	40.915222893714535
2680	41.77319543282751
2681	41.10148432314419
2682	42.146300496700235
2683	40.374359870950194
2684	40.62846083308836
2685	41.911372571065414
2686	41.219604270763035
2687	41.91000154022109
2688	42.03740864296022
2689	41.35499414425016
2690	41.27908840111914
2691	39.884263092961916
2692	40.92857994076917
2693	41.194380388557875
2694	41.481767281742144
2695	41.2932558430562
2696	42.1636415446278
2697	41.944544951448975
2698	41.43603237584727
2699	40.68849346446614
2700	40.89032241540827
2701	40.50036235310992
2702	41.070669528014434
2703	39.94104893435381
2704	41.50605835069176
2705	40.770692250252836
2706	40.495090744710915
2707	42.04858438824273
2708	40.55727779605817
2709	40.057285234437465
2710	38.99352074133876
2711	41.19317418890371
2712	40.84298622779258
2713	40.17274685159876
2714	41.576746204189774
2715	40.72658259865856
2716	39.284007661151826
2717	41.93172162033146
2718	42.064975092138
2719	42.410134579283984
2720	40.591660641277855
2721	40.20575658175713
2722	41.853531967796556
2723	41.01347330377751
2724	40.73798427244426
2725	42.41640514755511
2726	40.578904962852945
2727	40.587294866607195
2728	39.749636776647435
2729	40.64959639145165
2730	40.70321086893154
2731	41.02623788471105
2732	41.96538325975197
2733	42.32418587111305
2734	40.23471233326215
2735	40.35994279250269
2736	40.68285220979519
2737	41.45988689378336
2738	42.076203343377344
2739	40.2431957395868
2740	41.03421335934473
2741	40.624486729647344
2742	40.54491987650269
2743	41.46743104532116
2744	40.713719380997304
2745	41.35982306234319
2746	41.734549425087316
2747	39.731648654577405
2748	41.469494320809275
2749	41.265132404317754
2750	41.2629389101709
2751	42.1280946869057
2752	41.72659195349842
2753	42.150665534067045
2754	42.196870416036695
2755	41.027414980554596
2756	41.858626434634324
2757	41.32608997620426
2758	39.47831053182715
2759	40.790314928331576
2760	41.49193170328995
2761	42.941248237915566
2762	42.44499317229116
2763	42.34547192261742
2764	43.01811638145744
2765	41.38517131202342
2766	41.900116747198155
2767	40.6670488210217
2768	41.22107523812893
2769	43.30307939302172
2770	42.131495867757636
2771	43.6604563859409
2772	41.755730472029114
2773	40.80996238595038
2774	42.89288354558534
2775	41.84688652877538
2776	40.85252273097819
2777	43.058886817323106
2778	42.83297102074935
2779	41.912126665868776
2780	41.63733160979541
2781	41.10837101652069
2782	41.57998709708634
2783	42.552251433887015
2784	41.88104135784377
2785	42.393093838607626
2786	42.964887357640755
2787	41.977185978371025
2788	41.323481011512634
2789	42.423285595626744
2790	41.36897980312689
2791	41.58304828269628
2792	41.791721834662994
2793	42.15429915235362
2794	41.09050637613913
2795	41.9056378385502
2796	40.57269718859624
2797	41.59463486067358
2798	41.20880535439467
2799	41.27571104552834
2800	40.33683016022752
2801	40.26336155080895
2802	40.53612855342341
2803	40.940002653272394
2804	40.87651984324586
2805	40.25236295017115
2806	41.14803009844291
2807	40.60836048534552
2808	40.859532475537094
2809	43.16403645058032
2810	41.34586973759914
2811	42.390576839919554
2812	39.90371481677936
2813	41.52191525195234
2814	41.987702042125505
2815	41.81811482098057
2816	41.506236900037074
2817	40.671766708122654
2818	42.50076287630097
2819	41.446584460183324
2820	41.60456302974261
2821	42.76489804407352
2822	41.75943614611848
2823	42.50688418045152
2824	40.82512653550663
2825	42.23119738567739
2826	41.531797519038896
2827	41.26184564115628
2828	41.8803934041252
2829	40.79835354439423
2830	41.465448356622595
2831	39.63465248501772
2832	40.461351049828906
2833	41.35643864765766
2834	39.955693430395165
2835	40.28051632353917
2836	41.22308106538352
2837	42.72066505707841
2838	41.201006259600376
2839	41.87009880236508
2840	41.83425886534806
2841	41.85140894250441
2842	40.97949968408135
2843	39.18372905282043
2844	40.5125934751816
2845	40.76377848701155
2846	41.583854158494844
2847	40.65808852311426
2848	41.62888171520189
2849	41.1458218439609
2850	41.22835758064024
2851	39.92000683379289
2852	42.92144951645283
2853	40.794266118760056
2854	41.47596838278626
2855	41.3021564093639
2856	41.860673200491874
2857	40.1150517036906
2858	42.29238752389843
2859	40.48026716554421
2860	42.3891956126335
2861	41.52824682295166
2862	41.54432365274627
2863	41.840241114435514
2864	44.23278259184419
2865	41.75527978471397
2866	44.5030699264849
2867	43.10118732972797
2868	41.056651713248584
2869	41.508591943270496
2870	42.49149256437546
2871	42.23075058649873
2872	42.443174997700396
2873	41.82681042127061
2874	41.455234155254715
2875	40.76602821097979
2876	42.10955633371055
2877	41.22995534676331
2878	41.333030070510304
2879	41.123850647076075
2880	40.890832423619756
2881	41.43666625829423
2882	40.53706732774033
2883	43.004650101360724
2884	42.12043760542762
2885	41.91645676911141
2886	41.95561520746501
2887	42.436834187426
2888	42.27349952487091
2889	43.662460796253235
2890	41.98777900824211
2891	41.02579506219814
2892	40.5093348891872
2893	40.57180925077902
2894	40.97539016199456
2895	40.44067294976419
2896	40.96961470986341
2897	40.64466828857547
2898	39.81806511468059
2899	40.12720822413038
2900	40.49177816942975
2901	41.1124737723376
2902	39.68054267269554
2903	41.1558881058902
2904	41.16683784705562
2905	41.56565165005481
2906	40.29388263035949
2907	41.06897384753195
2908	41.57033001388379
2909	40.550076996750995
2910	41.64486000422551
2911	42.47779007006604
2912	41.845027128648766
2913	40.444405687199016
2914	42.57791072924009
2915	40.0408159893445
2916	42.09758634360354
2917	41.72654218460197
2918	40.855860587258505
2919	42.13272857021298
2920	41.658959605232795
2921	41.1446743395564
2922	42.87042043994132
2923	42.02437011321329
2924	41.137570135940514
2925	40.09655076410045
2926	41.25337648562613
2927	40.44468928272068
2928	41.481988577907934
2929	40.47247918984526
2930	41.09884949317427
2931	39.431347681500725
2932	39.51209065708515
2933	40.90877923309192
2934	40.29736988539261
2935	38.796025978465124
2936	38.72036363247158
2937	40.86527293221264
2938	38.077740626236015
2939	40.13751617906978
2940	38.904569189034774
2941	39.72747741438476
2942	38.94825481612626
2943	39.49301755767623
2944	39.746087224902084
2945	40.04673670292805
2946	39.734783686115605
2947	38.33201070987482
2948	38.77380262634044
2949	40.31751324530347
2950	40.573601927639736
2951	40.00272401320241
2952	40.4780150316101
2953	41.172210881788
2954	39.66750610358544
2955	39.07907288118216
2956	40.96653732997284
2957	38.141615444431025
2958	39.52204021133657
2959	41.24307174895592
2960	42.047555676626146
2961	41.0492898046513
2962	40.15426922265616
2963	40.06490114490555
2964	39.20993398255166
2965	39.46892340783212
2966	39.11544237039363
2967	39.74775095852563
2968	38.598141620936886
2969	40.54531739927823
2970	41.39652084809557
2971	40.15968531445664
2972	39.34924251680953
2973	37.35654215161622
2974	39.42261603874981
2975	39.86662270829589
2976	40.09312709528122
2977	41.014091190587514
2978	38.84148655514449
2979	40.2986031964339
2980	39.19958611530904
2981	39.56829986761631
2982	37.77393715651613
2983	40.175899729459275
2984	40.659789558792966
2985	40.4089906662068
2986	38.84488876390225
2987	40.84250143197076
2988	39.87086175261587
2989	39.885016294575315
2990	40.04461287679095
2991	40.75154884571537
2992	39.69790274500561
2993	41.46634228111701
2994	39.84115616225178
2995	42.48376125001246
2996	39.42179929253481
2997	40.509522333861604
2998	39.358508289624304
2999	39.11123306990235
3000	39.657117611462326
3001	40.40976099711548
3002	40.86579963252233
3003	40.87194991871058
3004	39.81940458236464
3005	41.2685367039587
3006	41.05876156372657
3007	40.37859404139969
3008	38.857748990158505
3009	41.47849400250917
3010	41.76337073036009
3011	41.292288435757705
3012	40.87938222232184
3013	41.37809902445655
3014	40.5721193045046
3015	39.89397945956345
3016	40.671680022902976
3017	39.66031944724142
3018	41.121088171700734
3019	42.04722481242822
3020	41.958085970197416
3021	41.013658188200544
3022	41.25777162206728
3023	41.120740634733956
3024	41.93364939980063
3025	41.700082100789956
3026	41.832388432343244
3027	42.20221350276767
3028	43.458148889259384
3029	41.90048745612895
3030	42.71913490430128
3031	42.27670795695161
3032	41.64220038103436
3033	40.23289805232457
3034	41.84864073514195
3035	42.83104292843229
3036	41.33915018682311
3037	41.573022919401545
3038	40.49248283967576
3039	41.84312399037118
3040	41.552627771786305
3041	41.40138930001079
3042	41.20713606528046
3043	40.76982544734905
3044	38.66755305052085
3045	41.088441792428206
3046	41.20198980663862
3047	40.90471324071592
3048	39.75563175395263
3049	40.61864342451414
3050	39.775151525876694
3051	40.523798187830444
3052	40.43204822003919
3053	39.653999163721664
3054	39.38619377401486
3055	41.02736537928836
3056	40.7230708216172
3057	41.500274683615025
3058	41.40592881067261
3059	40.48776274874545
3060	40.238817616796645
3061	41.07975554903462
3062	40.60217967719152
3063	42.169797069838616
3064	41.31526505812223
3065	43.3934499746062
3066	41.42111177113589
3067	42.05746615750241
3068	40.935609318011444
3069	41.653875565618705
3070	41.26700361612525
3071	40.66107680917615
3072	41.25958227668583
3073	39.589373682254205
3074	38.79298401304882
3075	40.29211777043311
3076	39.829309650570025
3077	40.66849738530101
3078	39.244440291769756
3079	40.75120183238081
3080	40.41808136019088
3081	41.05663213085566
3082	40.52889324885562
3083	41.34365514644489
3084	41.019309413830214
3085	40.076386700620134
3086	41.637273964729566
3087	39.85225698854371
3088	42.22066295075354
3089	40.506670134592824
3090	40.89726696459375
3091	41.200241892732635
3092	41.37754081426687
3093	41.80163419094062
3094	41.67367683973477
3095	42.3030085170912
3096	41.673922314110506
3097	42.7601282520596
3098	41.90751099317592
3099	42.41490059778149
3100	42.12826548477054
3101	40.5933753245581
3102	41.55370635541652
3103	40.72804361700123
3104	41.80717375564152
3105	42.400651938570114
3106	41.85063057682273
3107	40.69219176344391
3108	41.408348312124396
3109	41.325156818459305
3110	41.46343843639662
3111	42.11099175956179
3112	42.08521417209441
3113	41.679777119929
3114	41.69125700621575
3115	41.72485133707894
3116	40.71052758366739
3117	41.379805948969484
3118	41.077933302211676
3119	42.22881441469601
3120	41.555195539816665
3121	42.06400775308705
3122	42.62473937800464
3123	43.912983904107236
3124	42.03435358264028
3125	42.49458628042253
3126	41.24115270253609
3127	44.67152507556224
3128	42.660788511230926
3129	40.81160486978908
3130	41.37431660201228
3131	42.091562939481456
3132	41.92759052009091
3133	42.20099862088336
3134	43.25947687515066
3135	41.343783639534216
3136	41.469168509250395
3137	41.81254455799926
3138	40.91833466257781
3139	41.727052001581036
3140	42.12882474776177
3141	40.603375396544166
3142	40.00394827561205
3143	41.488997374190085
3144	42.20321881861115
3145	40.17728613359741
3146	40.274144412899865
3147	41.06402490250948
3148	41.49185754632306
3149	41.28295961514545
3150	41.30229977117841
3151	41.702610967880744
3152	42.26036370635741
3153	42.02443705969132
3154	40.65529499257175
3155	42.44329332012265
3156	40.53951833438029
3157	41.31559852053782
3158	41.797613149454385
3159	41.140843210042654
3160	42.1508477572667
3161	41.898386012649105
3162	41.88839614320687
3163	42.57256378557051
3164	41.61303533130293
3165	40.43873115998107
3166	41.57451490275968
3167	41.454125925675214
3168	42.365928613961415
3169	41.16042173861521
3170	43.07158029552238
3171	40.12056903529812
3172	40.27343753968117
3173	40.449980073560994
3174	40.20384242843812
3175	42.01132916846089
3176	42.1000230731599
3177	41.92488752035192
3178	41.17707048621265
3179	39.37756225442875
3180	41.195463067865305
3181	41.12629742214707
3182	42.36656130045145
3183	40.85194383864666
3184	40.83700369685373
3185	40.974113211786644
3186	40.90769519146985
3187	41.311073323245786
3188	42.243855284585884
3189	41.454288229437694
3190	40.83349379664958
3191	43.36747721349099
3192	40.374574901632414
3193	41.43523057203358
3194	41.23386036300196
3195	39.9815706409351
3196	40.135257237458575
3197	40.00562747594391
3198	40.80918913013639
3199	41.844844360137365
3200	41.242433320104084
3201	41.702670399202205
3202	42.5211934349971
3203	41.74452818594585
3204	41.78326504274314
3205	39.58072440233853
3206	42.452122094946276
3207	42.0703566692809
3208	40.653067148169804
3209	40.937638904577064
3210	42.96084277060558
3211	42.37684030322386
3212	41.74966049287994
3213	41.83902700902601
3214	42.767141628834025
3215	42.23440529962537
3216	42.028585170781405
3217	41.48941290353845
3218	43.310903092140414
3219	41.01355681040532
3220	41.66938203361589
3221	40.96331706575134
3222	39.65805766870268
3223	41.0536099695354
3224	39.707474139183894
3225	41.09973443858265
3226	41.081957061597834
3227	38.734088604894026
3228	42.3451994585727
3229	41.0563661460811
3230	41.76288962627804
3231	41.44564533744074
3232	42.47037797713919
3233	42.89638249364949
3234	42.04984602234676
3235	42.36478279284462
3236	41.43139108038241
3237	41.53304828340437
3238	41.26397850552766
3239	41.24162038004408
3240	41.777372869982
3241	41.45700928298267
3242	42.15159654795361
3243	43.06511298693257
3244	41.22170015568322
3245	41.99795766945385
3246	41.24910191813368
3247	40.765177148899106
3248	42.3326469792291
3249	42.557495506132554
3250	42.538597146266746
3251	41.1186478310308
3252	41.760798108743884
3253	41.706450992651575
3254	41.05964665092807
3255	41.19542246203454
3256	41.79151895085839
3257	41.353489485109364
3258	43.05588661120447
3259	40.87265394814945
3260	40.9503849777004
3261	41.81118971705765
3262	40.97967023760369
3263	41.09950554295993
3264	44.062128498268265
3265	42.56973782507008
3266	43.22695481775089
3267	42.604825850113016
3268	41.81619312261026
3269	41.066352320276
3270	43.04064175801491
3271	41.99636557619439
3272	42.3477235840455
3273	41.74957874324573
3274	41.38173228401301
3275	41.71986847550903
3276	42.284707435917454
3277	41.77998507977752
3278	42.594346789845915
3279	42.46183471723428
3280	42.28404820648716
3281	41.73809765728336
3282	41.952966297940215
3283	41.047149031364924
3284	41.71455758710442
3285	41.6440410480333
3286	43.09011939043871
3287	41.3838030771078
3288	42.39626513667477
3289	41.87182439791111
3290	40.71880235440522
3291	41.192433027006615
3292	40.32246664437177
3293	42.46309351066554
3294	42.893501316419
3295	41.94167986933942
3296	42.256612750486354
3297	40.87386436484959
3298	43.32791014229747
3299	40.1597272858953
3300	42.39423088897927
3301	40.20852448093399
3302	42.79024005429823
3303	41.163351303990474
3304	39.49666937912792
3305	40.25439542476183
3306	40.28502304247547
3307	38.87687193112717
3308	41.28710201854765
3309	40.07856868788267
3310	38.70680210548214
3311	40.56188827445869
3312	41.29865239832163
3313	41.20829860326759
3314	41.536190791847055
3315	41.43613655478175
3316	39.651167495301195
3317	39.98017759943603
3318	39.6590438227845
3319	42.51628198191783
3320	41.04147267158755
3321	40.668524236240366
3322	41.13001694340988
3323	42.131930498025106
3324	39.9578705846688
3325	40.62521611136221
3326	39.30930332610354
3327	40.59765004920618
3328	39.77270055199052
3329	40.30125106712279
3330	38.98412763132579
3331	40.33283769345797
3332	40.39851390639543
3333	38.909038559248046
3334	41.94569757110022
3335	41.04907151080488
3336	41.428840003171494
3337	42.17726799760491
3338	40.572769902128705
3339	39.878738995526284
3340	40.02958750064085
3341	41.397551994499196
3342	40.35945316513699
3343	40.63272746418463
3344	42.14335091405817
3345	40.29389146361197
3346	40.30509025911844
3347	40.64993192052133
3348	41.51120582456506
3349	41.08802307798533
3350	40.29232830237176
3351	40.17208004421181
3352	39.7891867338374
3353	40.17343652329604
3354	39.78439815183148
3355	40.70297476667155
3356	41.75101469398339
3357	40.79082443779561
3358	41.440814395338585
3359	40.085691399239096
3360	39.7830721340615
3361	40.28963858978588
3362	39.78496713610068
3363	40.02361247683982
3364	39.442812668346875
3365	40.500539056566474
3366	39.70694210984865
3367	40.6839710524561
3368	41.29750307637231
3369	39.9678145836174
3370	41.21491504791408
3371	40.474796417801926
3372	41.12988768018642
3373	41.452810099766715
3374	40.55142554776314
3375	40.17438327337836
3376	38.93225105894987
3377	40.7456004224408
3378	40.40964830363609
3379	39.686764886385184
3380	41.04731907269009
3381	40.87129044977599
3382	40.42644376301169
3383	41.51726733654282
3384	40.99419384260988
3385	41.36311936168481
3386	42.064364446489364
3387	40.55236218502015
3388	40.19176380700929
3389	40.9277635858399
3390	41.100389143795276
3391	39.20637606714175
3392	41.39027962501521
3393	42.484858077944985
3394	41.20887237294983
3395	40.49937646018502
3396	41.483466548765264
3397	40.779122630895735
3398	39.864978947971224
3399	41.58949433610756
3400	41.673166320265274
3401	40.63415581573903
3402	40.688636155181776
3403	40.538509677541704
3404	40.36498303811259
3405	41.901716352943765
3406	41.542695700306666
3407	40.951317387676426
3408	39.99128616334499
3409	41.52272631474664
3410	40.18839304281282
3411	39.73420953881438
3412	39.95425104265294
3413	41.697338219118784
3414	39.86106475761928
3415	40.36677988697146
3416	41.490151023563755
3417	40.82204444301847
3418	40.173297119878995
3419	41.175769341497315
3420	39.89683582266174
3421	41.23779148088743
3422	41.246329245994964
3423	41.28514480240762
3424	41.39170543513166
3425	42.13565026662364
3426	41.049329639514
3427	42.278211777927524
3428	41.06402146200184
3429	42.88254253316129
3430	40.72930842798596
3431	39.604618520629906
3432	40.76563742625072
3433	39.93025347903366
3434	40.753379530223
3435	41.89713181449282
3436	40.738161475191845
3437	39.536428875838446
3438	39.00426393947713
3439	39.4854265638525
3440	40.87880338565467
3441	38.422587225556924
3442	40.57642908654085
3443	41.716983125329385
3444	41.31645938033395
3445	39.78446515492543
3446	40.13207392178714
3447	39.22889385141482
3448	40.30854814255585
3449	39.924273777261305
3450	42.4597929647297
3451	41.853223703896816
3452	42.01747207200747
3453	40.813022323267326
3454	39.13904146708169
3455	40.584384097762126
3456	40.40175485943352
3457	43.06252419560422
3458	41.47118490968531
3459	40.9491877256611
3460	41.8527914554101
3461	41.633301304604146
3462	40.56333003903578
3463	40.92071254569857
3464	41.085156805643344
3465	40.413187340275186
3466	40.44443401061646
3467	41.55539648783926
3468	41.725576889189504
3469	42.23615063477028
3470	42.18911145566085
3471	43.26671704197577
3472	42.00140892613411
3473	41.60344341078803
3474	40.935577192146035
3475	39.61562790875897
3476	42.47178762143988
3477	41.31296987644812
3478	40.73661994759609
3479	40.43947758192218
3480	39.16711012362669
3481	39.92233864137322
3482	40.81973954334768
3483	41.235214724865656
3484	42.02348474091286
3485	40.929804518163586
3486	40.90296206303024
3487	40.36464373080523
3488	40.91488704280922
3489	41.182696902586656
3490	41.35575188407719
3491	39.9262368588975
3492	40.92915272447245
3493	41.11852727118599
3494	39.471333658080546
3495	41.8087910048532
3496	41.65702669819087
3497	39.903132998044306
3498	40.39930382624854
3499	42.03949078770569
3500	42.07264025388927
3501	40.61772622970017
3502	41.76071429239057
3503	41.28087422399303
3504	40.85561610113258
3505	40.87389469633094
3506	42.7649491715538
3507	40.58492486216232
3508	40.96519615895332
3509	41.851482426922466
3510	40.68519872968158
3511	42.119521166650316
3512	40.6499132953311
3513	39.51254460927151
3514	40.89808937610913
3515	40.57425264429978
3516	40.71106865764593
3517	41.98263132268027
3518	41.80008540763699
3519	40.65208368585559
3520	41.09675196664002
3521	41.297295820486184
3522	41.597432411380034
3523	40.21963196888019
3524	38.71422556112309
3525	38.83163222191778
3526	39.57495069644633
3527	40.84563759995596
3528	41.14260763040194
3529	40.185389161572395
3530	40.10091987387428
3531	39.18717253129309
3532	40.44647651632023
3533	41.74223829181361
3534	40.98763857007105
3535	40.365039479037385
3536	41.8170686462829
3537	41.082908347506844
3538	39.92721426202418
3539	40.17577145771852
3540	40.40931007311328
3541	41.01371243239727
3542	41.29893724080581
3543	40.879237114550264
3544	41.48279251358547
3545	39.283146285544014
3546	41.90422773122718
3547	41.22629192986324
3548	41.17674743379954
3549	39.25376991582168
3550	40.808545728664534
3551	40.56661718263352
3552	40.61740350509616
3553	40.01220906851698
3554	42.36823450576443
3555	40.74844938429596
3556	40.455578276375064
3557	41.92042613998607
3558	41.141278934735645
3559	42.943979044930714
3560	42.330005268415455
3561	39.98307634262503
3562	42.77598082734143
3563	40.97515874631453
3564	40.50202381857508
3565	40.896366663951376
3566	41.69984286267736
3567	40.29028210662177
3568	41.32516114001161
3569	42.07420839406424
3570	40.219736152843446
3571	42.09398729154049
3572	41.81403859001126
3573	42.693024778014255
3574	41.68206560815783
3575	41.18736442886182
3576	40.94491018521658
3577	40.294115371473694
3578	41.40091074890812
3579	41.78525614343428
3580	41.052832803007746
3581	40.730300913997745
3582	40.64364992633999
3583	40.525893732022425
3584	39.808991675187436
3585	40.390356744876875
3586	40.34358484078518
3587	41.939594174180044
3588	42.052425026711205
3589	41.04677538849914
3590	41.943715439297726
3591	40.945673885974834
3592	41.117004262630935
3593	41.10198899841348
3594	41.35880433741186
3595	40.87036936438528
3596	41.96947271828246
3597	41.77479881372172
3598	41.8675847354895
3599	41.19281672734646
3600	41.85911682752126
3601	42.18723259208398
3602	43.34531205049127
3603	41.91267079801372
3604	43.123148081999645
3605	42.15010648747196
3606	43.16246374806487
3607	42.95524663260874
3608	40.98563619058525
3609	41.523350290232784
3610	43.171197419923004
3611	41.08408796364949
3612	41.298320897892786
3613	41.387511436492936
3614	42.133976585199804
3615	42.04702195784668
3616	42.09938094774496
3617	42.76692779758525
3618	42.11181816753815
3619	44.271666757165875
3620	41.07876471649471
3621	42.47654886155117
3622	41.42288342241023
3623	41.33827638366568
3624	42.440176771573014
3625	40.72164879080545
3626	40.8048461928433
3627	41.322443194815676
3628	40.695732739164704
3629	40.7732642763648
3630	41.07396393455081
3631	41.049968803783
3632	40.98952374902971
3633	40.30112884700196
3634	41.15531280008666
3635	42.58636223218278
3636	39.99724371778445
3637	41.0347601282392
3638	41.714696111422455
3639	42.26768868165099
3640	42.64726770245949
3641	42.37346199922436
3642	42.87840898737398
3643	41.80855816290455
3644	42.44628544061124
3645	42.34183188897324
3646	41.547159005829364
3647	42.65117861806953
3648	42.15848541865475
3649	41.52524601716524
3650	43.0231773766215
3651	43.26949980843585
3652	41.02321570976433
3653	42.552794894483505
3654	41.70418003277816
3655	41.69037950573004
3656	42.171444806698794
3657	41.755768423473974
3658	43.14604346761065
3659	42.72357048330555
3660	43.259132494222854
3661	42.862416632903496
3662	42.2278166248388
3663	40.369785231962595
3664	41.47527028703397
3665	39.88777970043548
3666	41.9022252083086
3667	40.97403058215699
3668	41.765965175128564
3669	40.79654005814503
3670	41.008152502566006
3671	44.465925917499064
3672	40.91292932907679
3673	41.78792953004208
3674	40.884047073176916
3675	43.84640514562444
3676	41.62426264965445
3677	41.271801356833535
3678	40.388477995383
3679	42.312175379819855
3680	41.037020015196745
3681	42.055884678999675
3682	38.91678150389794
3683	40.54707201014198
3684	41.001180409774854
3685	42.356345406466346
3686	41.05043251148503
3687	41.26871409190379
3688	41.52649365275053
3689	42.491333277223845
3690	41.361085081094394
3691	41.472148264426096
3692	42.77167416107693
3693	41.93157573136446
3694	41.292706749256745
3695	40.377920777969564
3696	41.527925276882385
3697	41.05672026217218
3698	42.97174950140285
3699	42.3218628383461
3700	41.564779388661734
3701	42.95599442148548
3702	42.73626541073365
3703	43.24160668199497
3704	44.08249037261707
3705	43.10371374329511
3706	40.66285081384227
3707	42.083223380695735
3708	41.79066144558147
3709	40.97750876809197
3710	42.53594382331415
3711	40.105787916500105
3712	43.37282116517499
3713	42.3739467622813
3714	42.428505050020746
3715	42.67894937388674
3716	40.72773587488673
3717	41.34743547513222
3718	43.72999054804666
3719	40.870242465740496
3720	42.7957368396332
3721	42.03616161284585
3722	40.94467268183578
3723	43.058463409252575
3724	42.244270987295714
3725	40.94882511642848
3726	43.05085407887719
3727	40.58453064542105
3728	40.3957587126361
3729	43.197504961857284
3730	42.717297853907816
3731	41.19153917483117
3732	41.48906832308052
3733	41.155790645226475
3734	41.680694872535625
3735	42.28216844716053
3736	41.76214389426282
3737	42.040057784892745
3738	41.60957315980029
3739	41.81282683858016
3740	42.22921424693181
3741	41.38783530759099
3742	39.304466079356835
3743	41.41895496950824
3744	41.86497281337461
3745	40.373384167037756
3746	41.43175205538369
3747	41.2187024612983
3748	41.68593948867047
3749	41.42096415999014
3750	41.8678099318339
3751	40.396019869648406
3752	39.505157133308856
3753	40.82705764911136
3754	40.27874429974315
3755	40.35093144561356
3756	40.82325499459588
3757	40.62039515468604
3758	40.55470032569851
3759	41.29842940640918
3760	40.895449447855874
3761	40.03166776930073
3762	39.195612113974434
3763	41.05994414370852
3764	40.89488423724864
3765	40.38117735680341
3766	40.950008062994605
3767	41.296982750845935
3768	39.63736899985815
3769	40.45132071058129
3770	41.593134445038224
3771	40.78479312274366
3772	41.29404979555554
3773	42.10913135102346
3774	40.50284467418634
3775	41.87906880173598
3776	39.128011451228026
3777	40.4586189045016
3778	40.347544514311714
3779	40.061410730616075
3780	41.801403874007306
3781	38.90188322524947
3782	40.12321462040537
3783	39.21927474768848
3784	38.49492342001079
3785	40.65470005273505
3786	39.96182855840633
3787	39.55515702847503
3788	40.28652625878092
3789	40.8153400335924
3790	40.12744589850875
3791	42.20574978941068
3792	40.11797022774111
3793	40.855078498610695
3794	41.18221078982438
3795	40.58054191963884
3796	43.02414696011959
3797	41.19103116923318
3798	41.69843995498747
3799	40.68342072561005
3800	43.391734683578164
3801	41.0369787241643
3802	41.5764203541681
3803	40.84877663961654
3804	42.193589787293085
3805	41.109655640753104
3806	41.889745253977274
3807	41.28442158624632
3808	41.472637988061656
3809	42.995789456585506
3810	42.78223611830162
3811	42.80522035052775
3812	43.060558567861
3813	43.982973132332724
3814	43.476895354918526
3815	43.53817017577672
3816	43.07387971903658
3817	41.65622803136394
3818	41.797018551154366
3819	42.08397209823693
3820	42.961988001351855
3821	42.40511209566699
3822	42.14354194519175
3823	42.562703892642105
3824	42.6344802616553
3825	42.36582714592459
3826	42.08913809424809
3827	43.22542448383662
3828	42.818670641538844
3829	43.245004322666425
3830	42.16530233729327
3831	42.68151433950159
3832	43.36183036487608
3833	43.3615771487205
3834	43.52765954568437
3835	41.84434730968463
3836	42.28826927424609
3837	42.851222762392624
3838	42.358648535762654
3839	42.629752406253246
3840	44.44978383528287
3841	42.78780898515756
3842	42.78344586856222
3843	42.88377751758547
3844	43.237790199491926
3845	42.21115956602577
3846	41.54595556590702
3847	43.65464072171887
3848	42.82609332110604
3849	42.319888777255706
3850	42.738870536324676
3851	43.54957813173469
3852	42.68077281036213
3853	43.71984974336631
3854	43.89399126005878
3855	42.88273337855698
3856	42.38432446771528
3857	42.44875577452234
3858	42.89038198595151
3859	43.89092925950469
3860	42.646280584333965
3861	42.55983017668637
3862	43.54101097089756
3863	43.28543077497235
3864	43.66112389855803
3865	43.1944924358266
3866	41.93461383718053
3867	42.40560273011814
3868	41.83539944791975
3869	43.51092345694029
3870	42.39463252523856
3871	43.90416601969843
3872	43.421495106332884
3873	43.09449947761049
3874	42.149593781662496
3875	42.73907446703878
3876	43.199700424830944
3877	42.85622310385806
3878	42.46760753954321
3879	41.8915551276699
3880	41.974648173626214
3881	42.33201316184933
3882	41.70645338445331
3883	42.112193176877916
3884	41.48807088340696
3885	43.474617561260004
3886	44.05766952888205
3887	43.277115772617805
3888	41.0085940119147
3889	42.67285112357153
3890	42.411378378847964
3891	41.523348887248005
3892	42.91312865713171
3893	40.37501588221858
3894	43.14802696826211
3895	43.05884607744392
3896	42.305597145812484
3897	42.82214524365273
3898	42.90869205502507
3899	43.00489934776998
3900	42.61555843009693
3901	42.64771061113538
3902	42.893997187814456
3903	42.15094894572171
3904	42.29688027030681
3905	41.71944438515786
3906	43.01304399881958
3907	43.3684071818773
3908	43.038759936344576
3909	42.029278672449394
3910	43.03124391853916
3911	42.477337629696734
3912	42.381451035504405
3913	41.77545559942188
3914	43.155979166462615
3915	43.1409289736562
3916	42.37471743774967
3917	42.835628966444986
3918	40.79474027381606
3919	40.66561935137856
3920	42.12990517676155
3921	42.636409399888656
3922	43.30924497197494
3923	42.21672520430533
3924	43.618444582709905
3925	42.30927201880975
3926	44.33364453253967
3927	42.89725090802124
3928	42.96192522204146
3929	42.75841088508246
3930	43.5807558250066
3931	41.74151087138788
3932	40.25468288861917
3933	41.66362305788288
3934	43.595574111098045
3935	42.21958842815364
3936	41.8541625574268
3937	42.18400864490724
3938	41.9074894289527
3939	42.344936754734356
3940	41.204468727564084
3941	42.4255409240476
3942	42.605069522315006
3943	42.21579018074106
3944	43.21586531787417
3945	44.01978344592044
3946	41.39074942854658
3947	41.733300871872494
3948	44.12582947023995
3949	42.217645393508974
3950	42.68796449686156
3951	42.840351053034894
3952	43.91384589163184
3953	42.89807635190815
3954	43.02714862315269
3955	42.095221285779004
3956	43.484622238153285
3957	42.501075798862495
3958	42.65390254683102
3959	43.10632080159938
3960	43.70516399048704
3961	42.77881587812109
3962	43.25189568679964
3963	42.6811828037527
3964	42.97135026308793
3965	41.862194536269946
3966	42.04507520708255
3967	42.63823021347791
3968	42.10978301804272
3969	41.75146178148649
3970	41.97137771696758
3971	41.42883762660476
3972	41.5398517695713
3973	41.13343834136845
3974	42.27324062443812
3975	41.027559793192694
3976	42.125731259545795
3977	42.68737567055047
3978	42.21641642095862
3979	43.29883604029461
3980	41.249188711656906
3981	42.37101586419313
3982	42.03897807326864
3983	41.6615507742837
3984	42.4210971405798
3985	41.325423875474755
3986	41.62718802952118
3987	41.07157416164872
3988	42.316088944009316
3989	41.51739010769921
3990	41.6058865272985
3991	41.65157463345836
3992	41.215817259068096
3993	41.41295060941703
3994	42.75461027656414
3995	41.75913750019905
3996	42.64785937962783
3997	42.617125601787684
3998	42.343566750266135
3999	43.95219375791949
4000	41.732157254426916
4001	41.05382849112597
4002	41.89777976846891
