0	0.846041342243648
1	0.851685673899091
2	0.6539722773980838
3	0.9175506605394089
4	0.8771895899614752
5	0.7742978542018281
6	0.8373035960643128
7	1.0764912288075996
8	0.8767910463221754
9	0.8311393070537387
10	0.7351242692207964
11	0.8785827120660031
12	0.8848900206487872
13	0.7812405824244699
14	0.8390951518508435
15	0.969671004182369
16	0.7109790648581404
17	0.7169253127377424
18	0.784064355756656
19	0.7793285395242459
20	0.9268408398379425
21	0.9538131558535461
22	0.8104712410831737
23	0.8953989485898768
24	0.9774717210658648
25	0.9854715979348074
26	0.7838089574178605
27	0.8101618353320602
28	1.04156990725476
29	0.652216440397656
30	0.8358728498381263
31	0.6636815822801883
32	0.8600115360661866
33	0.8825857721360646
34	0.7619188022459334
35	0.9339299295646275
36	0.880479587406003
37	1.0029287100645394
38	0.8739434594402922
39	1.0944963217227357
40	0.7747154198925552
41	0.8522630031677714
42	0.8410674963609548
43	0.6845374102583781
44	0.8842858245930381
45	0.8041681455938636
46	0.852808209753207
47	0.7491122457567531
48	0.7586980537117308
49	0.7539285410887816
50	0.8132236900149454
51	0.8338547466091516
52	0.8581639229268604
53	0.969293290690135
54	0.8469038543893014
55	0.6897968670197574
56	0.7669975450646902
57	1.0506829884579885
58	0.9122461159368495
59	0.9005391707742607
60	1.0820954719643072
61	0.9614033889856313
62	0.8879221549910415
63	1.126997875207233
64	1.072539019717462
65	0.7685243767694454
66	0.8890084692953863
67	0.7186664267316135
68	0.7562907505061859
69	0.8887706526503345
70	0.6974726249240147
71	1.0125970543938565
72	0.751380479969622
73	0.5858207094832076
74	1.0733671519449823
75	0.7843865846336371
76	0.8027460723944215
77	0.9580719475457908
78	0.9720373733132535
79	1.036674685411462
80	0.9669165403502828
81	0.9050943631222983
82	0.9481109338104193
83	0.7952800829556353
84	0.9427780386535165
85	0.9053835717955739
86	0.9812164217740008
87	0.8393470038931236
88	0.7210216405308523
89	1.0663435715554839
90	0.7492050196404629
91	0.7933751994721041
92	0.7583294508840926
93	0.8290368121493273
94	0.9109013371021726
95	1.0073144668252816
96	0.9702406780487689
97	0.6445471787754489
98	0.7987083934237875
99	1.109759347212931
100	1.1075359105801363
101	0.8460991168569512
102	0.8639654809677297
103	0.9397207608856968
104	0.8614916464789969
105	1.1224830793676361
106	0.909188664453611
107	0.8749093907404143
108	0.7165114333149906
109	0.803528583645581
110	0.8714739205613621
111	1.1593027810607015
112	0.7127412657486563
113	0.853478636970252
114	1.1751914233659329
115	1.0180611456690887
116	0.9924341076384744
117	0.8112915169563304
118	0.8041644716075859
119	0.9381124170659313
120	0.9812335001957301
121	1.0033730313841813
122	0.7379244743326377
123	0.8787869256586222
124	0.8217204374853972
125	0.8471988548775835
126	1.0493426818939149
127	0.6382296545385666
128	0.7881778415195559
129	0.8457569089458818
130	0.8078148443167115
131	0.7248457560958403
132	0.5785046972204652
133	0.6033051096749809
134	0.800122815892012
135	0.7599959975866372
136	0.920266045787708
137	0.8200322672594117
138	0.8501735302675975
139	0.925710565357842
140	0.7135175588831566
141	1.148689899274371
142	0.8084566486579176
143	0.7611507852173067
144	0.8576503549011627
145	0.9511069657846939
146	0.8986369010454502
147	0.6688476303209626
148	0.8262846139991836
149	0.8831238052078779
150	0.8338564180134561
151	0.7932323836679911
152	0.9057815808340881
153	0.744332300804759
154	0.8625977021166282
155	1.1440793855609759
156	0.8338686261784196
157	0.9728388877170779
158	0.9574114007847538
159	0.7853427955842154
160	0.8710784068366947
161	0.8101669435236408
162	0.8383410820770192
163	0.5975833367601625
164	0.768290005131981
165	0.7698828001146525
166	0.7980525993613146
167	0.842820215923319
168	0.7842561696694207
169	0.7725856894984863
170	0.6668457644330759
171	0.893824680842187
172	0.8173819464110348
173	0.8158133221650203
174	0.8096243932290448
175	0.8266311603351786
176	0.7221302302619963
177	0.8147534604827736
178	0.6653426363985476
179	0.8211670742958732
180	0.6516727225692043
181	0.7089665816549947
182	0.7754309969030905
183	0.6660595066989046
184	0.7085684332715186
185	0.8680189281553178
186	0.9404999012527313
187	0.800131504670345
188	0.825707085091115
189	0.7942093861250841
190	0.7610456874300848
191	0.8791541513820581
192	0.8372763160102454
193	0.7888118778432188
194	0.9811794588385186
195	0.9781386849548332
196	0.7099921799471234
197	0.919289576143635
198	1.0138015922613022
199	0.8023307793264209
200	0.7839917105096214
201	1.060371496161184
202	0.8149401074852194
203	0.9589118393725911
204	1.0095910315328835
205	1.0820114972901884
206	0.9284617233134984
207	0.8539760556300439
208	0.7372423347859711
209	0.8088270173892878
210	0.9247740256394715
211	0.8232902534104065
212	0.8824398893813618
213	0.6095831531784488
214	0.7003940480317148
215	0.7752703838590536
216	0.64459894401701
217	0.7378547769794414
218	0.8241393002228602
219	0.7258605377098997
220	1.0159873184545682
221	0.8242252257111267
222	0.6864862065006996
223	0.8130015173769359
224	0.9856943442750735
225	0.9772021343322307
226	0.9028838145919531
227	0.8176342086727776
228	0.7122479238760548
229	1.0032667503783752
230	0.9887536374534122
231	0.9003456825287878
232	1.0148798655243005
233	0.8261288263106759
234	0.841124810692933
235	1.064971233677714
236	0.8119715577200495
237	1.083936885347872
238	0.987965504836
239	0.7698467631546982
240	0.8618175377496387
241	0.9416323220450868
242	0.7388285383322042
243	0.7945713892368536
244	1.190798173543542
245	1.045486705058699
246	0.8941408161096703
247	0.919483470126958
248	1.0413006919819863
249	0.8733964290465643
250	0.9792743342655161
251	0.854603802953451
252	1.0319344880928158
253	0.9912860524867143
254	0.9608591606925728
255	0.7766848948981908
256	0.8625224641940269
257	1.0365406958939334
258	1.0433344090389232
259	1.0409648063527084
260	1.0958355750772248
261	1.0605013222911117
262	0.8257090153595598
263	1.0608710288065546
264	0.9510066232479445
265	0.8955798940242778
266	0.9255213497422696
267	1.1160366011043699
268	1.0107244309692263
269	1.0361360330555043
270	0.8785532179698645
271	0.6836408149995913
272	0.9975718683065531
273	0.8054580151499938
274	0.887471336191959
275	0.7701074505267249
276	1.1509125976888652
277	0.8636681221396556
278	0.8834879942566909
279	1.0435522805233273
280	1.0637995911333635
281	0.9218953791225013
282	0.7662578176363817
283	1.0456931626154815
284	1.0244867402157336
285	0.7818735737816671
286	0.8776432879651608
287	0.9794248844617395
288	1.0653778184946476
289	0.9371289178037685
290	0.7645917806845486
291	0.734080199108074
292	0.9309946447185004
293	1.0066977493785203
294	0.9080956403220357
295	0.8924387381968346
296	0.6880211334643258
297	1.0177709381954883
298	0.7241510967471162
299	0.7775993156239936
300	0.8881763508195939
301	0.8111653539210975
302	0.9271014753315513
303	0.6218931509921701
304	0.9747558407106983
305	0.7482881245195557
306	0.87767816375433
307	0.9952345578288202
308	0.7454788101312173
309	0.9213163267251129
310	0.9523017914525309
311	0.9160046611195728
312	0.7848315047163181
313	0.697917607879048
314	0.7805067582013964
315	0.8369400773583731
316	0.6925207496301615
317	0.7344939321670672
318	0.7054065428079298
319	0.7996407615969701
320	0.6965168206593103
321	0.8266271534619505
322	0.8436979367283836
323	0.9794807179363165
324	0.9360546200276386
325	0.7786799383767102
326	0.6820690828595253
327	0.7423352997866485
328	0.8229989045980428
329	0.9837240589827227
330	0.7536685046288735
331	0.7405430361336781
332	0.865635091249995
333	0.7697176314964939
334	0.9781029186398508
335	0.7258571603298817
336	1.179338798550191
337	0.7705628890856338
338	1.1109082573221174
339	1.01217022977835
340	0.8237521141310217
341	0.9909512379288927
342	0.972539891837547
343	0.7384947129601394
344	0.9241503237583671
345	0.7775107025622913
346	0.5421110429410293
347	0.8513595018807629
348	0.7219848844010243
349	0.607652535602646
350	0.6398958884890443
351	0.9261550012697801
352	0.6842698373340989
353	0.7167855090125635
354	1.0864630021988941
355	0.9066517518179433
356	0.9644610701614721
357	0.9961754975842263
358	1.058242355991567
359	1.0656264925192291
360	0.7713221166323111
361	0.819467512155147
362	0.8581986790639462
363	0.828395979023178
364	1.0815255141579776
365	1.0232526219998384
366	0.9581602271664857
367	1.0259667423942356
368	0.9537183434905125
369	1.1514330000898727
370	0.950925788241652
371	0.7970536023947375
372	0.811946098677075
373	0.7200006269691016
374	0.8274906790121489
375	0.6758976768524353
376	0.5652586602040058
377	0.44556704266611813
378	0.7168645060988066
379	0.6863843844661625
380	0.6843636765500889
381	0.8715528586412301
382	0.9003389340191568
383	0.7840144802368881
384	0.7670823039868508
385	0.8945113928543271
386	0.9617647835739535
387	1.056789775296549
388	0.8586299419033194
389	0.896097198978796
390	0.6726854566824387
391	0.8474295646083901
392	0.7335078137573889
393	0.6742625849773184
394	0.7971939791825904
395	0.7577550890366759
396	0.7495101593862263
397	0.7882489473225505
398	0.7144589757511575
399	0.9315887508939741
400	0.8287181663211863
401	0.9032569181985313
402	0.8219064250923429
403	1.009067662243947
404	0.8390484715072191
405	1.0117594262140561
406	0.8630732154310402
407	0.9051101279708984
408	0.9734288703754815
409	0.9862873492311621
410	0.9896879731555922
411	1.1045049122897794
412	1.1147450467203475
413	1.122147239210054
414	0.9251203593248186
415	0.8734584702025072
416	0.9548452548162945
417	0.7970304650797458
418	1.024597306904881
419	0.936086137357957
420	1.0343270058419376
421	1.059762147667081
422	1.2029720421052845
423	0.9911997078229589
424	1.203618635637365
425	0.784101992224566
426	0.8440961679222835
427	0.9155231565493315
428	0.855646067650398
429	0.9540247246686355
430	0.74519209532807
431	0.9014096542287169
432	1.005922038827964
433	0.7778315851168855
434	0.7362441476245868
435	0.9870004122772096
436	0.9000114210322022
437	1.0109446484455604
438	0.6941580533531545
439	0.79015317584232
440	0.8038483385011117
441	0.813552274659069
442	0.9062490190429049
443	1.0154512177207902
444	1.0446002702232549
445	0.8985935825764901
446	0.8356752642002779
447	0.8402326915353118
448	0.899513014312108
449	0.8693537008341844
450	0.6853287260419852
451	1.033718461969492
452	0.8505231700413224
453	0.985510564573898
454	1.175524111443242
455	0.9609861307130473
456	0.8730590842544017
457	0.8433270414927937
458	0.7286483884388154
459	0.5494031636357388
460	0.7663085483103931
461	0.8295101891809832
462	0.7728816207520273
463	0.7332007654142625
464	0.8244481129748767
465	0.9229305599708532
466	0.6497256951293061
467	0.9512898929847727
468	0.7270328356976498
469	0.9414220644843383
470	0.6938900798898754
471	0.7162201286837785
472	0.7469404420760027
473	0.777076455487461
474	0.8896058243259425
475	0.6305585461113026
476	0.9985235882302225
477	0.711432225347367
478	0.7701527193339628
479	0.7633950987599895
480	0.7972608003266758
481	1.0885960946156674
482	1.2037816082932973
483	0.9141969456372091
484	0.6136854917481684
485	1.0434997044984962
486	0.8579423623217604
487	0.8741364132950405
488	0.7121028715228263
489	0.8308822737176541
490	1.0107047310380504
491	0.8704319339114176
492	0.9424251666152428
493	1.0350893756699857
494	0.9160504319887608
495	0.8523933597999812
496	0.8388554633988423
497	1.0081692056387488
498	0.8681120226674733
499	0.8165102669461846
500	0.8633421725660337
501	0.8335867025373105
502	0.8816532874488426
503	0.9688816514600823
504	1.107936539482515
505	1.1323235962847262
506	1.0120007907917539
507	1.0274170953736514
508	1.057462570130193
509	1.0298232116026718
510	1.0685323481908722
511	1.1270320720457998
512	0.8818253902653623
513	0.9417675624611649
514	0.9066078172082161
515	0.9729689398669148
516	0.9181543035162122
517	0.5437504795977571
518	0.8985634036770395
519	0.9198235997222087
520	0.959589949889816
521	0.9324265956854199
522	0.8411394088249412
523	0.785139866015415
524	0.8897577486373296
525	1.014790565722947
526	0.827684255555393
527	0.9628114605969916
528	0.6238523387876224
529	0.7947031660039976
530	0.9855488068941315
531	0.8340502401446228
532	0.7930214873527676
533	1.0382353421186978
534	0.9212632830527808
535	0.779303615316794
536	0.8780587714813106
537	0.780266981281563
538	0.7208745380250021
539	0.7452451122680632
540	0.8735929211969079
541	0.8481350651618245
542	0.6617706301704491
543	0.7316403045368004
544	0.8061436054124836
545	1.0152821515879846
546	0.9626262322903274
547	1.0302457827306388
548	1.0123230692642071
549	0.8837885600963689
550	0.8866871926795006
551	1.038792908257987
552	0.8274026689715805
553	0.8548995912847533
554	0.7171766153383732
555	0.993228362636858
556	0.8902031007887736
557	0.7438854556872956
558	0.7848631473764853
559	0.9610736526359348
560	0.848446840286259
561	0.9595746658940212
562	0.79504969954884
563	0.9355233271630268
564	0.4762144146400192
565	0.795459593869769
566	0.8087384519747564
567	0.8953684704912267
568	0.8149888783818058
569	0.7493179948890373
570	0.9317956317771761
571	0.7954941879344118
572	0.9807590150374735
573	0.8652513949407794
574	0.8551036157809886
575	0.8379805327177084
576	0.7838942783074532
577	0.8735160931597539
578	0.8829644827072476
579	1.0034623747921274
580	1.0594338825227991
581	0.8931922275056897
582	0.8232630319114559
583	0.7552521953453533
584	0.8443336205668333
585	0.9252122316127521
586	0.9947511544151192
587	0.8215312290611102
588	0.618109891549142
589	0.8490750180633028
590	0.8034770574967
591	0.9465763807569018
592	0.8494682905423351
593	0.7698356263315878
594	1.1037033264146683
595	0.9823415276239971
596	0.8586766767607575
597	0.8223424374821393
598	0.8961142529169144
599	0.8816039016894421
600	1.101108476663375
601	0.7830903151942084
602	0.7455180907553364
603	0.7981145887633376
604	0.8469848132488208
605	0.8084295404760298
606	0.8850650626908997
607	0.8905958095914516
608	0.9697595365421441
609	0.900233650570577
610	0.9968854000823775
611	0.9788177570322829
612	0.8934574437738272
613	0.8130687341889145
614	0.7733317903126694
615	1.018368217315963
616	0.7597528421179724
617	0.97690783223637
618	1.0841831541965217
619	0.7458562149164818
620	0.994238142386516
621	0.9194782843870258
622	0.9895770234262443
623	0.8134943357041199
624	0.7876514625545339
625	0.90763818545616
626	0.7508847202141207
627	0.9842573629193602
628	0.8385755454514757
629	0.9139012361015161
630	0.7612116167851992
631	0.8656641206074743
632	0.824583732774702
633	0.9034102544331719
634	0.8904532861888036
635	0.743568999244957
636	0.690356109368857
637	0.7735912904162282
638	0.7531652550593669
639	0.8923843420408079
640	0.9081838483210058
641	0.7518142181212801
642	0.9075674606960201
643	0.8942681470403665
644	0.8328259349600855
645	0.6961358413682579
646	1.1480466826950808
647	1.065968997290371
648	1.0474138285526302
649	0.8048026892851423
650	0.5959033717926883
651	0.9611205400789099
652	1.1314569615775882
653	0.8955151726579297
654	0.9361999289255959
655	1.0186797053620809
656	1.0143680186707629
657	0.9636095296274239
658	0.8086753239207692
659	1.0929419510477334
660	1.0819753284191425
661	0.7324695531720373
662	0.8984393173081594
663	0.8383409760526712
664	0.951417184651852
665	0.7236361645615295
666	1.0129504769265973
667	1.0309094727668062
668	0.7610948102552186
669	0.8536055630176028
670	0.8686760133624849
671	0.7114118267697179
672	0.8096488964554064
673	0.8813753675608086
674	1.0919340593937688
675	1.0411945235128501
676	1.1633406795322392
677	0.7833488557373683
678	0.8672088123542983
679	0.9756655245677935
680	0.8763601843150466
681	0.802967306649361
682	1.114144970859753
683	0.8371806915535592
684	0.83385336394987
685	0.8618062700986349
686	0.8600190674924216
687	0.9477680468863735
688	0.8292191465213228
689	0.9667265455347601
690	0.8125258075393176
691	0.8765808401759972
692	0.9909644896170231
693	0.9018056980059228
694	1.0355906288569077
695	0.9120809497470584
696	1.2737562082831424
697	1.1897278671349008
698	1.2687648711002923
699	1.0125707912783168
700	1.0681451689831283
701	0.9872757710299284
702	0.8345043494464981
703	1.1061925348209771
704	1.0549401285548636
705	0.9068038155950411
706	0.8063202170235392
707	0.9189501314286364
708	1.0295694256249157
709	0.9362441579417331
710	0.9913841072872
711	0.9328007061286574
712	0.9645591353440378
713	1.0070621442271916
714	1.105941691357643
715	1.0300080520644077
716	0.7649519372973584
717	1.0558694185394104
718	1.1623295260395419
719	0.8110630565691721
720	0.8069533299746259
721	1.0871158792555908
722	0.7509186399296528
723	0.8378572801220393
724	0.9006224385411216
725	0.9708387486194138
726	0.6784066258560523
727	0.8231449110964354
728	0.9874862416908867
729	0.9816333518875286
730	0.8546367680821003
731	1.2779504143829128
732	0.8898587877636767
733	0.9513375448127359
734	0.8368776781756657
735	0.9678572836190928
736	0.9253225978484835
737	0.8923858879996067
738	0.8627119964183586
739	1.2310485701788008
740	0.8894820087128675
741	0.8216429256474563
742	0.9759791946289221
743	0.8086656458921828
744	0.8956625829432017
745	0.9247556536490927
746	0.8223272591177878
747	0.9601443570081016
748	0.9044245985184645
749	0.7965229247581368
750	0.9594237165276507
751	1.046274411538237
752	0.9671004469289473
753	0.9568250639058867
754	1.1161975922455576
755	1.0438904168938425
756	1.157629769613022
757	0.8853749788220802
758	1.1077470718021474
759	0.8711945155829061
760	0.8975819465880257
761	0.9697620071028682
762	1.0442971633890126
763	0.8837234432196722
764	0.8827325747118852
765	0.8466538621904175
766	1.1865057563142762
767	1.0835131673457452
768	1.2816764641880074
769	0.9638014345834038
770	0.8497206395408623
771	1.2265886003271724
772	0.9588685127996701
773	0.88072057387927
774	0.8516287486726606
775	0.966094666827644
776	0.9699610251590209
777	0.9123586376793837
778	0.9756420823980106
779	0.9488480508353287
780	0.9159219620683301
781	1.0257816904054333
782	1.0041363490339204
783	0.917240550728796
784	1.1498214609594632
785	1.098070723007523
786	0.9031584539414825
787	1.0815294646543232
788	1.055262384446397
789	1.089249078385967
790	0.8678580995923773
791	0.8106247899283783
792	1.2474803757035482
793	0.9305675442128785
794	0.9741410774428961
795	1.0499709022446309
796	1.0561116039580025
797	1.0482941100215344
798	0.739594369202281
799	0.8469752563634277
800	0.9093813866246055
801	0.9203778924154631
802	0.8103913758102793
803	0.8583958500721893
804	0.9653282144653095
805	0.7962503654701035
806	0.9809998850516749
807	0.8685138941014889
808	1.0442154434702569
809	0.92394459557013
810	0.8050705873935283
811	1.0947994931527547
812	0.8890988291781946
813	0.876706823315917
814	0.9859169724324388
815	0.8198709903004877
816	0.8482727184539105
817	0.7462783662912493
818	1.0819011993404852
819	0.9539383303004366
820	0.9430583725218035
821	1.1274430447435513
822	0.8142762817282505
823	0.9074644862905878
824	0.9211129194622623
825	1.0561851358783003
826	0.8672190393066291
827	1.010907710104054
828	0.8883549365068678
829	1.0439702390669066
830	0.9766533124024402
831	0.9792964094476121
832	1.1060925934356263
833	0.9555025805416135
834	0.953689275580463
835	0.7820707914404476
836	1.0621988635511448
837	0.8836517235403917
838	0.944273313602578
839	0.8748532813049159
840	0.8242103898039557
841	0.7752149781605207
842	0.877563968143871
843	0.7080609461639589
844	0.7298561659525336
845	0.8901356424659619
846	0.9535331314985456
847	0.7638240030932869
848	0.8641794321857709
849	0.8301272642000255
850	1.005867229724972
851	0.8765787149746317
852	0.9042973144384279
853	0.9232680362902108
854	0.937081792737782
855	0.9170173034102861
856	1.059785359758278
857	1.103813807059114
858	0.977861677488506
859	0.8300159453641505
860	0.8528871994176015
861	1.0329049360290024
862	0.8106727720655185
863	0.9406496508388226
864	1.201341235454777
865	1.1096632888449085
866	1.003455035586833
867	0.8677871096544326
868	0.9933155041040609
869	0.6845222993466048
870	0.8754464281476736
871	0.916869256886461
872	0.8544245567209042
873	1.166301120142355
874	0.8562811379594812
875	0.9224882589301643
876	0.8986206225218454
877	0.9072085741052931
878	0.7989770513077605
879	1.0562658164964431
880	0.9647008247094493
881	1.0285410959844181
882	0.9085819152368934
883	1.1018676352426509
884	1.1202519428803503
885	1.050129169824366
886	0.9999374661605291
887	0.8843174255086966
888	1.0611856137353544
889	1.2480624129571944
890	1.0242186198961851
891	0.9775091459873307
892	1.1424889294312564
893	0.7959130160460096
894	1.0255205294066523
895	0.7661266268757139
896	0.9198960876568006
897	0.7845221708846889
898	0.9970687215001772
899	1.0407570440967933
900	1.2396760274383196
901	0.9303182984801441
902	1.1219920228362188
903	1.0846368041651442
904	0.9520355519857377
905	1.0923636684040614
906	1.013234579615828
907	1.1207198908785871
908	0.9056738615690967
909	1.0421997456244623
910	0.9862254520170675
911	1.067206103697962
912	1.2055783462224257
913	1.0060075079112258
914	1.045122861470835
915	0.9496472415908986
916	1.0328139237198906
917	1.1593517352766987
918	0.8829828148597088
919	0.8459855913691533
920	0.9415940113541521
921	1.037396483981554
922	0.909535640437449
923	0.829775147753901
924	0.8787142925938641
925	0.7131120727934029
926	1.1682106713129248
927	0.9038960331688127
928	0.867372924352808
929	1.0877890992574117
930	1.0138439641768848
931	1.0046544180861559
932	1.0216510715784852
933	1.004310126094069
934	0.974027080703457
935	1.0482874516522027
936	0.8450275168626247
937	1.109115888808878
938	0.9241908105839384
939	1.0915974738114287
940	0.9990018981449968
941	0.9757633091214073
942	0.9872880471308644
943	0.8719370471615853
944	0.9820098580171018
945	1.1779589033315672
946	1.0635500198361372
947	0.7978094129069548
948	1.0954571749771862
949	1.178800637082895
950	1.0636515257446009
951	1.0275501793131727
952	0.9428708148732191
953	0.9047188282022908
954	1.1542579395089065
955	1.1272883869467214
956	1.0867933003814552
957	1.053832582942757
958	1.1999173860034211
959	0.600569429068003
960	0.7563474136343874
961	0.8119507311723723
962	1.037733237063805
963	0.8367458146350916
964	0.8168661582995148
965	0.933877494946052
966	0.8284867612748067
967	1.0063370103668259
968	0.9228117897722127
969	0.8834362978492364
970	0.996099058542478
971	0.8385317613977541
972	1.1199143121769097
973	0.8205646387851885
974	0.9629114653994167
975	0.8930151785882254
976	0.7764590216183677
977	1.2122638567846593
978	1.062862310026643
979	0.9471748175664831
980	1.012350840362764
981	0.8768996236426818
982	0.8341395368615825
983	0.8271593781106557
984	0.9837967284739133
985	0.8022199683234456
986	0.877934544905352
987	1.1090414095533103
988	0.8997665508416941
989	0.7510661143617173
990	0.7924037444850535
991	0.9193219534382218
992	0.7205159753402867
993	0.8724569194239085
994	0.9138792640560321
995	0.8201981436015453
996	0.6946301624354447
997	0.7229007077857296
998	1.0371431719929234
999	1.0102728648526478
1000	1.0388885017360774
1001	0.8771755598338704
1002	0.8135381261758479
1003	0.8942415511651046
1004	0.822489961686005
1005	0.8908622812440602
1006	0.9762133074191178
1007	0.6565196748403563
1008	0.9052327651625653
1009	1.0230433610150147
1010	0.9296893947675109
1011	0.6571600818409895
1012	0.7381812323711777
1013	0.9405248956284032
1014	0.818424069350889
1015	0.8572354433642707
1016	0.8081804412003997
1017	0.8474516377287951
1018	0.897217640314034
1019	0.7944820454857502
1020	0.5422392387508244
1021	0.8817481464211985
1022	0.8502151133509436
1023	0.8250930523218635
1024	0.9488716075074127
1025	0.8172153510784095
1026	0.9965944841581799
1027	0.8193898504592376
1028	0.8824451003228478
1029	0.8099667886005432
1030	1.0841613993556938
1031	0.609049707356379
1032	0.797069627624893
1033	0.7487283923965502
1034	0.9744418766911469
1035	1.0099049118497148
1036	0.8524314171290114
1037	0.6871898295533677
1038	1.1764410332700233
1039	1.1482107014803475
1040	0.7928184612131848
1041	1.067087731887305
1042	0.6559598146123417
1043	1.1004845711141664
1044	1.009248561572297
1045	0.8049806773383711
1046	0.8454435115021376
1047	0.8189759314580136
1048	0.7886134016644845
1049	0.8949234337196861
1050	0.7487913960965767
1051	0.9467730534788424
1052	0.8233504103456992
1053	0.8577587624677894
1054	0.8243368267131618
1055	0.8427517356236974
1056	0.8609651674126336
1057	0.9803614868642724
1058	0.7959678507602942
1059	0.8671102926528803
1060	0.9266161052304606
1061	1.0397882271837438
1062	0.7993221163161445
1063	0.836374708193187
1064	1.0172230434681357
1065	0.9234071619990076
1066	0.5923309649603237
1067	1.0756497690932405
1068	0.8530724150813123
1069	0.8256931090582422
1070	0.8616694435409633
1071	0.7208237045269931
1072	0.8256353846644227
1073	0.6726742060011656
1074	0.6408492995587948
1075	0.714923193766876
1076	0.6338437603352678
1077	0.8173921324882057
1078	0.6465828582014455
1079	0.7433433151322624
1080	0.6770332566305819
1081	0.9496940841499494
1082	0.7304506721500905
1083	0.8616042244166775
1084	1.0818252588303239
1085	0.7716390118272377
1086	0.7394605338259489
1087	0.5478700663208921
1088	0.7960491447567344
1089	0.6923006459365021
1090	0.935771000477636
1091	0.817115751581598
1092	0.8883583821093392
1093	1.02847002136476
1094	1.0860920844754767
1095	0.8903100856200891
1096	0.9074500057028805
1097	0.9950840799718145
1098	0.8938943948961026
1099	1.0837664728940397
1100	0.9646612297063893
1101	0.8019206341632517
1102	0.8237933038218224
1103	0.8398132616561873
1104	0.8999050732026778
1105	0.9232570010140243
1106	1.1034931363214908
1107	0.8336845941504781
1108	0.8315971789379702
1109	1.0202679385950602
1110	0.9112219854952962
1111	0.9015840975961612
1112	0.8547440959880246
1113	0.8846436078314945
1114	0.7106748278851089
1115	0.8888403742340737
1116	0.8838318862358615
1117	0.8055104412810371
1118	0.811501329025204
1119	0.9358328849263468
1120	0.7354987164944854
1121	0.6449395278780359
1122	0.9375364955978455
1123	0.6838804608590842
1124	0.8025324664052251
1125	0.9179711626378592
1126	0.9295039830424441
1127	0.9573302728620398
1128	0.9430854002280565
1129	0.9427569505968354
1130	0.9851911703736242
1131	1.0090197350114898
1132	0.7471666678746554
1133	0.8632810808156443
1134	0.6232468372990361
1135	0.6932632324467725
1136	0.8005134245822899
1137	0.9797716208319946
1138	0.8005597714164768
1139	1.0464843268094304
1140	0.8280585958810255
1141	0.9546131175552943
1142	1.055853130824302
1143	0.7733344407395475
1144	0.9362869380965955
1145	1.0949628650340086
1146	1.0088511159183764
1147	1.0390235051515173
1148	0.8774762091373965
1149	0.8837372685465595
1150	0.9206587165327811
1151	0.9229430825935578
1152	0.9343545017543466
1153	0.8914428396317639
1154	0.8052305883167031
1155	0.9272555202059962
1156	0.9324527097544172
1157	0.9626726011429406
1158	1.0180228250612455
1159	0.9299556837276735
1160	0.6701712687091873
1161	0.6521942890800742
1162	0.897216143105843
1163	0.8828501070334325
1164	1.064600970861368
1165	0.8835326802426728
1166	0.7952001052481975
1167	0.8119294499780186
1168	1.0142540580278743
1169	1.1976144725912559
1170	0.990636363711698
1171	1.1071849834923801
1172	1.060944692317431
1173	0.7931585939776102
1174	0.7898370318132106
1175	1.1414147442081881
1176	0.9055665496224025
1177	0.816700168539749
1178	0.8516921100431525
1179	0.9324521160878606
1180	0.773055207873718
1181	0.9494176902119961
1182	0.8773867963130252
1183	0.8372418569951757
1184	0.8639549619492494
1185	0.8360381095721672
1186	0.8614311289001796
1187	0.8480519151807644
1188	0.7188306647498895
1189	0.8291060769076618
1190	0.9329488547546042
1191	0.8703243090338592
1192	0.8998953798882005
1193	1.0171016753234003
1194	0.8122626166438878
1195	0.8116791738907516
1196	1.0355797946851617
1197	0.7690941420240568
1198	0.7621687532579752
1199	0.8989779598811495
1200	0.7913374894409011
1201	0.6165457327953786
1202	0.7876752604146726
1203	0.9277563109857714
1204	0.8572244943788889
1205	1.0762908672290838
1206	0.7389583973599875
1207	0.8314595013611592
1208	0.8305278875346098
1209	0.8677635773149972
1210	0.7847463997086489
1211	0.9201137020128878
1212	0.8111844460287257
1213	1.0076155653690264
1214	0.7744777810641678
1215	0.8952281563971379
1216	0.9877391327820231
1217	0.7635017964543354
1218	1.0907045081685105
1219	1.0300787486604461
1220	0.7128924431420641
1221	0.7737820080272013
1222	0.8920400274196592
1223	0.8443175133351773
1224	0.818125949159737
1225	0.8603607213725453
1226	1.0047225440030498
1227	1.0293022136259533
1228	0.758527212953017
1229	0.6334426544942363
1230	0.5511314555376131
1231	0.7696262064732263
1232	0.7865946922021891
1233	0.7403519852248427
1234	0.7704015724223928
1235	1.1222818272728228
1236	0.9031183927489898
1237	0.8995608763713423
1238	0.8776181177076342
1239	0.9320738326175505
1240	0.9152517251052582
1241	1.0904994239235906
1242	0.7660838373971202
1243	1.0378371520707779
1244	0.7501396222293729
1245	0.8842801042610747
1246	0.847931875692783
1247	0.617687926120802
1248	0.9989750271819877
1249	0.9687393140622216
1250	0.8374294136870063
1251	1.0090947518161344
1252	0.8013265386693665
1253	0.8712581772474101
1254	0.8705688523546452
1255	0.8689314154323771
1256	0.9605821901923064
1257	0.7969670457038505
1258	0.8602260808319483
1259	0.6651001596470086
1260	0.9050932180418734
1261	0.8999747248254247
1262	0.5927206704773303
1263	0.7574912633332639
1264	0.8184587435142464
1265	0.7643104075678018
1266	0.9833770398229302
1267	0.8201575820028179
1268	0.7020298012699236
1269	0.7292711403414787
1270	0.7922519510621994
1271	0.6115118043970645
1272	0.9068440654571701
1273	0.7689730537011134
1274	0.6554392573298847
1275	0.9877359390105006
1276	0.957606349873299
1277	0.9637902877565645
1278	0.7474445295883716
1279	0.8733143888054514
1280	0.7287230276738516
1281	0.6789982488075075
1282	0.8319197511966617
1283	0.7507205854751052
1284	0.9718863612594105
1285	0.8037481013061195
1286	0.7881020642601019
1287	0.7833823619643289
1288	0.6762188361421251
1289	0.8882027021205958
1290	0.8736038085199068
1291	0.6937094503463578
1292	1.019794673394796
1293	0.9023414253753468
1294	1.0560165513421693
1295	0.9700058322619128
1296	0.9208488401437759
1297	1.0250667572347778
1298	1.0676222175563503
1299	0.6034464381052654
1300	0.9861667144702315
1301	0.948527326013612
1302	1.064909526446432
1303	0.6896646015163151
1304	0.8638335248273031
1305	0.9397354533732583
1306	0.8822127150422829
1307	0.7282608840920998
1308	0.7412001279310583
1309	0.8205933461006305
1310	0.8786066463495588
1311	0.591637750225172
1312	0.8829091935739898
1313	0.8984089060752262
1314	0.8275540569895946
1315	0.679608088019139
1316	1.0796483422425407
1317	0.7832144287913209
1318	0.8848641887357712
1319	0.7448518201495123
1320	0.7305969957818239
1321	0.7258085933178882
1322	0.7420414944356004
1323	0.7642493661614852
1324	0.7325569342724625
1325	0.7435772015630849
1326	0.7809997280430654
1327	0.8918865225219227
1328	1.0654591662006967
1329	0.7453244083670281
1330	0.9819187816464292
1331	0.8036421068930523
1332	0.8241045286785126
1333	0.8313809904353313
1334	0.7050170482727948
1335	1.0723380732239713
1336	0.6729159062128004
1337	0.6810311897275989
1338	1.060879985699955
1339	0.9734602792811688
1340	0.7627760628269203
1341	0.8813894486361334
1342	0.737870413152954
1343	0.7990783056988348
1344	0.8048054719395088
1345	0.9715909140362154
1346	0.7621318258261341
1347	0.9116242523374603
1348	1.1451405369826098
1349	0.8876638073623087
1350	1.0823612131608535
1351	0.8554599516328328
1352	0.9093313309992249
1353	0.760582156927466
1354	0.9285509451510999
1355	0.864063453704066
1356	0.9092157585205117
1357	0.9719088786561195
1358	0.8306890953456355
1359	0.7738906351728669
1360	0.7636949752466285
1361	0.7854439174919388
1362	0.774686908559628
1363	0.7011747447384521
1364	0.9939161177230722
1365	1.076241337108721
1366	0.6479387994306076
1367	0.741384881775913
1368	0.7232921647059143
1369	0.6822823404830688
1370	0.7850329767368219
1371	0.8235382248258306
1372	0.8444303551594756
1373	0.6603296511755561
1374	0.8956910143155222
1375	0.7246854496344396
1376	1.136768204875962
1377	0.7251141566846656
1378	1.0505315811523208
1379	0.8752146157388174
1380	0.9530370485210833
1381	0.7499670266483605
1382	1.0727804924442303
1383	0.7030203043172876
1384	0.6684305001921003
1385	0.8780164142187494
1386	0.7934957879717766
1387	0.7698392263281212
1388	1.0101893147587468
1389	1.0964734371615654
1390	0.8563742557147052
1391	0.7411829259902537
1392	1.071691901153749
1393	0.9124496085269631
1394	0.7936475071459149
1395	0.8672726544206231
1396	0.9033456089096743
1397	1.0470742530058907
1398	0.9511360490525594
1399	0.9527449180800139
1400	0.6771821996328471
1401	0.5650374851222689
1402	0.8704366501527259
1403	1.0313748294165572
1404	1.2138676684083627
1405	1.1155440108100423
1406	0.9295507881136238
1407	0.7251493809686413
1408	0.9742455630869127
1409	0.7597103847152705
1410	0.7677809616730316
1411	0.8047664170622434
1412	0.9812138123825935
1413	1.1093993348328117
1414	1.039431710280012
1415	0.7483207350583707
1416	0.7990679179430717
1417	0.9219557962464051
1418	0.8401206449390585
1419	0.9467472323050921
1420	0.7638817969164631
1421	0.8722776855315907
1422	0.8708273988381744
1423	0.9256964891857826
1424	0.8289996056201867
1425	0.7498487002883261
1426	0.9482050556984839
1427	0.8245917374254899
1428	0.8676056923389512
1429	0.8413280725297118
1430	0.773293590528889
1431	0.862197562661873
1432	0.9845580606163258
1433	1.1511540890789451
1434	1.052518442343624
1435	1.1437338799485313
1436	0.7891640223313987
1437	0.8280263629260474
1438	0.78936376808862
1439	0.7228321572978179
1440	0.7658911305324624
1441	0.7945178136799936
1442	0.9383985470221342
1443	0.7688669578433902
1444	0.8178119768132317
1445	1.0844764771017572
1446	0.9216957681794554
1447	1.1531483956589788
1448	0.9492957112426083
1449	1.1010000889060072
1450	1.0041870836227076
1451	1.005248809625456
1452	0.8343933957516996
1453	0.7800701899167489
1454	1.0712575057720268
1455	0.71233152885831
1456	0.7530047889266879
1457	1.0963266625949035
1458	0.8307706913146383
1459	0.9207478839929848
1460	0.9074496351101144
1461	0.7964238137931968
1462	0.9451811892947014
1463	0.7067050609558262
1464	1.1558139149594098
1465	0.998556437405462
1466	0.9681813577608558
1467	0.9713748863960585
1468	0.8665449243949507
1469	0.9789512760451974
1470	1.12681320540441
1471	0.924153827096604
1472	0.9414315247180314
1473	0.960809436760596
1474	0.943802187120265
1475	1.0367056690392538
1476	0.902460158004214
1477	0.6813659844569225
1478	0.9480345306051007
1479	0.766347897306153
1480	0.9513564687256454
1481	0.8975089071567401
1482	1.0235078691147144
1483	1.0161830284469324
1484	0.8202401640449349
1485	0.887056459212379
1486	0.8298376211581564
1487	0.83274123443889
1488	0.8645365790903112
1489	1.0106549858493286
1490	0.7402246971145139
1491	0.9962497168509672
1492	0.852115130174092
1493	0.6660668136314728
1494	0.6592359968968048
1495	0.588308376504904
1496	0.7891237688735577
1497	0.8704123636805535
1498	0.7098542201832713
1499	0.6560756568762003
1500	0.6858069377853004
1501	0.6943470444983626
1502	0.8393022484642523
1503	1.1711681704669497
1504	0.6758246184038778
1505	0.9826809034959549
1506	0.8169502232861074
1507	0.6995974493548608
1508	0.8924175682384655
1509	1.0816401513356082
1510	0.9428893372265195
1511	0.8216354669969432
1512	1.031462199571288
1513	0.9434236510008341
1514	0.8170080963644842
1515	0.7411780322120937
1516	0.7660683635183749
1517	0.9844472516517633
1518	0.9756022237289864
1519	0.7251913787477293
1520	0.7523440212758399
1521	0.8886602374592519
1522	0.8653205042548575
1523	0.6964333794771103
1524	0.7406853427549829
1525	0.8961693722072894
1526	1.0160746340003564
1527	0.9778470289437304
1528	0.6910094910980991
1529	0.7728927280395622
1530	0.9632687497084791
1531	0.7639665604343028
1532	0.7577632272415016
1533	1.0348034997696405
1534	0.8136474286989067
1535	1.0393077148563181
1536	0.6531888226749494
1537	0.632929966239634
1538	0.7046157897665388
1539	0.6132797211517281
1540	0.7461693113245385
1541	0.7760208358017866
1542	0.5413868391760582
1543	0.7939741586614252
1544	0.6291021586982429
1545	0.5987633450857776
1546	0.6905162405252728
1547	0.7041237711037017
1548	0.7544028173951534
1549	0.6453287774489102
1550	0.7858050752731983
1551	0.684368540324303
1552	0.7637305096009309
1553	1.0369825596095927
1554	1.0501951364827307
1555	1.1209768353222873
1556	0.9095385381784905
1557	1.0680859881767157
1558	0.9832760801164705
1559	0.9067758099798253
1560	0.7100508875894291
1561	0.7547054327122797
1562	0.8295346843618464
1563	1.117239983679481
1564	1.0860666982112932
1565	0.9458903227752944
1566	1.0313192270858278
1567	0.8436893096255249
1568	0.8555954581227123
1569	0.8405638236078699
1570	1.1126525393576925
1571	0.9483106618392563
1572	0.9354796097306969
1573	0.8026078905810651
1574	0.911513342066134
1575	0.8296374773970364
1576	0.5287902741591745
1577	0.8051399340022328
1578	0.8145992121288325
1579	0.6705602959702411
1580	0.6318046064714286
1581	0.6783050226083915
1582	0.9382260590144903
1583	1.005927779901855
1584	0.7858586377117248
1585	0.9415719409682262
1586	0.826658460295452
1587	1.0983232434725576
1588	0.6374554123504406
1589	0.8009023828753096
1590	0.8252293913332929
1591	0.9438255321512147
1592	0.7160372287293857
1593	0.6926980048121683
1594	0.9311559134193669
1595	0.8541880529331013
1596	0.8735357887388958
1597	0.9014572137666205
1598	0.7901775733211099
1599	0.8090513791291578
1600	0.9269338152209249
1601	0.6918074986457629
1602	0.7763423085875318
1603	0.7086005163374981
1604	0.9286957449627897
1605	0.8241735112755922
1606	0.8606297602605728
1607	0.8660558310392878
1608	0.8329098447281278
1609	0.8611806714886747
1610	0.6432394181825392
1611	0.7519486727392838
1612	0.8075520184158115
1613	0.748775554248388
1614	0.8810683748910432
1615	0.8417308174910366
1616	0.9768729765316
1617	0.8896331667156566
1618	0.7416259576022077
1619	0.925043499214054
1620	0.7897551216064636
1621	0.9886777300006465
1622	0.8669196992454347
1623	0.9431348411112579
1624	1.0766578857383058
1625	1.0921558012409702
1626	0.9148684666823654
1627	0.8166367437981368
1628	0.8280439661701968
1629	0.7303125951219313
1630	1.0356158462365015
1631	0.9072154969606899
1632	1.108816207914037
1633	0.8866329682221006
1634	0.7544501025337111
1635	0.8247374628409527
1636	1.1029504799301921
1637	0.9500131324072141
1638	0.9164870088901415
1639	0.9361332465661865
1640	0.8803817616107983
1641	1.0892724806870102
1642	0.7948289242162535
1643	1.0265812758890507
1644	1.0232262509810455
1645	1.0339128227175436
1646	0.710626489551605
1647	0.8039605388503108
1648	0.8465508719791163
1649	0.8656668405146801
1650	0.9689866762461398
1651	0.7342980267923017
1652	0.9494950930790986
1653	0.810900039888749
1654	0.8249485589384521
1655	1.048003102396904
1656	0.6203549785489095
1657	0.8986616508344173
1658	0.9041860528185939
1659	0.8428787630279091
1660	0.7099302284388483
1661	0.9187165120195481
1662	0.7077205595676213
1663	1.04629034088175
1664	0.8872274184779081
1665	1.14502390553842
1666	0.9993998827012561
1667	1.0621528456065337
1668	0.7798310463720316
1669	1.1103666541693133
1670	0.8393091083680186
1671	1.0751259399523019
1672	0.9599958551450347
1673	0.8652575087375545
1674	0.8052046209616841
1675	1.1331994546327007
1676	0.9637896598504617
1677	1.0087510688125916
1678	1.026190149759554
1679	0.7748764697805378
1680	0.8907577742559127
1681	0.9106268752199855
1682	0.7886661495298666
1683	0.6428182100716325
1684	0.9400955398454856
1685	0.7563409644163305
1686	0.8931091994591889
1687	0.823566220946614
1688	1.0745764821859543
1689	0.964819682288013
1690	1.151017259216395
1691	0.7611544827701437
1692	1.2082207778951692
1693	0.8330724723131715
1694	0.7658321510037007
1695	1.005990065302041
1696	0.9451954641181484
1697	0.9376742378228596
1698	0.9478813045193413
1699	1.1852853914265398
1700	0.847059033039482
1701	0.8530039085078551
1702	0.8206809053840947
1703	0.824321638613466
1704	0.9222384283924795
1705	0.9053176522531128
1706	1.1132937318390321
1707	0.8921297878201357
1708	0.6345413880963404
1709	0.7450685411961595
1710	0.8144684699871672
1711	0.9166328519217313
1712	0.7052075515960918
1713	0.7856575987368454
1714	0.9516074868890686
1715	0.9334882848533168
1716	1.0063123295240308
1717	0.6618768723111202
1718	0.8668887770622244
1719	0.9856023293160148
1720	0.9104217008207245
1721	0.8928465578656253
1722	0.9487675426833908
1723	0.7376100290314912
1724	0.8098895499496878
1725	0.9503843443843168
1726	0.5206680714817568
1727	0.6323254533615039
1728	1.0330454702119267
1729	0.7257261326160235
1730	0.7483030521860453
1731	0.8043354421654797
1732	0.7360640383258984
1733	0.810284954710423
1734	0.8943162470979196
1735	0.6850281270954629
1736	1.0424143963095314
1737	0.6323101782333113
1738	1.2079363286215155
1739	0.6856831325197335
1740	0.9725085714700373
1741	0.8635176429614925
1742	0.9766807347284528
1743	0.8978009231990445
1744	0.8660286476973974
1745	0.8387960142202406
1746	0.7521479390313411
1747	0.8896343952189674
1748	0.7885855860748331
1749	1.0460193326849407
1750	0.8218358682181703
1751	0.9276136656064884
1752	1.1502430156247714
1753	0.8980765575832128
1754	1.0404187208658033
1755	0.8188473123400869
1756	1.0447497835474913
1757	0.8912504400718599
1758	0.9070460295436533
1759	0.9391518495568263
1760	0.9784987424533981
1761	1.006923301687005
1762	0.931777020164586
1763	0.8185565853508823
1764	0.8353362033860504
1765	1.1073956576859114
1766	1.0141717448232077
1767	0.8105236055652544
1768	0.8940501528305725
1769	0.8734877642752202
1770	0.9927055826792541
1771	0.8439676827938362
1772	0.8509836844021871
1773	0.7970913173298492
1774	0.8966133186881111
1775	0.8366880395705658
1776	1.0074458222487974
1777	0.7758301888169209
1778	0.8987366800499518
1779	0.954274814650437
1780	0.9037818074190084
1781	1.0485608834454396
1782	0.7946357619916959
1783	0.8352955795942708
1784	1.0662954059501981
1785	0.9598344069620431
1786	0.9105391788331693
1787	0.8996019384324915
1788	0.738518606213692
1789	0.7771296269167761
1790	0.879174757021489
1791	0.9295048311476005
1792	0.8317211963852702
1793	0.8998263038091899
1794	0.8199075643627464
1795	0.8486477236612656
1796	0.9854385566252452
1797	1.0704167767466397
1798	0.8936789605177384
1799	1.079418120876138
1800	0.9719192065805669
1801	0.8532611115096002
1802	0.9238817714663142
1803	1.059149672231036
1804	0.9795869131559076
1805	1.0028605309194205
1806	0.9633118515100186
1807	0.9316325712552223
1808	0.8574977815582265
1809	0.8530776687068831
1810	0.907213598621235
1811	0.8802353180165643
1812	1.055496978692545
1813	0.976269047820249
1814	0.8672567308774847
1815	0.8770513450877822
1816	0.8828066708236113
1817	0.9819407270982593
1818	0.8916909593614738
1819	0.8619005947547944
1820	1.010121197715048
1821	0.9004203958640246
1822	0.898963007590941
1823	0.7699850484482398
1824	0.8061869532588566
1825	0.7504565955456822
1826	1.079145579080608
1827	0.7314765524303821
1828	0.7036477089738751
1829	0.9103191328649656
1830	0.7232804695939712
1831	0.8763081214760904
1832	0.835352169995918
1833	0.6892770303006035
1834	0.9870550445222926
1835	0.7377112202894461
1836	0.963962443425807
1837	0.8488406025947606
1838	0.7023790187311628
1839	1.061483915371192
1840	0.854757856467476
1841	0.8368230970477597
1842	0.7759664635181024
1843	1.06364666796562
1844	0.9369464928736584
1845	0.7631592138379092
1846	1.0142206977644312
1847	0.8635980487540339
1848	1.1482221666737207
1849	0.8610217475891209
1850	0.8162043176240663
1851	0.8187957517332975
1852	0.6529959659470546
1853	0.9598096254434368
1854	0.9640987705651827
1855	1.0292133914056585
1856	1.1046258071529262
1857	0.8032860827738775
1858	0.7927614060405904
1859	0.8406862754500618
1860	0.8066373328072123
1861	0.8157022828252645
1862	0.8246329151109838
1863	0.7308654605280945
1864	0.7802620519359477
1865	0.8755499922390197
1866	0.8702002979333021
1867	0.7428349444417744
1868	0.816019908275668
1869	0.9289099678087673
1870	0.8912079478665952
1871	0.8244547007025004
1872	0.6725907756336279
1873	0.7237782218579115
1874	0.8999504903278239
1875	0.8121164048707968
1876	0.8893197747804171
1877	0.6597987563188542
1878	0.8335963003106098
1879	0.6909150565808572
1880	0.9188268104706857
1881	1.0963116289386339
1882	0.8106565183966845
1883	0.8233901262196955
1884	0.7602615280785352
1885	0.942214736308781
1886	0.8515590923184453
1887	0.9014647389914597
1888	0.975836841794496
1889	0.8179406246983218
1890	0.6848928222365336
1891	0.7500023972706257
1892	0.7363028458764703
1893	1.2100452087502127
1894	1.029221880240864
1895	0.6732255179702574
1896	0.8458479956024765
1897	0.9017912646473342
1898	0.8524187335375334
1899	0.981220185814693
1900	1.080399503564469
1901	0.7451651554942542
1902	0.9188452647224729
1903	0.9469154159789592
1904	0.9078384613192878
1905	0.9215470545603991
1906	0.8325251252710754
1907	0.8935900699766264
1908	1.1843567807721491
1909	1.0475144244869568
1910	0.8659676157794955
1911	0.6588632093688499
1912	0.8546676820343992
1913	0.8867212978739779
1914	0.5890444541419109
1915	0.8214253060084349
1916	1.1470462369115828
1917	0.9278534523173904
1918	0.8873120528556195
1919	1.0795603627518433
1920	0.7812636562268981
1921	0.9647248267014855
1922	0.7598892627913825
1923	0.7675726887254224
1924	0.9541009099657284
1925	0.48869608183525204
1926	0.8971920266458652
1927	0.7816471624895247
1928	0.684313724894102
1929	1.0508410481510366
1930	0.6714040401668872
1931	0.7811063815990964
1932	0.8340089261457179
1933	0.8886384619931541
1934	0.8002996520692385
1935	0.8392116931493485
1936	0.8043771218571028
1937	0.9044557417456295
1938	0.8400068433697014
1939	0.8273077223087514
1940	0.8792957079212387
1941	0.9309899323853387
1942	0.9161144202978538
1943	1.0195182275711903
1944	0.8309613925600448
1945	0.9089496091225456
1946	1.020364809142638
1947	0.9756462988698483
1948	0.8576792968410397
1949	0.8243051906055623
1950	0.8805003400243235
1951	0.7244923411142034
1952	0.9288582063997395
1953	1.0077062930356988
1954	0.8933549704161291
1955	0.9557115327824747
1956	1.0481297554144793
1957	0.7301300394061211
1958	0.9656633271252738
1959	0.9680818388539911
1960	0.9411437965854064
1961	0.8367754912486692
1962	0.8579998449144061
1963	0.8262021606057756
1964	0.8786761138103172
1965	1.1310972702921835
1966	0.8735931215706859
1967	0.8865505743398959
1968	0.8255056263442871
1969	0.9183572859383226
1970	0.903280292603759
1971	0.8923989404414362
1972	0.9358823054149666
1973	0.9125317170074816
1974	0.9676955522863354
1975	0.9745003433671521
1976	0.8069357711529626
1977	0.9081274102020506
1978	0.750396324584599
1979	1.0759019980654447
1980	1.0191218602570562
1981	0.8776612371185232
1982	0.797076538196034
1983	0.9885694145274962
1984	0.5659021113967865
1985	0.6402604183782854
1986	0.9741901537646724
1987	0.9949536704663314
1988	0.5470189979366537
1989	0.7441991542527924
1990	0.7251113270046929
1991	0.6577135872823252
1992	0.6996211616770524
1993	0.8486523566170993
1994	1.0769593517267173
1995	0.9597430006675326
1996	0.7086047050097305
1997	0.8187365953768703
1998	0.672486313988608
1999	0.8604292077763633
2000	0.819989770323328
2001	0.7648225921531422
2002	1.0049795293736319
2003	0.9107455802202624
2004	0.9546804355896629
2005	1.0342406715678523
2006	0.69873270660724
2007	0.8069200271263751
2008	0.9627016429562204
2009	0.9109043540470638
2010	1.021089211301033
2011	1.036857522297329
2012	0.9875842140976685
2013	0.9402362729579752
2014	0.7787717300611807
2015	1.003713489549828
2016	0.734314690351941
2017	1.1097703212480012
2018	0.8366475343040111
2019	0.7631007576355942
2020	0.7699210529752796
2021	0.8276310114380122
2022	1.0964503530023868
2023	0.9431012043279681
2024	1.12660586881975
2025	0.9230634273406101
2026	0.9712066384292962
2027	0.9179409053149399
2028	0.7487846820130688
2029	0.7847693504223667
2030	0.9390783667441673
2031	0.9641705277407434
2032	0.9634870650830694
2033	0.7991788332621279
2034	0.9562298293414132
2035	0.9543685790783735
2036	0.8256920124201391
2037	0.6863039183090657
2038	0.8457018891778809
2039	1.1093781038868655
2040	0.8613188445715597
2041	0.9550684009167344
2042	0.9809573388857897
2043	1.0685028406027233
2044	0.91840592358834
2045	1.0063359801548677
2046	0.9109264897856489
2047	1.1083554649392753
2048	0.9624701395955189
2049	0.7954376204479227
2050	1.0184988613264605
2051	0.8121612800493295
2052	0.8432119190383255
2053	0.8883164469801299
2054	0.8785784814142374
2055	0.8350415093456995
2056	0.9227232984112778
2057	0.9480212922006139
2058	1.0011646954059221
2059	0.6937313201971314
2060	0.8458749202229382
2061	1.0491003538455694
2062	1.0964710267554316
2063	1.0003773888619447
2064	0.9322478800908807
2065	0.8282861797472136
2066	0.9310180162239862
2067	0.7650104683241301
2068	0.6445263185844151
2069	0.9750801888969679
2070	0.7704511932982896
2071	1.0579224950439792
2072	0.9217048022916946
2073	0.7931335211885903
2074	0.6521752016472645
2075	0.7560183591520455
2076	0.9674530545352595
2077	0.6787217373599108
2078	1.1312229951504706
2079	0.8589076470250421
2080	0.791058261892075
2081	0.867249531844445
2082	0.9250790252836545
2083	1.0389081111061906
2084	0.8628444022674231
2085	0.761919298118637
2086	0.8699118120640007
2087	1.1397630019182026
2088	0.9374040406190345
2089	0.9059426125577357
2090	0.8515501424119526
2091	0.8253853358913109
2092	0.7898508451207453
2093	0.8988522589451949
2094	0.9586834970114909
2095	0.9764738700163252
2096	0.959752303937196
2097	1.0460543249199685
2098	1.0891409254199556
2099	0.9752303293302664
2100	1.0634579235551236
2101	0.9829265182367004
2102	1.0196277084202348
2103	0.8618434222188798
2104	1.0171346943352089
2105	0.9494290845599088
2106	0.9003802342042486
2107	0.8469569555146803
2108	0.9451978518691118
2109	0.847427076542312
2110	0.8923381471887842
2111	1.0994452907536363
2112	0.8846408828446164
2113	0.9054512216503205
2114	0.8764998191755554
2115	0.9153172482624854
2116	0.7644166735718363
2117	0.8721475353418878
2118	1.1330772121787822
2119	0.8030216618237964
2120	1.0538827044679429
2121	0.7567833020359684
2122	0.8399045658589005
2123	0.8323825434235327
2124	0.8947386034640984
2125	0.7931647714367557
2126	0.8117338752437716
2127	0.9763721911652963
2128	0.9900020266700673
2129	0.8137958624394559
2130	0.8850494590652161
2131	0.7500518478746032
2132	0.9179724222433542
2133	0.8762119731405487
2134	1.011525430883207
2135	0.8332113350337185
2136	0.8761612590387227
2137	0.8471549662973674
2138	0.9998616840104122
2139	0.8935825647681724
2140	0.8870378165741969
2141	0.9165674528078682
2142	0.8762673518437517
2143	0.8917678938880399
2144	0.7587755355002115
2145	1.052110109791388
2146	0.8629201861214153
2147	0.6858826922294248
2148	0.8271807752901613
2149	1.1080519751293525
2150	0.7821184713161763
2151	1.085825958820052
2152	0.8268557245003761
2153	0.7609583847326294
2154	0.8628452444579521
2155	0.9904278214105592
2156	0.8166307475790576
2157	0.9077139901001924
2158	1.0391743913590499
2159	0.8270732912327615
2160	1.0672839279317377
2161	0.8406079275594626
2162	0.851604630468755
2163	0.9292396985256867
2164	0.9230447327582989
2165	0.6172620623674069
2166	0.932976450173844
2167	0.8755066406512503
2168	0.6698415599320617
2169	0.7839959285710437
2170	0.8317960400044304
2171	0.964794283537649
2172	0.7217640526532724
2173	0.6797688017615012
2174	0.619961806411873
2175	0.7164541428432105
2176	0.7439283945789429
2177	0.6221047806755026
2178	0.8328441216412741
2179	0.8156574669862794
2180	0.9050268135314349
2181	0.7679237058999031
2182	0.6838710638583583
2183	1.0482190203420436
2184	0.7605898646613871
2185	0.9056860344337531
2186	0.6904267213659689
2187	0.7360461513843436
2188	0.7988464443337898
2189	1.0071061833200514
2190	0.896899715813626
2191	1.0084026483620196
2192	0.7260236897073443
2193	0.8581073846542963
2194	0.6480943812553059
2195	0.941063110138383
2196	0.8376570400348199
2197	0.8810053176823827
2198	0.8235135201906649
2199	0.8292212247153768
2200	0.798178501229063
2201	0.9451905677082092
2202	0.9312827480520307
2203	1.0229395745177299
2204	0.6393124382825682
2205	0.7911759354070146
2206	0.6876605385145342
2207	0.8304645981546822
2208	0.9408220361901171
2209	0.7389462099080353
2210	0.7816018331335991
2211	0.8215481943665831
2212	0.7449953097432849
2213	0.8013244891337045
2214	0.7095650565699363
2215	0.548816056629182
2216	0.7632605748868547
2217	0.808716275052685
2218	0.9891704286247996
2219	0.6410489745563307
2220	0.7677584240675025
2221	0.8760447213734961
2222	0.7849649824552121
2223	0.8144773627495238
2224	0.5738587344579321
2225	0.8836256032605673
2226	0.6616672782566438
2227	0.9575060371641156
2228	0.8189487307212069
2229	0.7620478498845531
2230	0.7308773331072729
2231	0.810877694396254
2232	0.8441203837138117
2233	0.7513839022468579
2234	0.9228651063992069
2235	0.7960158740684737
2236	0.7829996854071825
2237	0.8029699704606565
2238	1.0297959221696527
2239	0.7336471629909277
2240	0.8473542224657454
2241	0.7039130468170919
2242	0.9509969122984352
2243	0.9253075877038162
2244	1.149385681089635
2245	1.0430727335930658
2246	0.8453512656076381
2247	0.7923011832939428
2248	0.8924662870313124
2249	0.813736684628329
2250	1.1650041636640907
2251	1.0697982866664895
2252	1.1327599426782597
2253	0.7785576076891488
2254	0.8572240984767913
2255	0.9153957000528701
2256	0.9721660949368096
2257	0.8123273103305079
2258	1.006627199286767
2259	0.8900053769824178
2260	0.7566096784220296
2261	0.7703178319525525
2262	0.751255688496211
2263	0.8663503674766591
2264	0.827928232274976
2265	1.0448175023184387
2266	0.812522838253471
2267	0.8867871507447991
2268	0.8037485497302831
2269	0.8700161570165369
2270	0.8478490626573185
2271	0.923256600339843
2272	0.9473912965713754
2273	0.8442248970953538
2274	0.9823217761667449
2275	0.8122058522862861
2276	0.8456390186370353
2277	1.0338058767874962
2278	0.8092394675572785
2279	0.8235064799692963
2280	0.7715488801615574
2281	1.0978068721762542
2282	1.020729395971682
2283	0.9456414884633365
2284	0.7994009833866487
2285	1.1000957140436762
2286	0.9227599387224222
2287	0.7816016141194022
2288	0.9112201878581817
2289	0.7858516145149836
2290	0.9126832788580482
2291	0.7471714475647759
2292	0.9720438604308077
2293	0.867069644102487
2294	0.7924827769850019
2295	0.7599988280147332
2296	0.9624773087937926
2297	0.8904622552142817
2298	0.8194244536425677
2299	0.7322937810028076
2300	0.6690561575060531
2301	0.9283624865818305
2302	0.6920425948195166
2303	0.8431191834696224
2304	1.107326189235308
2305	0.924586353278798
2306	0.8226706185652454
2307	0.7959877461725882
2308	0.8084541178006711
2309	0.925844677969199
2310	0.7808756713711037
2311	0.8077705888345731
2312	0.7953541668826225
2313	0.7867823255636034
2314	0.6643818980665804
2315	1.1566899188939785
2316	0.788076177497889
2317	0.8697007244916156
2318	1.0084907928741262
2319	0.9031868442762125
2320	0.8877763567191731
2321	1.0564291225769395
2322	0.9878142702712734
2323	0.9122444968840244
2324	0.8897713412245281
2325	0.7787461404010152
2326	1.1870735396623782
2327	0.8751420773630485
2328	0.82108933849341
2329	0.8866151193517746
2330	0.927028766236818
2331	0.8956567958919522
2332	0.786570787700779
2333	0.9162458077025294
2334	0.8944845324684724
2335	0.8097432224839058
2336	0.8303519577442724
2337	0.8827014285531303
2338	1.027544188672777
2339	0.8531038834361512
2340	1.1502991845202661
2341	0.8802724580252951
2342	0.8150843061709848
2343	1.0571257458916627
2344	0.8201741158706017
2345	0.7545616803879232
2346	0.7831802911204897
2347	0.6358312252973283
2348	0.9354859822568853
2349	0.8964734599997266
2350	0.8481560341243519
2351	0.9381518905861956
2352	1.0518736179858956
2353	0.8352460152123398
2354	0.809523930057678
2355	1.0662655049677217
2356	0.9208682426891139
2357	1.020163147682039
2358	0.9719670107611502
2359	0.7868963687592944
2360	0.6913445963741119
2361	0.8814648099362346
2362	1.0835684903605176
2363	0.8579244867987816
2364	1.134532123582593
2365	0.9562510390516177
2366	0.8698631251106589
2367	0.7843403855846495
2368	0.9508522588901159
2369	0.6457398040013045
2370	0.9610704748764964
2371	0.9834623374643877
2372	0.9814840745376286
2373	1.0403343917681562
2374	0.7921786482698279
2375	0.8514830441639251
2376	1.0094814469498554
2377	1.1632650810044363
2378	1.1080627365893863
2379	0.994548727071055
2380	1.1167585954673673
2381	0.896372451036534
2382	1.1475814769339847
2383	0.8943989126549735
2384	0.8988841817869371
2385	1.1592675714291578
2386	1.0215531436043863
2387	1.1149403784659384
2388	0.9983782268889362
2389	0.8705340200272048
2390	0.8704581726320141
2391	1.016516239354543
2392	0.9147446415980358
2393	0.9960290235562729
2394	1.0702797134689677
2395	0.8222077088512985
2396	0.9970000318036709
2397	0.9956143438325307
2398	1.164823675614734
2399	1.0989129954771386
2400	0.9603660187319181
2401	0.778243028857148
2402	1.1105814845618416
2403	1.1643110611199186
2404	0.900075277886603
2405	0.7960707549809432
2406	1.1362550369133564
2407	0.8615611200154327
2408	0.7713727022781005
2409	0.916962327540014
2410	0.786681910104471
2411	1.1570797770159778
2412	0.7459017133618586
2413	0.9149763700992743
2414	0.8067241018146133
2415	1.1027582341994115
2416	0.9816761643678361
2417	1.0349082460542103
2418	0.8143995679899558
2419	0.9625818367047444
2420	0.9777157389247252
2421	1.0807845442636486
2422	0.9438934178472345
2423	1.0180870310441312
2424	0.8537316463687104
2425	0.8922420732810264
2426	1.1030222221424377
2427	0.848762979867615
2428	0.848787497984565
2429	0.9206643591592851
2430	1.097596596919118
2431	0.8302479502780137
2432	0.8686613214780715
2433	1.1347051496626914
2434	1.0355642674620882
2435	1.0177885092474404
2436	0.8265802294757054
2437	0.9538493357271971
2438	0.8647313395432198
2439	0.8648922878154693
2440	0.9745890977911927
2441	0.917229217291646
2442	0.7817157309615793
2443	1.1018407034383988
2444	0.9195853531096088
2445	0.8770554846815617
2446	0.9369495724131606
2447	0.6673253573756982
2448	0.9036336280959819
2449	0.9940610903155808
2450	0.8716224145355032
2451	1.1624408022131916
2452	0.9116260340472738
2453	0.8417689923476119
2454	0.8114217956163466
2455	0.7811723407900275
2456	1.0494834715895462
2457	1.0319794377837739
2458	0.8910670579175578
2459	0.9474176260147966
2460	0.8189082092245461
2461	1.0154269498473902
2462	1.0181857415129911
2463	0.75956992021934
2464	0.8779631347009025
2465	0.8779659512629653
2466	0.9497766489571924
2467	0.9816962213204288
2468	0.9554011919435186
2469	1.1968711525271507
2470	0.9130335177123109
2471	0.9871150686031974
2472	1.0876313597991993
2473	0.9423749020351359
2474	1.175283396942356
2475	1.1967887944583524
2476	0.8795027190395124
2477	0.9727264078049316
2478	0.8193115556170206
2479	0.8222938699201062
2480	0.7542459861412714
2481	0.9016701644169339
2482	1.0989929673768712
2483	0.9729115846960188
2484	0.8665469253645511
2485	1.0231937373128492
2486	0.9020084736734845
2487	1.2170369128703906
2488	0.8092539486390907
2489	0.857155890874808
2490	0.8460585297502413
2491	1.1442088868547438
2492	0.9261108270409996
2493	0.7835806543906859
2494	0.8324961543921291
2495	1.1983748966340242
2496	0.9412360173819819
2497	0.7184477821084534
2498	1.0096481430792845
2499	0.9125223282225771
2500	0.8250480814571072
2501	0.9845403549091439
2502	0.7136574285689988
2503	0.7735339011761767
2504	0.7854748757653275
2505	0.9020649731166002
2506	0.7337063438632907
2507	0.9539148383444422
2508	0.9205949239072488
2509	0.8604813702988785
2510	0.8404390536223643
2511	0.935488063939348
2512	0.8245848172259169
2513	0.6327474312587924
2514	0.8720690816665356
2515	0.8521356621587145
2516	1.0770586200960122
2517	0.8276078687657072
2518	0.7188350492506695
2519	0.7062209438928096
2520	0.7418931879473077
2521	0.9336286527994389
2522	0.8072948111225738
2523	0.8426884502990428
2524	0.9574162553562476
2525	1.0130993086721127
2526	0.8113165575528778
2527	1.12366009900275
2528	0.9603925181875775
2529	0.9574460523178967
2530	0.9457441983604802
2531	1.0948124126836476
2532	1.027684492088842
2533	0.9859287080003374
2534	0.9548003253270244
2535	0.8974867329974351
2536	0.9760634193752492
2537	0.930110674035522
2538	1.2219132976716638
2539	0.8355818318255409
2540	0.9955202906685267
2541	0.8680148720094141
2542	0.8824340103510532
2543	0.8512355124776171
2544	0.9201917045917191
2545	0.9640356705675969
2546	1.0295287801172286
2547	0.9773350173799026
2548	0.9284652895380994
2549	0.9327689190142908
2550	0.9770131657981549
2551	0.9607849788811533
2552	0.9959964231016196
2553	0.8142037037430321
2554	1.222381546464926
2555	0.9681155304475929
2556	1.2296109455084367
2557	0.9979703091267155
2558	1.1191949229700588
2559	1.205457118656973
2560	0.8906905570024939
2561	0.9445534591744081
2562	1.1088230432441821
2563	0.915972756270305
2564	0.8359250052548903
2565	0.9031498602287895
2566	0.8644335339304853
2567	0.797925978637982
2568	1.2378643849466375
2569	1.0966132517869023
2570	1.2093570616257248
2571	1.1053462148851052
2572	1.0644238798843675
2573	1.2228276579142006
2574	1.1032546014312734
2575	1.2066197144236814
2576	0.8632022600153604
2577	1.1641071803586625
2578	1.143774868548437
2579	1.0141950355000604
2580	1.0140074012219729
2581	0.9816402039873863
2582	1.1720321556156903
2583	0.9569068717128884
2584	1.0129001386887893
2585	0.9209686743268148
2586	0.8959165139188975
2587	0.8560150785567917
2588	0.9197779739183202
2589	0.779913481931718
2590	0.6585038828596615
2591	0.9070554146244308
2592	1.1322628331999494
2593	1.3114869891399128
2594	1.15815205523998
2595	1.0836506982702276
2596	1.0005248731925083
2597	0.925041927639141
2598	1.0082441872554961
2599	1.1544236428560601
2600	1.0301622290782917
2601	1.1176734862388338
2602	1.292960116448945
2603	1.1327305570309893
2604	1.0661982044283318
2605	1.0922595780838757
2606	1.2635250442694987
2607	0.7911822530778108
2608	1.1131856586472437
2609	0.989623130324375
2610	0.7689449503770086
2611	0.9886971470471098
2612	1.1374797271668686
2613	1.0496955555820973
2614	1.2060644404029737
2615	0.9499820694139852
2616	1.0479615536871656
2617	0.8621965597409322
2618	0.9509510369479621
2619	0.7866831564961981
2620	0.9762115294080791
2621	0.882908222501556
2622	1.060806861312845
2623	1.0307700287623933
2624	1.1930107322194219
2625	0.9330322266302954
2626	1.1211074692487792
2627	0.9997578850640985
2628	1.0902512079968372
2629	0.943487720985165
2630	0.99553883561638
2631	1.14483578176558
2632	0.9730951755643739
2633	0.8833347300439434
2634	0.9696571413678545
2635	0.9096471873234958
2636	0.830075229469442
2637	0.9819546027206814
2638	0.8512684327951436
2639	0.8249057962197316
2640	0.8807047975218106
2641	0.9776498115959644
2642	0.8268460744193944
2643	0.8761362176478817
2644	0.9302983211756072
2645	0.8727158688358174
2646	0.9003172413712835
2647	0.7735745639721838
2648	0.845331962022308
2649	0.8359606457858844
2650	1.247982417326636
2651	0.8622376952791331
2652	0.733565177062171
2653	0.8169457553302655
2654	0.8122828684329241
2655	0.9618271472927167
2656	0.548529473754718
2657	0.9502354715870418
2658	0.8423848380142726
2659	0.8892050158350953
2660	0.8880048998364701
2661	0.8209867690621611
2662	0.7956117330582472
2663	0.9222829243037158
2664	0.6572089706924908
2665	0.926649784061344
2666	0.968096151996806
2667	0.8311879072401248
2668	0.651901168382746
2669	0.8250965857319973
2670	0.7992323044771408
2671	1.1433630083353459
2672	1.1223063312615402
2673	1.0072881331931725
2674	0.8737020314676531
2675	1.0084379858678556
2676	0.9353510715357654
2677	1.0830303460799358
2678	1.0329723417255148
2679	0.9990479645671884
2680	1.0138422781368575
2681	0.8713780602665968
2682	0.7192266910322821
2683	0.7736051602848958
2684	0.7993931002490696
2685	0.964690178861328
2686	1.02086933573217
2687	1.0034259332343791
2688	1.0892078171154758
2689	0.872198104443645
2690	0.7350585743729787
2691	0.6383220929708121
2692	0.8090453008714166
2693	1.185441458134252
2694	0.9270708882211074
2695	1.1611182897213126
2696	0.9804332509680045
2697	0.7766221209598674
2698	0.7857982827705466
2699	0.9970593520207883
2700	1.1122355127752546
2701	0.8005753309160646
2702	1.0635411709391922
2703	0.9787392738627434
2704	0.8156668327351432
2705	0.8577625992456064
2706	0.7683096811212584
2707	0.8183504967376478
2708	0.928711211236589
2709	0.920393989394985
2710	0.9898227881972317
2711	0.8112407561834862
2712	0.7327146402047323
2713	0.7693613864210433
2714	0.8422680078964099
2715	0.8581748322996192
2716	0.7298617391203154
2717	0.8010631681828279
2718	0.6194875962905849
2719	0.8263233616328374
2720	0.786266418196533
2721	1.1324037059989003
2722	0.8594210095312629
2723	1.1445639718655336
2724	0.8646169563215496
2725	0.8732967764268181
2726	0.8806801900999899
2727	1.0041064413937357
2728	0.8887598402095122
2729	0.9384197053088206
2730	0.8448085677887324
2731	0.7608189622571527
2732	0.7761651791724864
2733	0.9789668856349718
2734	0.8753051707526466
2735	1.0200106109508653
2736	0.9568264761351499
2737	1.074336147157397
2738	0.8706971818802657
2739	0.9238836830377968
2740	0.8969598023828931
2741	1.0225923867208189
2742	0.9625501222876843
2743	0.9314815337052536
2744	1.1763929431968752
2745	1.1427979897992289
2746	0.7769454111655837
2747	0.9900876526643864
2748	1.1061879859529449
2749	0.969629351169506
2750	0.9865459398571869
2751	0.9585394043060815
2752	1.171970982993172
2753	1.1436916912320607
2754	0.8613919721762376
2755	0.8273157651230381
2756	0.9307823375798249
2757	0.7063389647001521
2758	0.8074794577695017
2759	0.7795094574762471
2760	0.7920380836392263
2761	0.9741436540416234
2762	0.8701774798402996
2763	0.7792672876976904
2764	0.7975340519128333
2765	0.821230529981856
2766	0.7327469143408994
2767	1.012507031463984
2768	0.8482247576855481
2769	0.9864033373597832
2770	0.9288298210537789
2771	0.9129842637216232
2772	0.8874017607201057
2773	0.8269461294615048
2774	0.7913416810597129
2775	0.8538789943211598
2776	0.7656449662706859
2777	0.9026374643004585
2778	0.8822469838296715
2779	0.8482249365073533
2780	0.9438499954092352
2781	0.7864517633134721
2782	0.9390043999123682
2783	0.7775335867190605
2784	0.8983389217644173
2785	1.076726515107473
2786	1.021417583842762
2787	0.7053181211241086
2788	1.0041400619809233
2789	0.6789738905548208
2790	0.8839578467951997
2791	0.8005370549611106
2792	0.9002919715983403
2793	0.7939749594663065
2794	0.8600417640640333
2795	0.8135759155884875
2796	0.8553837182349366
2797	0.7529914509094114
2798	0.8957344010530636
2799	0.785611204175061
2800	0.8643556597002047
2801	0.9592918057434369
2802	1.0243642938580007
2803	0.7835846608944526
2804	0.8256614037962554
2805	0.9763423140077186
2806	0.9810140718560475
2807	0.9020880423401535
2808	1.1102959709078022
2809	1.1588718745026494
2810	0.9262932759804459
2811	0.8171899279967526
2812	1.004912205075644
2813	1.0734081035931218
2814	1.0771128397711016
2815	0.9352252592156206
2816	0.8795991136276963
2817	1.0865079259226256
2818	1.0507817139250781
2819	1.0233095975916948
2820	0.6320576273961627
2821	0.8710881547350521
2822	0.846978992917724
2823	0.8019042992487531
2824	0.9940907725413433
2825	1.0244860591833336
2826	0.829331221930995
2827	1.2264369036254066
2828	0.8858959585273652
2829	0.91595371401888
2830	0.9610529482129692
2831	0.9500369364064433
2832	0.8580097040888709
2833	0.7682181557006044
2834	0.8433132003582632
2835	0.6691753956685164
2836	0.7069460610792654
2837	0.7103358255378139
2838	0.7457024981997508
2839	0.5652357888335726
2840	0.7640394788317847
2841	0.8172087820058506
2842	0.8696635625337268
2843	0.8767525797562702
2844	0.8130449544714452
2845	0.9086446254250995
2846	0.7824826601323763
2847	0.8556122782801233
2848	0.786013859179369
2849	0.8320389872542155
2850	0.6862139773644272
2851	1.0048908810243717
2852	0.7667770278564664
2853	0.7079252770694169
2854	0.8559410716138771
2855	0.8068655917226331
2856	1.0868566504301858
2857	1.091257820380365
2858	0.8157055387963753
2859	0.7818042888725366
2860	0.8462952315289833
2861	0.8660622001958169
2862	0.8545208486491266
2863	0.9633285022930331
2864	0.9469248023889798
2865	0.8514981286344739
2866	0.7736504315433448
2867	1.0253864647823883
2868	0.8289612841432894
2869	0.8134062483557207
2870	0.6756692831027115
2871	0.8523747081702473
2872	0.8589342143463099
2873	0.981548078935307
2874	0.9681048336799845
2875	0.7278763514084705
2876	0.7088942312459242
2877	1.0036361905229139
2878	0.8845479701471414
2879	1.0440519325757998
2880	1.0946020433887205
2881	0.8912837295463385
2882	0.9166808511359872
2883	0.7327554485023062
2884	0.8467234787143205
2885	0.6959334199403968
2886	0.8571851321403996
2887	0.6043635211180789
2888	0.822247673965649
2889	0.6882526824201992
2890	0.9945080335000727
2891	0.9807240130817642
2892	0.7599709145111938
2893	0.7370365371709032
2894	0.8371701636554343
2895	0.7592678099602939
2896	0.9553640030257067
2897	1.0212199205021744
2898	1.0286097425416512
2899	1.185450639891806
2900	0.7758922793684115
2901	0.998087368581103
2902	0.8511880416677139
2903	0.9457198473558274
2904	0.8200187558603516
2905	1.002931850428807
2906	0.7609768002566576
2907	0.8693846263676752
2908	0.7872669743592396
2909	0.9885821244420674
2910	0.9675143460085242
2911	0.8796847933781503
2912	0.960409772368533
2913	0.7951698267528382
2914	0.8291964268013329
2915	0.8727476832115703
2916	1.0037161073749055
2917	0.7876168132931806
2918	0.7684574874686358
2919	0.9259869164351
2920	0.9134936699497576
2921	0.7738568837404391
2922	0.8743442202065577
2923	0.7155546448391649
2924	0.8382547219083211
2925	1.0189016323065387
2926	0.8594442314734082
2927	0.673209108277481
2928	0.770326755689964
2929	0.8552074157087558
2930	0.9394659222418154
2931	0.8324957874456658
2932	0.8958111520139354
2933	0.9534499067407353
2934	0.9055564341292847
2935	1.2942055446956078
2936	1.0175106821480322
2937	1.038876379622918
2938	0.8839166385043262
2939	0.9160752099370654
2940	1.0259489034525036
2941	0.7955933814251732
2942	0.8327405884643454
2943	0.953086328660524
2944	1.061337291021985
2945	0.6617598685188091
2946	0.9700401304296977
2947	0.9188554592760672
2948	1.092514799746289
2949	0.9532506322196679
2950	0.7858418918444657
2951	0.8825761818445459
2952	0.7036694956211931
2953	0.8611372594282306
2954	0.7647416536524642
2955	0.7987522994978452
2956	0.5956916252086665
2957	1.0498515793193508
2958	0.7719462114122596
2959	0.6427705288254766
2960	0.795509692455671
2961	1.0829060197087335
2962	1.0479193930691089
2963	0.7844494851898478
2964	0.7518291248300455
2965	0.6498775564192147
2966	1.077820356181653
2967	0.9299399289335555
2968	0.7608768845708376
2969	0.7093820655542417
2970	0.991257841096425
2971	1.103258573552251
2972	0.856586055963853
2973	0.841241144824644
2974	0.7881264856586893
2975	0.7983865426655766
2976	0.8397102873349
2977	0.8028429390841701
2978	0.8455372085715335
2979	0.8121332116863327
2980	1.0021956572055366
2981	0.9306392733733283
2982	0.920296305590767
2983	0.9093712686614144
2984	1.118980104879682
2985	0.9464108263214177
2986	1.0578124492080843
2987	0.9299066843459168
2988	0.9476787436190324
2989	0.8672024829349266
2990	0.7474509801892069
2991	0.824885535045279
2992	0.9176862972557818
2993	0.9923024569076239
2994	1.087867846300579
2995	0.8470527594588924
2996	0.8059981708443388
2997	0.743115978950425
2998	0.738336054037091
2999	0.8496455937169298
3000	1.0167331226439162
3001	0.7876619629536887
3002	0.8639953023913596
3003	0.799199808415064
3004	0.9139243495638601
3005	0.9102718633224824
3006	0.9079508166246033
3007	0.8535702311395854
3008	1.1446381294596804
3009	0.843296350204622
3010	0.7709464164285136
3011	0.727872993531784
3012	0.7876135320898247
3013	0.8458485106214223
3014	0.9033553263179975
3015	0.821696590418669
3016	0.8203016796411475
3017	0.8186474783397495
3018	0.7958197324420078
3019	0.875269849647627
3020	0.7452424946127069
3021	0.8778366195827029
3022	0.9443127439723291
3023	0.8288206922039043
3024	0.8923408370643013
3025	0.8242421943867815
3026	0.67610188961036
3027	0.6408047343603144
3028	1.085320227874214
3029	0.9219795094493098
3030	0.8219854110325677
3031	0.8403981800220065
3032	0.9377718540307179
3033	0.826764228455358
3034	0.8756416081546438
3035	0.7644159059388813
3036	0.8986031975443636
3037	1.007360709625929
3038	0.9225418517954911
3039	0.7076307247348436
3040	0.6002336567991353
3041	0.8774598757312773
3042	0.955833760067694
3043	0.7811343030678144
3044	0.7980153884284423
3045	0.7633739395760699
3046	0.730862639698792
3047	0.8730146561870964
3048	0.7672368991447581
3049	0.7126181678242736
3050	0.886048354451547
3051	0.6161279177735113
3052	1.1407015517095034
3053	0.741795455031643
3054	0.7474100873890319
3055	0.7409785469190008
3056	0.8912516256932675
3057	1.1186695886046214
3058	1.0841955440723483
3059	0.9704982392834134
3060	0.9428868048573309
3061	0.8405952072906213
3062	0.7157068782086735
3063	0.8407655001370766
3064	1.0400256426242573
3065	0.8907573849093288
3066	0.9730864206674541
3067	1.0150353520259208
3068	0.8240472009524171
3069	0.8655382342627468
3070	0.9260055755336952
3071	0.8704788765701915
3072	0.8575274640999528
3073	1.159870703876361
3074	1.004833274719049
3075	0.8588004558572633
3076	0.9312719309861878
3077	0.942590321080814
3078	0.889578380584555
3079	0.8698084246245071
3080	0.8639241447817256
3081	0.7759652529315232
3082	0.7420408074284383
3083	0.8730328277042931
3084	1.0908075989819541
3085	0.9276415726889262
3086	1.0979764832691548
3087	0.9519850534625708
3088	1.1182544307503521
3089	1.050884036614742
3090	0.7981824236657402
3091	0.7063308628483965
3092	0.6535576990822782
3093	1.0073288667423945
3094	0.8998844024514063
3095	0.6562290162266411
3096	0.8571079466554906
3097	0.7178274103520719
3098	0.7991290109880372
3099	0.8222875599896061
3100	0.9073078872923573
3101	0.8826685232202116
3102	0.9019259598382439
3103	0.8632513684034036
3104	0.7148781149756505
3105	1.0372209701197261
3106	1.0237160444701132
3107	1.084775335565761
3108	1.0037857736244584
3109	1.1792330052725393
3110	1.1259747249932877
3111	1.1875453667055371
3112	0.9708777208279449
3113	1.0140044069364436
3114	0.8832603369956236
3115	0.9114818959223985
3116	0.9044998908790797
3117	0.8880043465942418
3118	0.9146928910031693
3119	1.0696809337194901
3120	0.8948799934106568
3121	0.9245025582240582
3122	1.036169026052208
3123	0.9235475141946041
3124	0.9675695410164491
3125	0.9669014114436351
3126	0.9835701362146441
3127	0.8915529583024077
3128	1.0139516802263575
3129	0.93472351598664
3130	0.709637360821757
3131	1.0593691923504451
3132	1.1969011211139544
3133	1.0520564931174141
3134	0.8971345411344336
3135	1.134481401382885
3136	1.0308590703266407
3137	1.1074206708929648
3138	0.9990183751106557
3139	0.9146398611394386
3140	1.037482955643029
3141	1.0190020736927459
3142	1.01149132679851
3143	1.0390743680373875
3144	0.8960675199710033
3145	0.9476778365295813
3146	0.9079145805766184
3147	1.1037677779691735
3148	0.9933490315223426
3149	0.9899101901179362
3150	1.0751037560646606
3151	0.8038948162362431
3152	0.9610787943613825
3153	0.9472324151265298
3154	0.8630870520491493
3155	0.7758179425587646
3156	0.865647418029399
3157	0.9506553182880376
3158	0.8699443646032158
3159	0.8163313130476422
3160	0.933383771835665
3161	0.9105975321826362
3162	0.9137502869402538
3163	1.1364180972844298
3164	0.8147424481669127
3165	0.8854106369342498
3166	1.0071364867980679
3167	0.7414081443225986
3168	0.8901049700190995
3169	0.7530415598001005
3170	0.8491036813564445
3171	1.1018652911750704
3172	1.023230110339205
3173	0.8311775205723414
3174	1.0070038723833998
3175	0.8642348348940108
3176	0.9792128633270074
3177	1.0680409499651715
3178	1.156647508059653
3179	1.0328911130743643
3180	0.8365727389140895
3181	0.7892592609180996
3182	0.8781423733067476
3183	0.8571211322832633
3184	1.0319234354572455
3185	1.0180811838495165
3186	1.179260022178819
3187	1.1159605572972398
3188	1.00285761967853
3189	0.8842758455962262
3190	0.8916183579887395
3191	0.9771493755365525
3192	0.8191836667282744
3193	0.868139179114257
3194	0.9360766852211851
3195	0.9025688157640179
3196	0.820785676842193
3197	0.8783413712331103
3198	0.9762586043973657
3199	0.8787242208441327
3200	0.788306190564924
3201	1.0555195950313834
3202	0.7549659982809782
3203	0.6929347435619311
3204	0.9989252022908617
3205	0.9562542998194848
3206	0.8841433548443905
3207	0.8825323862270645
3208	0.7665176325923401
3209	1.1208428025809019
3210	0.8142695561810629
3211	0.8490730342479802
3212	0.8159195586780559
3213	0.828501178216887
3214	0.768865610122873
3215	0.90356135921549
3216	0.7478498640890187
3217	0.7993180132368559
3218	0.7335700280715852
3219	0.955201373361727
3220	1.116571460725248
3221	0.689773713722299
3222	0.9557353621878262
3223	0.8421291329432626
3224	0.8284212558101168
3225	0.801374022999541
3226	0.8135561105682358
3227	0.8700499596584502
3228	0.8952232412905082
3229	0.7914249096743107
3230	1.066321904938517
3231	0.6929623067308877
3232	0.9705999945554921
3233	0.7772884966956758
3234	1.0566517529236463
3235	0.7938440988868657
3236	0.8056476506321198
3237	0.9341094979763551
3238	0.9186991118977772
3239	0.881099204973214
3240	0.7841670215753317
3241	0.8640348834826104
3242	0.8584541926191052
3243	0.7964789034978557
3244	0.8684612589931417
3245	0.9029117819254756
3246	0.8596606261604238
3247	0.7538846419343103
3248	0.6111970610582816
3249	0.9171284615273213
3250	0.950789877299508
3251	0.8865488654534037
3252	0.923218046534983
3253	0.9345457537081769
3254	1.1286612330500574
3255	1.024238791293146
3256	0.8583095939007095
3257	0.9386709074049621
3258	0.9007788049125602
3259	0.7856631786133574
3260	0.7808455059386705
3261	0.822432919047129
3262	1.0295584645069806
3263	0.936675494576684
3264	0.8233024964827425
3265	0.8602150218074188
3266	0.8968741554244274
3267	0.7911606378152707
3268	0.9125255773882891
3269	0.9980344870217073
3270	0.8471173722810673
3271	0.8691472895783772
3272	0.8028631301774274
3273	0.8227801263115281
3274	0.8911829766600244
3275	0.8557096752749812
3276	0.8915437069976934
3277	0.848435349599554
3278	0.8754790910430463
3279	0.9016729991420518
3280	0.9245552597860871
3281	0.9509235077135414
3282	1.1773448425641018
3283	0.9011579553780992
3284	0.9259616348187805
3285	0.6303302863742379
3286	0.763296979859616
3287	0.7506747143413889
3288	0.8402752631314995
3289	0.8996082020438768
3290	0.7708188506312448
3291	0.7830321465281525
3292	0.9414800642256386
3293	0.6698242164461471
3294	0.8091509718655157
3295	0.8620205452642816
3296	0.9925066065181423
3297	0.8350162824995752
3298	0.9147964541264236
3299	0.6115624831260461
3300	0.7734067246049389
3301	0.7897600975517257
3302	0.851430100657523
3303	0.8884846786429254
3304	0.974904953155567
3305	0.7884682108605681
3306	0.9653077076255647
3307	0.6908534238416266
3308	0.7768264883460847
3309	1.0552490402914363
3310	0.7715556886662441
3311	0.7588056050896455
3312	0.599773063236227
3313	0.8343428351794184
3314	0.6176023440585561
3315	0.7714111790994196
3316	0.8225756051191823
3317	0.7806843142657129
3318	0.8027234230476306
3319	0.7996729278096986
3320	0.7294004727605659
3321	0.6867376603214195
3322	0.8869182348861457
3323	0.6345937874342052
3324	0.5955332317085039
3325	0.7853351758667733
3326	0.7306174234094623
3327	0.823063437587533
3328	0.6967426834177307
3329	1.06450886495511
3330	0.6810290746024793
3331	0.7055811552017469
3332	0.8916054029175509
3333	0.8810633506232506
3334	0.9029966999909135
3335	0.7245268493933766
3336	0.7885678392479976
3337	0.7594172973657004
3338	0.8825783091580472
3339	1.0529879343446324
3340	0.8624848965909572
3341	0.760619272542194
3342	0.6829493710239943
3343	0.9432347521759201
3344	0.9921560989748448
3345	1.1663568565582982
3346	1.1123109188674285
3347	1.044405825193894
3348	0.8474937710679786
3349	0.8843275343226517
3350	0.9072196326240407
3351	1.1191587869637392
3352	1.0720926517112814
3353	0.8011492092527183
3354	0.9801418558014998
3355	0.6948731776359339
3356	0.6368800982411477
3357	0.7285338704251562
3358	0.7187918467263694
3359	0.9380819239519942
3360	0.9328436386355144
3361	0.9222368504863122
3362	0.8387134589532018
3363	0.821164487748636
3364	0.8660304310037399
3365	0.7925545058491726
3366	0.8895026215855966
3367	0.9049696922612916
3368	0.8457834857218756
3369	0.957612931309769
3370	0.9366930405990483
3371	0.9738984907510774
3372	0.812060294608994
3373	0.7731801712027854
3374	0.9343656931118518
3375	0.7477292023636104
3376	0.8159830930196211
3377	1.1001890222112043
3378	0.9191712649174231
3379	0.8955050645377466
3380	0.9211101630489129
3381	1.1910450453739931
3382	0.8481628529573867
3383	0.8827244481452824
3384	0.8652527226182101
3385	0.9854754780356582
3386	1.0024317677420422
3387	0.8670655307451678
3388	0.8318770790612896
3389	0.7609112662942407
3390	0.7423108469192119
3391	0.9218677069885354
3392	0.6505371919242646
3393	0.6171175897312347
3394	0.8502794044811521
3395	0.6834987299205312
3396	0.7379576139046223
3397	0.6299285982054937
3398	0.9040876008893629
3399	0.9232435130063724
3400	1.0114060250070624
3401	0.9455825462698393
3402	0.7235555633670363
3403	0.9021581455648494
3404	0.7598114683160123
3405	0.8082892313224389
3406	0.8820168404468494
3407	1.0698142981214076
3408	0.9050210877609665
3409	0.9308233511309046
3410	0.718129721463987
3411	1.0813766934551023
3412	0.9173143310303931
3413	0.9123061403762758
3414	0.9389019620924172
3415	0.9739292555104074
3416	0.9320865665951947
3417	0.8762088586510173
3418	0.9883380306056042
3419	0.8283861082972009
3420	1.0785403629857921
3421	0.9404180846257039
3422	0.880414552304697
3423	0.8671825892075278
3424	0.7958717655244637
3425	0.9718207999671155
3426	1.079639526352498
3427	0.869015460325049
3428	1.0400217320423568
3429	0.8686727571829937
3430	0.8487438955561408
3431	0.9088121259900426
3432	0.806627832288155
3433	0.7763343119112244
3434	1.001148284453622
3435	0.9538009497235171
3436	0.6531338436168441
3437	0.95599305948709
3438	0.6994847758852747
3439	0.7563329491189769
3440	0.7827003379174706
3441	0.8982119347207866
3442	0.6750864648953346
3443	0.9764352732017444
3444	0.8706491921815931
3445	0.9222354206092545
3446	0.8921659539438482
3447	1.030179425080653
3448	0.9522883666894041
3449	1.0004696229826715
3450	0.8265397325782922
3451	0.867988912109348
3452	0.8553129742159528
3453	0.8921467209700937
3454	0.9911649383681178
3455	0.9822682281178894
3456	0.9006976487527258
3457	0.9091563063183462
3458	1.1526928181650338
3459	0.851362889774924
3460	0.9090478191716498
3461	0.7802948209309065
3462	1.0708071499048377
3463	0.7325308537362306
3464	1.0775339357441487
3465	0.8533480974267057
3466	0.9340615574197016
3467	0.9728049496599032
3468	0.9046585682996858
3469	1.01386598263233
3470	1.060795642451375
3471	1.0719335136384323
3472	0.8105556149739148
3473	0.9095912405388182
3474	0.9223531902978677
3475	1.0120931534934507
3476	0.8091620280393095
3477	0.8333141712958289
3478	0.6866714481117505
3479	0.7592169865813561
3480	0.8274020853120052
3481	0.819393702202956
3482	0.7758828451620877
3483	0.948259381668657
3484	1.069586318512449
3485	0.9677885524026595
3486	0.9024145720259064
3487	0.7998650547430791
3488	1.067514373413321
3489	1.114968384714498
3490	0.7829200521700462
3491	1.0612681127365124
3492	0.9790941487468918
3493	1.0538679002601643
3494	0.9276407877219983
3495	1.1283868775998498
3496	0.939971468993832
3497	0.8507846756330848
3498	0.9104097856573066
3499	1.038754323089097
3500	0.9696771921286653
3501	0.5658411904665452
3502	0.7958462854014374
3503	0.8120359765728185
3504	0.7082295122212761
3505	0.7453385604501909
3506	0.9225360729942728
3507	1.0467182942089992
3508	0.8755404877262124
3509	0.8550471526485726
3510	0.9620772352393475
3511	0.8693059227276355
3512	0.960137717251215
3513	1.036585893116747
3514	1.0289741964671144
3515	0.9079928383531164
3516	1.0597975514186868
3517	0.7370539324160221
3518	0.9050179790918856
3519	0.8133984386759872
3520	0.754596179411517
3521	0.8259026175222123
3522	0.9963213000571773
3523	0.891269992273172
3524	0.8003501283576093
3525	0.8495848423655463
3526	0.710068806868551
3527	0.8353940922476056
3528	1.0332847047760432
3529	0.7111953959476303
3530	0.8904949221623706
3531	0.92979399177924
3532	1.1176686067614465
3533	0.9659242193271923
3534	1.0188260154948245
3535	1.0688538755395172
3536	1.0409550716830185
3537	0.8630166352887159
3538	1.0198767213783038
3539	0.7019258411978041
3540	1.20399576757057
3541	0.9309953188710551
3542	0.9242066533321156
3543	0.8059761608376913
3544	0.733540721017099
3545	0.7704625244341996
3546	1.0141725794171186
3547	1.0314692471688411
3548	0.6619715223766407
3549	0.817871290334883
3550	0.8457738644612469
3551	1.08375990345277
3552	0.9044139039140392
3553	0.9542403391527424
3554	0.8639061500820197
3555	0.7468966116105219
3556	1.0388953850996612
3557	0.7083542297294115
3558	0.7467802800068128
3559	0.7324855729746547
3560	0.6068588039592179
3561	1.025690258693251
3562	0.7875398193440799
3563	0.8874252602096474
3564	1.1146159518578103
3565	0.8892503285112097
3566	0.797898550435536
3567	0.8411703396861018
3568	0.8528074141809446
3569	0.7031429252047418
3570	0.6692173206955883
3571	0.8202912985609015
3572	0.6720075779686961
3573	0.9228395563926527
3574	0.5839310400639597
3575	0.8011938235674371
3576	0.7963839314856856
3577	0.856714237340808
3578	0.7030931350516711
3579	0.8463461040041355
3580	0.7923097416879417
3581	0.9235809558444653
3582	0.7280648227740779
3583	0.7627704713465505
3584	0.8950180437795843
3585	0.7125030144824931
3586	0.7993809829572737
3587	0.7159537636230504
3588	0.9740327166447755
3589	0.736049574916911
3590	0.7470249424464485
3591	0.8193927345618834
3592	1.0893154335521662
3593	0.9143460751925532
3594	0.9646933823416004
3595	0.830510488774475
3596	0.8118658874343818
3597	0.8548890517453608
3598	0.7919808675932002
3599	0.9802900270583466
3600	0.7917310716402922
3601	0.7713824547269963
3602	0.7440467861868775
3603	0.8298951545416288
3604	0.8524150156111622
3605	1.0214769548403553
3606	0.6930576656198959
3607	0.754136467113492
3608	0.7397065535525891
3609	1.0872394634310507
3610	0.7928656628792713
3611	0.915869652640038
3612	1.1010011062065477
3613	1.0598133728471764
3614	0.8903898514165586
3615	0.8892326279776094
3616	1.1160388056793025
3617	0.8229117786847736
3618	0.8792943340761941
3619	0.7945216055755328
3620	0.9016420311482362
3621	0.9215039343622975
3622	0.8648047619407282
3623	0.9819103385916366
3624	0.9111275016849472
3625	0.8650332002108972
3626	0.957859010680774
3627	0.8888912064693602
3628	0.6881528616028176
3629	1.0053546159854405
3630	0.7509552292205736
3631	0.8207656819983639
3632	0.7780418338691218
3633	0.9444837231201658
3634	0.7539053728602381
3635	0.8456880861753953
3636	0.7710820852331355
3637	0.985700195819497
3638	0.8011656110361748
3639	0.7886714282561988
3640	0.9119356352164256
3641	0.8279760341610339
3642	0.8463935636478076
3643	0.9031169796539775
3644	0.8200665868517066
3645	0.8674865041178188
3646	1.0778380416616007
3647	0.7704955172865205
3648	0.618305538383972
3649	0.8693659238139542
3650	0.8197281748760752
3651	0.7046335266918551
3652	0.7511413732192114
3653	0.9463423146341465
3654	0.7292836457882066
3655	0.9101304590828
3656	0.8458500127055417
3657	1.0113618755094034
3658	0.8508619546382717
3659	0.6830241298827361
3660	0.8577719943279102
3661	0.7154945003274422
3662	0.9812204199626232
3663	0.6929570433135447
3664	0.836798416808761
3665	0.8363461603535688
3666	0.6959132882141862
3667	0.6111842892029438
3668	0.7937035393027548
3669	0.9840363657444617
3670	0.869953138444584
3671	0.8088692122254503
3672	0.5681608989662983
3673	0.7548924926869796
3674	0.7802881340962566
3675	0.6953252116691016
3676	1.00424399858869
3677	0.844804060310974
3678	0.9444657419402949
3679	1.0116203538871822
3680	0.8658485229623014
3681	0.8077173582635532
3682	1.1023899456632655
3683	0.928496799405556
3684	0.8566537867587953
3685	0.9497433495877841
3686	0.9446951615831697
3687	0.6996355052476263
3688	0.7399548432400389
3689	0.8352666698341402
3690	0.8124342489559148
3691	0.7963893271862772
3692	1.062043660971909
3693	0.8670265159464933
3694	0.6916017017897892
3695	1.0516128798547049
3696	1.239739459672929
3697	0.8387404700527502
3698	0.8226544537028622
3699	0.9498775926086978
3700	0.9887765975178342
3701	0.8482329005710746
3702	0.7649105797082586
3703	0.9331098095992819
3704	0.5780225259283749
3705	0.7214773852592506
3706	0.8228881179053371
3707	0.7707553567517943
3708	1.1378221453684627
3709	0.6453552233123983
3710	0.7798599547028685
3711	0.9356643555163987
3712	0.8769182366521556
3713	0.8511383351424144
3714	0.9388229730540064
3715	0.7322385975516167
3716	0.7821114436761306
3717	0.742934501629629
3718	0.7636148370958838
3719	0.940131800620484
3720	0.8844103445393994
3721	0.6604733174565088
3722	0.8042452020196643
3723	0.7389218867295607
3724	0.8018830843209136
3725	0.5156924920557979
3726	0.8051826226901404
3727	0.7959413714395014
3728	0.9889670722420267
3729	0.8147709513258319
3730	0.7274504546523489
3731	0.8179603707581282
3732	0.5428558501512176
3733	0.7440468622238761
3734	0.81934379463025
3735	0.692422654565005
3736	0.4981419214878921
3737	0.7071707444212346
3738	0.8251784778155249
3739	0.9674080637766853
3740	0.9786337037272176
3741	0.6735247730557602
3742	0.7463862767300633
3743	0.6989854284586093
3744	0.7923300662293541
3745	0.8218295155080854
3746	0.9065418087475041
3747	0.7441246900958223
3748	1.1323849688378838
3749	0.8661891868321612
3750	0.7520511286545681
3751	0.7256940838854488
3752	0.8379866556509858
3753	0.7801030250561937
3754	0.7950647295015054
3755	0.9366670022535596
3756	0.9339144399236547
3757	0.8566758406515794
3758	0.9144275669058153
3759	0.6685419215902125
3760	0.8331230225065875
3761	0.7331786568526145
3762	0.937018943560868
3763	0.6389658350794848
3764	0.8661363998071369
3765	0.6136052941320713
3766	0.8588503064765782
3767	0.6822259858881268
3768	0.9016170987871682
3769	0.7540695820523866
3770	0.6633132023243319
3771	0.6760192050017994
3772	0.8028071629107563
3773	0.7791536360768484
3774	1.01968196931536
3775	0.7751440516360649
3776	0.7901326546396099
3777	0.7676620167956534
3778	0.6390751218919027
3779	0.682872530242873
3780	1.123513510331623
3781	0.6468074119926597
3782	0.7892304950927069
3783	0.7689636862073314
3784	0.7113669888568809
3785	0.9470713610419514
3786	0.9600859355770057
3787	0.8748038343744824
3788	0.8725542726231956
3789	0.9562933960265952
3790	0.7910041691389154
3791	0.9152394773540234
3792	0.5691032233781516
3793	0.6343378760550406
3794	1.0281742401945613
3795	0.9680743859033974
3796	0.8793712890906179
3797	0.7901283694382434
3798	0.5588160158447394
3799	0.7374387672138552
3800	1.0373210126527592
3801	0.9844334061760572
3802	0.7780511800559843
3803	0.7510324551723977
3804	1.0892865086340244
3805	0.7747076553175933
3806	0.8014796009962525
3807	0.6893549472815789
3808	0.7759770624505893
3809	0.9997967708738984
3810	0.7565240908270099
3811	0.7682411703621836
3812	0.7557260120619144
3813	0.7597274553892441
3814	0.7913978952816862
3815	0.8295807343744271
3816	0.7798886685756822
3817	0.9374832173094462
3818	0.7707389957032181
3819	0.6726636721537327
3820	0.835460262708187
3821	0.9728080145645847
3822	0.8075910862771134
3823	0.8074562658776254
3824	0.5226028681951777
3825	0.7069266365335852
3826	0.6791635381099315
3827	0.9211534336480729
3828	0.8614324675171602
3829	0.9214865253632916
3830	0.8526322576858345
3831	0.8634104749366082
3832	0.8819206824125774
3833	0.8011559500025687
3834	1.055873111740591
3835	0.8691711972901379
3836	0.8431489550423413
3837	0.6655596130769946
3838	0.7579849290469425
3839	0.935661088569629
3840	0.7367205327359653
3841	0.8482182208878111
3842	1.0384923978370038
3843	0.9656835950235414
3844	1.0353479996304147
3845	1.0313586362638734
3846	0.9049315441024979
3847	0.7751321918472298
3848	0.9514579379072976
3849	0.7203647936358196
3850	0.9959083781445989
3851	0.8523938707660144
3852	0.7080260387310837
3853	0.8464214837553434
3854	0.734517709054226
3855	0.6827758481925372
3856	0.8241202152780797
3857	0.7579932473024059
3858	0.6706452725783683
3859	0.7681658577216748
3860	0.8004344439883366
3861	0.8302894374277469
3862	0.8820572264968641
3863	0.9286021592921421
3864	0.9061967104424138
3865	0.7160757509287027
3866	0.9369988314872911
3867	0.9334538386345643
3868	0.74725814340758
3869	0.6964608454594562
3870	0.7809932030560492
3871	0.8189039028865492
3872	0.9986330703189822
3873	0.7597889402459467
3874	1.052898491282548
3875	0.8627284840148682
3876	0.9394001304291275
3877	0.9992993385543497
3878	0.6718189337366567
3879	0.8327866909717208
3880	0.7173716493854703
3881	0.7888606775857087
3882	0.9352245851477221
3883	0.6960454974586224
3884	0.9594770591652905
3885	0.7213895511013404
3886	0.7445728387023643
3887	1.0421969509735274
3888	0.8610006348009881
3889	0.7537500520621057
3890	0.8351235106050197
3891	0.8158907361403884
3892	1.0019374732229376
3893	1.0180622939491224
3894	1.0320468837034327
3895	1.093006626140271
3896	0.9079883224542861
3897	0.8712869960081653
3898	0.824057328954649
3899	0.8293410415507497
3900	0.7705447845410244
3901	0.9807501409585121
3902	0.7321813406116977
3903	0.7636420160935099
3904	0.7812511296116804
3905	0.8388505100551688
3906	0.8722476791380983
3907	1.0555525539581032
3908	0.55411337899555
3909	0.8804339055083323
3910	0.9432864929415992
3911	0.863002486290885
3912	0.8930662565670553
3913	0.7192114354057427
3914	0.7632500619717943
3915	0.9681302511165258
3916	0.6961612354036547
3917	0.6873398587779592
3918	0.7606506553974652
3919	0.7700943929818862
3920	0.7937557401405141
3921	0.8476691517820564
3922	0.8288233392429265
3923	0.8525339215733462
3924	0.8597729199107029
3925	0.9457598489850071
3926	0.8617947618763829
3927	0.9049312030855976
3928	1.0328058550591102
3929	1.0748457094155828
3930	1.0746262460648175
3931	0.8811975686142507
3932	0.9804708775397244
3933	0.9985705750312298
3934	1.006682212004077
3935	0.995479256097506
3936	0.9226650272202742
3937	0.8550848134016936
3938	1.0661367259911532
3939	0.8603658911420065
3940	0.7489467072260894
3941	0.6415416080155002
3942	0.7056203591747892
3943	0.630704882156894
3944	0.8321510762234752
3945	0.8729238156445205
3946	0.932329570376372
3947	0.8360618324249992
3948	0.8329037833388191
3949	0.7542101070667644
3950	0.8331931095454129
3951	0.694797591940012
3952	0.744407667610047
3953	0.8232404375570364
3954	0.902787834912123
3955	0.834404180188586
3956	0.6910365268683369
3957	0.9139159993188248
3958	0.6149149563101353
3959	0.9231660205880645
3960	0.7509860087201662
3961	0.9202202125235805
3962	0.7388022133597829
3963	0.9646250908703844
3964	0.9703589632303972
3965	0.9255520542278083
3966	1.1050837377096718
3967	0.6588586769484163
3968	0.6763267873773583
3969	0.8527299138586129
3970	1.179143449839593
3971	1.070543933235055
3972	0.993053741703896
3973	0.8014442286101677
3974	0.9059639104138435
3975	1.0033804020719765
3976	0.778081369614305
3977	0.8473574875894146
3978	0.9707069379855795
3979	1.073346036242231
3980	0.9549467113231406
3981	0.758925055750412
3982	0.8640493746365543
3983	0.9741334615545046
3984	0.6669081191823163
3985	0.6972299064971502
3986	0.7445792785537109
3987	0.8000938844587796
3988	0.6906409768203465
3989	0.7812961085580888
3990	1.0797168142766533
3991	0.6909490266718074
3992	0.9862210120409609
3993	0.7874810190588232
3994	0.916751016328984
3995	0.821142453293422
3996	0.9984900816059585
3997	0.8270594978821835
3998	0.9175427111921843
3999	0.8805765159084692
4000	0.8036231268933346
4001	0.8425832965335034
4002	0.9578941280740539
