0	2.898016154284002
1	3.075378915163958
2	3.1699865614957212
3	4.089282145107938
4	4.173833381612881
5	4.022952421095431
6	4.010830824229345
7	3.657617635098833
8	4.046814346215116
9	3.9874077436199107
10	3.562799537694735
11	3.9968522051019812
12	3.359447663465451
13	2.740301223226463
14	3.391309201844935
15	2.985932333139406
16	3.112170494487591
17	2.7960684682729045
18	3.775949439301191
19	3.7473730732834714
20	4.101240209217067
21	3.808195419847732
22	4.16437861216549
23	3.6373066872686466
24	3.9190307217712523
25	3.7818312810095964
26	3.7058527500678666
27	3.940184443296038
28	2.8140533119917714
29	2.8144960996574513
30	3.8225747095769687
31	3.6661112637942512
32	3.7278967032264845
33	3.3113394927899455
34	3.627176251901751
35	3.734515395883235
36	3.862183211558846
37	3.708177034998386
38	3.8139944764180536
39	3.9101676833723733
40	3.6874405547514
41	3.707542966066349
42	4.002203178579242
43	3.559769362526086
44	3.608118545155154
45	3.3693268737334394
46	3.9139899848261424
47	3.718194885365781
48	3.673172499781764
49	3.9691806296070395
50	3.5703762106201467
51	3.890694839330909
52	3.766333753501192
53	3.7784629850512994
54	3.9309174344718674
55	3.3812877988855323
56	3.7258119226924755
57	3.754915222719684
58	3.9428036412506575
59	3.903539775834293
60	3.9391056277221796
61	3.561714356037053
62	3.542084001181056
63	3.7009136722262075
64	3.465725956140374
65	3.712477816503944
66	3.5854733329238657
67	3.768982286779985
68	3.2908804472081132
69	3.287097484483755
70	3.7667121155657664
71	3.6143202286997975
72	3.642301816019126
73	3.846193261394531
74	3.6513258733206904
75	3.9450321186723314
76	3.697068334072721
77	3.737093364063916
78	3.4499529260016675
79	3.430084472375837
80	3.8577978789047584
81	3.65143707969987
82	3.6054999511312182
83	3.755325737196265
84	3.686000057568781
85	3.820390492358814
86	3.6873685153611344
87	3.561546873284883
88	3.5352431911310362
89	3.876868025422607
90	3.457029848187422
91	4.058667217470989
92	3.851584118931207
93	3.6396996975824485
94	3.8452379614173644
95	3.9905229748975803
96	2.9768331131746173
97	3.3112268299655834
98	3.9588827247300533
99	3.904342237183255
100	3.6534450385532438
101	3.1618371516108605
102	3.7144932721601935
103	3.6158409752062095
104	3.784693031482572
105	4.056143861542887
106	4.005153581460274
107	3.98000042714091
108	3.726792352531162
109	3.8867832163122755
110	3.4592412506041366
111	3.880969127549372
112	4.0642442128698
113	3.8637144648488544
114	3.7031396449341845
115	3.620646563383876
116	3.5991785744219373
117	3.624472736152872
118	3.593723488558164
119	3.3562524497472253
120	4.012786390675693
121	3.8472189174494886
122	3.7926773536181098
123	3.9950021353748575
124	3.639641403046761
125	3.5572203483020286
126	3.313980823514236
127	3.9731998408538285
128	3.574749552862554
129	3.6553772463843184
130	4.099578788753009
131	3.520434691499767
132	3.846870959878961
133	3.7118537848383792
134	3.6223658155454053
135	3.5829031258537496
136	3.526551409532499
137	3.685608133821152
138	3.64597132043879
139	3.499441980036861
140	3.484909489594438
141	3.9548425978348787
142	3.7059521364098504
143	2.514285017359383
144	3.583663408638967
145	3.6588317358517046
146	3.559051459998206
147	3.9198553314946905
148	3.890121895831607
149	3.7196073923583284
150	2.763468592441887
151	3.3297717037638273
152	2.8853504769650957
153	2.756574172210345
154	3.6212667354909382
155	2.6538449473748527
156	3.6398206409128635
157	3.6268743970340243
158	4.020713644693232
159	3.7574723243843025
160	4.189920149914412
161	3.895112850364434
162	3.956406641810105
163	3.63117071309823
164	3.6611154974892526
165	3.7561250901143395
166	3.634633865945127
167	3.6915523425418573
168	3.5478663160051243
169	3.739799540795875
170	3.197643370795146
171	3.9013811784806895
172	3.8913332902539857
173	3.653015685596802
174	3.968206468436393
175	3.7347168814715586
176	3.684209702718454
177	3.727022448497571
178	3.2722647315553597
179	3.719920999473028
180	3.4118950327718522
181	3.811137360733627
182	3.705241713220114
183	3.9024088910033394
184	3.8550339797634217
185	3.8955556109552862
186	3.8400095787578996
187	3.936986965033136
188	3.804000342163331
189	3.8532398599145554
190	3.5193395646985883
191	3.8954096705832235
192	3.2811137471530776
193	3.7416363306107483
194	3.797120142992009
195	3.8225748517278593
196	3.873160303513516
197	3.837697842449021
198	3.9258189706850293
199	3.1842599821145026
200	3.8613758022629194
201	3.9194369729686893
202	3.9108565228780328
203	3.709653599044894
204	3.6515164857192626
205	3.45595719374435
206	3.599265852038332
207	3.3914948795469364
208	3.3616501418571443
209	3.0737050455201245
210	3.2347197817690096
211	3.124407569547247
212	3.4087935253908372
213	2.271681906246825
214	3.1174506221795975
215	3.20249120493361
216	3.2001086163912715
217	3.3088506682542547
218	3.101156807961294
219	3.3265264943216715
220	3.3648620455619374
221	3.5455222461814353
222	3.295338833238965
223	3.2686762866677626
224	3.647912469009312
225	3.676181602237564
226	3.291521662240586
227	3.6241023525096496
228	2.3201117892748497
229	2.9709936758587188
230	3.1103697420845617
231	3.740140720289601
232	4.083604349689903
233	3.9331422384273895
234	3.7208841307066627
235	3.899361513266248
236	3.718443076983071
237	3.447315811478778
238	3.7308288549458557
239	3.7163110411113283
240	3.810737764688273
241	3.358226543129572
242	3.731806198105904
243	3.520827498037865
244	3.3859220112911212
245	3.5857201523130473
246	3.4859698001168926
247	3.3889276736186518
248	3.889661832601442
249	4.009744979845211
250	3.3295778875983792
251	3.2487571149413688
252	3.5742420336679777
253	3.6012531245888697
254	3.557178138713043
255	3.716907869570311
256	3.4781716221188357
257	3.525846072362086
258	3.7759361496068786
259	3.496198792188606
260	3.6072579722104177
261	3.5650493651542936
262	3.64403747316375
263	3.6369404272036268
264	4.1466672875015025
265	3.4976281055600458
266	3.778817049479736
267	3.8916338021757166
268	3.761366836264263
269	3.672810939553324
270	3.445228789658969
271	3.740521118356687
272	3.50283726995078
273	3.597699753317775
274	3.4588915047245
275	3.419855001104953
276	3.5822213508443217
277	3.6039440452641167
278	2.9211618225897644
279	3.1445547450001747
280	2.6707764874038404
281	3.2571944689964862
282	3.2333490262902926
283	2.826705945103185
284	2.8251718209483365
285	3.3018872837421624
286	3.498266127147708
287	3.526559531777646
288	4.087964931644649
289	2.9076628467697097
290	3.451755770193273
291	3.4579549882297935
292	3.1616776305213237
293	3.350571688087383
294	3.924892772677819
295	3.8373919771062948
296	4.083588329098835
297	3.6952531609237815
298	4.003367185278466
299	3.8540624534503563
300	3.7703574556751316
301	3.6308388691754336
302	3.747054346372864
303	3.789321893384271
304	3.8233436701162513
305	4.0174223557529265
306	3.742948944468439
307	3.8907649016626937
308	3.5408021008431745
309	2.8783188708670018
310	2.9215677109494154
311	3.6995933594194454
312	3.612523359296186
313	3.1317794986918566
314	3.4959640051860337
315	3.31773729954668
316	3.4881737595630824
317	3.562709863656909
318	3.52417230708416
319	3.704611477001966
320	3.639349628046478
321	3.5041289557379596
322	3.4245933176480445
323	3.31207087800987
324	3.4305180828080326
325	3.500746921997444
326	3.2694692373153154
327	3.593198900798559
328	3.7506842224516292
329	3.6658979092989057
330	3.58162343769403
331	3.7697391328378482
332	3.665277006217361
333	3.3562681940055086
334	3.459844935815199
335	3.7572445158379675
336	3.484666954716191
337	3.8628461939491627
338	3.6848559164182575
339	3.6567266844295303
340	3.6505748469975368
341	3.4787143742093325
342	3.888390940074027
343	3.93138724038825
344	3.3677704225427476
345	3.570153972069047
346	3.2654641163941927
347	2.937474972005991
348	3.220704797370903
349	3.378869071713565
350	3.6092856807175457
351	3.2775386575676566
352	3.5559971747379895
353	3.445151072099575
354	2.9771537625841673
355	2.81987645430375
356	3.5209351043589936
357	2.7709771278267814
358	3.4358212540496265
359	3.3952579299085848
360	3.276464846718304
361	3.77194801772024
362	3.017722446912218
363	2.799024656317242
364	2.8727839744398276
365	3.2820936676411656
366	2.6846323000621357
367	2.4702926964606005
368	3.2536305332257207
369	3.042559881559589
370	2.125859207844933
371	3.027211199333199
372	3.18115434560243
373	2.5237414180792097
374	3.355959516664252
375	2.843680530164384
376	3.3825813708195622
377	3.230875058961539
378	3.736402835425668
379	2.3587520872361916
380	2.800928955312787
381	2.923160253840289
382	3.104542426224148
383	3.4343878666459307
384	3.5698471907381855
385	3.5469159956319545
386	3.18151045407711
387	2.692500922878404
388	2.9463496305316093
389	2.8583881881900206
390	2.9465647711344216
391	2.9190212931607404
392	2.708662369524698
393	2.919535649607097
394	3.101435065673396
395	3.3702521069724365
396	3.5024473828391094
397	3.118596705512152
398	3.6281304348110033
399	3.686884745282453
400	3.87979800139151
401	3.769714655758937
402	3.721047696317712
403	3.6601959621325246
404	3.9110914576548743
405	3.826924215950484
406	3.771504523847841
407	3.7544652241758265
408	3.9489510460949693
409	3.9444016461644957
410	3.752285975953856
411	4.084689446562482
412	3.632369560195686
413	3.6063573953814294
414	3.5868613675027348
415	4.02488135020501
416	3.948157832536629
417	3.7527369436375704
418	3.7761636029116725
419	3.6135663511533926
420	3.7350335579925247
421	4.049217258011819
422	4.089512390157646
423	3.91017177962769
424	4.057219141313887
425	3.832597962719411
426	4.005548476689494
427	3.94285464563559
428	3.8389072860602043
429	3.8574230979087285
430	3.979137017159317
431	3.9474757442139055
432	3.899319716710066
433	3.9912671025567565
434	3.619083856561995
435	3.681170394972519
436	3.6899161729486067
437	3.8535413656410187
438	3.793216460659696
439	4.051804965881624
440	4.099085457180186
441	3.725033257494053
442	4.053871245472134
443	3.748698612896232
444	3.6779728820458537
445	3.855394864471188
446	4.035512068709629
447	3.6758103879338684
448	3.7158575129070823
449	4.085120958441555
450	3.0217683591236675
451	4.070194017113103
452	4.032637517906286
453	3.7772478156780998
454	4.541537938392418
455	4.027879719035727
456	3.8652229130289157
457	3.8202619792470154
458	3.676400885184931
459	4.09266628910838
460	3.5169948973666765
461	3.707127682760214
462	3.6983846278239607
463	3.8275073432289557
464	3.962950851370243
465	3.689342782219089
466	4.128853587776019
467	4.00582233758859
468	3.334337019394937
469	3.820573459814966
470	3.654467640777659
471	3.4067196476833392
472	3.873908327650159
473	3.9740905616003386
474	4.010382692414394
475	3.8748022723385005
476	3.4180640032291674
477	3.3035547863348738
478	3.950650985610065
479	3.7450424033282275
480	3.97254485260586
481	3.400220218850711
482	4.022216763462403
483	3.746255949404139
484	4.150868462201071
485	3.7881085185741097
486	3.91583659643161
487	4.04013339187961
488	3.863712812326656
489	3.8914743487616343
490	3.9676911872549834
491	4.264316103286121
492	4.044244047068578
493	3.6158180178095494
494	3.624768567169814
495	3.733385366803135
496	4.018625032718091
497	3.5184170136899127
498	3.8367416487441734
499	4.076702935835013
500	4.1928628326226995
501	3.92976783716215
502	3.92814654818911
503	4.0399381122023685
504	3.9641729678098034
505	3.7066842262903306
506	3.2514080672182843
507	3.497615742383626
508	3.169692313497114
509	3.7497357664986497
510	3.3446881204547063
511	3.6334677441876586
512	3.6977599175691904
513	3.849254946275004
514	3.766139449597689
515	3.8469136295378394
516	3.6985771584120335
517	3.9298558292902923
518	4.065717767991858
519	3.9559151803089785
520	4.052777328148963
521	4.375901981803168
522	4.076826492742154
523	4.022799041543686
524	3.650912679565598
525	4.078376146666204
526	3.8587821311877915
527	3.6416990085650065
528	3.383248681807918
529	2.8521256103452495
530	2.6263815371395607
531	2.4481696142521705
532	2.551272055269055
533	2.5096708291378023
534	3.1310454360930633
535	3.9337288022169576
536	3.1764829651491717
537	3.171072341748418
538	3.7678390050131223
539	3.8155027991035197
540	2.678347040749484
541	2.8657715197471054
542	3.9391191388066247
543	3.6896426242962224
544	2.848851881088368
545	2.6729325152550736
546	3.146116297751371
547	2.5513596650386674
548	2.6756318631682494
549	2.9297600461106814
550	2.818375152938761
551	3.855162038599292
552	3.7962071474605374
553	3.983235313752239
554	3.7575023388983935
555	3.923225612322422
556	3.765226967459314
557	3.773903542502973
558	3.858394467485388
559	4.011713796962465
560	4.124067122377639
561	3.7956417265303215
562	3.6859146269230343
563	3.754325742715946
564	3.5261133229078347
565	3.8106647103043505
566	3.669531379754612
567	3.7916118683815476
568	3.6909120596952416
569	3.777715231546213
570	3.862027616961116
571	3.7764572889957817
572	3.0082316271911083
573	3.723620739150239
574	3.101645440477503
575	3.2508341151572853
576	3.400705554594278
577	2.598540343637667
578	2.9078720269245997
579	3.295004980605664
580	3.021459947739294
581	4.106101360108684
582	3.713433702585059
583	3.5063814864802216
584	3.228804874348137
585	4.1116915775053124
586	3.5378737706673435
587	3.874557550816262
588	3.8097508321466202
589	3.768294111943867
590	4.1027924112742
591	4.035054174664148
592	3.9946804512526266
593	4.069193159850266
594	4.323518488415672
595	3.9761245842496526
596	4.043801023652294
597	3.8901078052656537
598	3.894254415909129
599	3.959745168406804
600	4.0018113962708
601	3.7186581843573867
602	3.80215783996113
603	3.6612655924369824
604	3.7366428501209463
605	4.007092653939682
606	3.632457489152737
607	3.5029705199257064
608	4.079911105257456
609	3.79797702006014
610	3.7016649658533995
611	4.032106991066187
612	3.994262449149862
613	3.980835709968745
614	3.8782995498538417
615	3.8939391462466486
616	3.450693394724194
617	3.46670885455243
618	3.9707822394029515
619	3.3158200248185423
620	3.282808261625375
621	3.3325654695480273
622	2.9553142267620327
623	3.0037368180015034
624	2.524906227445077
625	2.1131801197783204
626	2.106240604895026
627	1.8362800865492925
628	2.603898147002589
629	4.143831866317436
630	3.0894711246933753
631	3.3444667096207303
632	3.1755468896897634
633	2.746595417245614
634	3.8557125354266453
635	3.597748185876717
636	3.8816478215240084
637	3.7424867040023138
638	3.7191628899967264
639	3.2615492755128246
640	3.4543229765947294
641	3.642480695627745
642	3.7314451164882545
643	3.9052917766571102
644	3.6010124392225182
645	3.8188774917765067
646	3.829742531401915
647	3.9855484588782493
648	3.1669875503638654
649	2.2672428684404355
650	2.998801249321814
651	1.8605760641162514
652	2.385613616194197
653	3.2751806832848325
654	3.71437413660037
655	2.5731188039256874
656	2.9956591564276427
657	3.424144372201
658	3.3252176788977525
659	2.9150585357216268
660	2.473190437330798
661	3.1950053397197165
662	3.337880610155582
663	2.854765847809431
664	2.9659441698460975
665	3.445364335815188
666	3.427212506313506
667	3.0045094305136537
668	3.5611028240294744
669	3.7316589542003267
670	3.863191635566934
671	3.3901195133622593
672	3.536949233401182
673	3.459643674743668
674	3.360031490352039
675	3.5646760964417954
676	3.122980343222111
677	3.8096742617369483
678	3.8131711277139684
679	3.531161756183147
680	3.5428058602443726
681	3.4068974694371152
682	3.805819350100803
683	4.091084955175788
684	3.811010587022521
685	3.602589743596453
686	3.9041002760000074
687	3.959411283290806
688	3.552296670373155
689	3.54392219224463
690	3.733576396051362
691	3.6935090721076076
692	3.6601195713946435
693	3.607448748838334
694	3.952098056664562
695	3.7704791349960938
696	3.5679054170799236
697	3.8944290109134543
698	3.7254972394587345
699	3.5607150238184606
700	3.450223556705432
701	3.8136809609678037
702	3.8157940852179615
703	4.12224187768128
704	3.5802888616840236
705	4.096189906856637
706	3.7801960325496626
707	3.963486668488249
708	3.9428611477407607
709	3.9440488484658744
710	3.762121569812675
711	3.5681556475544522
712	3.8201336715126057
713	3.7619051795275165
714	4.168593881467091
715	3.3809170222312055
716	3.9622058051637743
717	3.438472173234003
718	3.892048764645245
719	3.8735009973898613
720	3.6371275604931843
721	3.6534341915637496
722	3.6534278830625198
723	3.662200171057279
724	3.7351488587230244
725	3.751261889273056
726	3.7221123751639587
727	3.588183113666915
728	3.881102380195374
729	3.6668640786866136
730	3.7962045970891887
731	3.764759206387515
732	4.042322141682702
733	3.6947001196171385
734	3.803001978940854
735	4.200188453042089
736	3.9335878909484814
737	3.8186772406805862
738	3.6697479257704932
739	3.5901815164369797
740	3.8937857053606075
741	4.076201663921877
742	3.5421239641774314
743	3.6486672026613145
744	3.6565223766454658
745	3.4889522955566723
746	3.3611436164644433
747	3.7701649980821164
748	3.556846904682779
749	3.5309352145524895
750	3.7624146025556957
751	3.2363466181206975
752	3.575088375670222
753	3.716704181597935
754	3.569303384083127
755	3.4650004260696345
756	3.443351410215001
757	3.9609902615286594
758	3.946142422210857
759	3.637738874288668
760	3.957552166861137
761	4.145677435240355
762	3.9556178324636115
763	3.7021358354028298
764	3.912123959839241
765	4.017665002348109
766	3.714723246328977
767	3.590258076667758
768	4.120891050196794
769	3.5364498432776927
770	3.9376548339904094
771	4.028233176557889
772	3.7763028161667114
773	4.013058302509981
774	3.8071430212336574
775	4.058952449859566
776	3.847570043941951
777	3.9062756869544386
778	4.006068187213406
779	3.871297725919521
780	3.500980512934716
781	3.899388830284954
782	4.022127692332353
783	3.664195098139812
784	3.9542985056123134
785	3.7406054930823536
786	3.6860015308119545
787	3.353708788717094
788	3.562573073587119
789	4.040685981585177
790	3.6732249831300225
791	3.7549723035825116
792	4.045131568432199
793	3.752667004967604
794	3.5963236912670435
795	3.5976122725185946
796	3.537522156693655
797	3.9607422840542803
798	3.5045014001690284
799	3.4593867762590236
800	3.789045185795688
801	3.498179778202525
802	3.914201219471431
803	3.696446045788597
804	3.7243245627771864
805	3.4765490745304226
806	3.7833362702486077
807	3.6994105906426746
808	3.7525768084539806
809	3.8831991208307555
810	3.7002176284406794
811	3.9007357993529843
812	3.864842046665469
813	3.9063017954178587
814	3.4726809074032263
815	3.6504277015576325
816	3.702152022689624
817	3.8620796326003597
818	3.8680689699952
819	4.019939050376916
820	3.8153849460768887
821	3.9107549726799555
822	3.6801982351439375
823	3.8595125194099875
824	3.742602403315076
825	3.7366831860795062
826	3.88510709357901
827	3.9533584241565265
828	3.669462517389166
829	4.078302581260835
830	3.667848836768714
831	3.833744887112277
832	3.956513241291306
833	3.541479308376484
834	3.7168964540016542
835	3.8380923387298025
836	3.748138060841519
837	3.788187148268941
838	3.9203275344624764
839	3.6411084782629457
840	3.770083715460097
841	3.613572768276586
842	3.65155171595013
843	3.3195476670293904
844	3.7883615060982847
845	3.9113573831896438
846	3.646644004744749
847	3.5421290252481334
848	3.613377506503758
849	4.01908980953135
850	3.6126129039696955
851	3.938932986344574
852	3.4415905844879227
853	3.834421805503143
854	3.6249040900796365
855	3.281253769129036
856	3.867184135942485
857	3.7073315994687834
858	3.6396772226973564
859	3.3908900147478542
860	3.7606700540738363
861	3.156557398375953
862	3.5170491484245656
863	3.4892161432154074
864	3.4108571840916735
865	3.078331879596193
866	3.8433136615834007
867	3.7579509299744926
868	3.675422084733399
869	3.665529812552685
870	3.8976601405074773
871	3.7141962943682363
872	3.507956491835858
873	3.11423963048526
874	3.434078458914026
875	3.689733725550446
876	3.585051788307391
877	3.9251927844902523
878	3.7320413533894765
879	3.6028894352414778
880	3.529574772144558
881	3.671917785271759
882	3.7602188691285567
883	3.6604092628994214
884	3.689372159464236
885	3.5358063851188106
886	3.3635423235453086
887	3.6799459563218035
888	3.580496040567195
889	3.7139777125786413
890	3.5342371954645255
891	3.674658661409971
892	3.4289234590272764
893	3.7618908467965215
894	3.4735764719639546
895	3.3215265768544255
896	3.415784742250022
897	3.5645382565563875
898	3.4048482851518993
899	3.6266680817918258
900	3.5190518888698072
901	3.8643107106677803
902	3.404537813982237
903	3.422352742836444
904	3.360375425482043
905	3.6163312071766027
906	3.5370278906188775
907	3.3774197427053037
908	3.7265642914169117
909	3.699246951865909
910	3.624497172254282
911	3.644105318142763
912	3.5251307231414843
913	3.803480520673203
914	3.7676011602283115
915	3.5626509711789813
916	3.7535307586035356
917	3.1580772946433404
918	3.6410501110934397
919	3.5772999848683282
920	3.6851227634352752
921	3.584981529704857
922	3.503789355191225
923	3.3227575861969507
924	3.5171852370634493
925	3.4665612886964863
926	3.6244662062215203
927	3.773028747291508
928	3.7734865497094905
929	3.67866294329007
930	3.827571168854348
931	3.4197696620487785
932	3.483749305640976
933	3.4148500243474342
934	3.7482746682950685
935	3.5522756970380995
936	3.526845348905457
937	3.7019255356491136
938	3.519574848238756
939	3.296442183231891
940	3.595310445601639
941	3.3960804646439366
942	3.398431631980957
943	3.4049218605809624
944	3.7428742737770326
945	3.5969263883574936
946	3.60729457388285
947	3.4558966293031324
948	3.654629690477755
949	3.1009756706835976
950	3.412124280794451
951	3.7872804609771533
952	3.640927104315623
953	4.0363718937238104
954	3.9598919117148643
955	3.806952631990068
956	3.4823071804236037
957	3.728250786356914
958	3.64239209487556
959	3.5226850976636026
960	3.491666367184293
961	3.647123246006349
962	3.8278421130014055
963	3.664630432412631
964	3.739282565381273
965	3.799331389598546
966	3.0744214876469274
967	3.138835792498905
968	3.723115439280119
969	3.88028986327738
970	3.8127293012544943
971	3.5576827085723397
972	3.2253984554891297
973	3.568728643734641
974	3.5456015630204445
975	3.8454988317527006
976	3.8560930815486163
977	3.540012015878693
978	3.507673546478286
979	3.4335593104833597
980	3.493455679304305
981	3.4989884986604713
982	3.390401568669707
983	3.6987498318161545
984	3.854786722076441
985	3.604164805279566
986	3.404333389401227
987	3.6735011523008994
988	3.0816964201509762
989	2.697569902920212
990	3.121166992508816
991	3.105472147277004
992	2.5701022284909727
993	2.688468613995408
994	2.8996477715541813
995	2.8182938803842346
996	2.665616722683245
997	2.185068354767362
998	2.5477969479523623
999	2.2422504299031587
1000	2.9774330941416998
1001	2.5600287921539397
1002	3.1607562012791632
1003	3.0448926429253045
1004	2.829983202271027
1005	2.8132890655156007
1006	2.4048865612344525
1007	2.625036029905899
1008	2.399067519985244
1009	2.6260664910154587
1010	2.925697943461827
1011	2.949231421582723
1012	2.773082318313757
1013	2.8723438782963124
1014	2.6069454363383873
1015	2.940470211894985
1016	2.6130283657826756
1017	2.6726932542902553
1018	3.0311841557907084
1019	2.9693938387819254
1020	2.350986071524673
1021	2.388787100367373
1022	2.673460410110383
1023	3.066650059110122
1024	2.7650687714084667
1025	2.9332007195020813
1026	2.1035617989846807
1027	1.8088977684122622
1028	1.949060584088757
1029	2.5849929750412
1030	2.6491270787800865
1031	3.0072569816884904
1032	3.166399815912941
1033	2.5016962475776428
1034	3.0319096581395732
1035	3.659205307171401
1036	3.462815424479927
1037	3.3659981730526596
1038	3.265457096965603
1039	3.3002759407256623
1040	3.64441971569038
1041	3.3970225620294405
1042	3.3429324938332985
1043	3.4589716869366933
1044	3.208165865346064
1045	3.505108592285413
1046	2.667249337101594
1047	3.2828086247079518
1048	3.6336265867817437
1049	3.3789500185090313
1050	3.6725941365291974
1051	3.8803102314986253
1052	3.7701159057217515
1053	3.510093693322347
1054	3.7087410907110443
1055	3.7472796217810003
1056	3.822695332440154
1057	3.7981778106679513
1058	3.5274197979194732
1059	3.4603444506314758
1060	3.334668310763883
1061	3.8208393917853334
1062	3.378978337925636
1063	3.5724762187285126
1064	3.3615441002236004
1065	3.6717989760690224
1066	3.0906926136319237
1067	3.537619177487307
1068	3.497546296216044
1069	3.398325804329426
1070	3.5944289182661895
1071	3.4145412604890515
1072	3.416266529803967
1073	3.33861577433082
1074	2.343939682007046
1075	2.242944551799014
1076	2.4789752241337166
1077	3.342607981912502
1078	3.5398804935903834
1079	3.325647151549211
1080	3.6900172922745167
1081	3.140447335529041
1082	2.8904386891462885
1083	2.9962693602200545
1084	3.5975812427284546
1085	3.1969011248250268
1086	3.428564755386244
1087	3.435690663549238
1088	3.2914630465153474
1089	3.4960557759604307
1090	3.665550050514272
1091	3.2145398540408827
1092	3.0111551264582546
1093	3.263718323899704
1094	3.414560353208144
1095	2.595901104851751
1096	2.4071796158458634
1097	2.9419063042662246
1098	2.9021429973569526
1099	2.5786608444755403
1100	2.699220044383246
1101	3.027914754941201
1102	2.482239843310965
1103	2.813338043765385
1104	2.5089665315657905
1105	2.573012572887464
1106	2.5812087417650753
1107	2.64827708452997
1108	2.35461465651682
1109	3.157752899482405
1110	3.7146727843387377
1111	2.7461326601647995
1112	2.9872651318496586
1113	2.668270703671851
1114	2.156734478490687
1115	2.7566388250918687
1116	2.7963669306970185
1117	2.9299300562365604
1118	2.885194733081984
1119	2.6608506130856626
1120	2.801266137636278
1121	2.4372564242981736
1122	1.4492394361559457
1123	2.720426944564171
1124	2.7002592816308133
1125	3.1898038654310885
1126	2.7158878942591684
1127	2.9015985838428713
1128	3.1355250368385725
1129	2.397510775964373
1130	2.7813945737715615
1131	2.789127795334622
1132	2.5879006924567878
1133	2.1121113228435493
1134	2.713631600046455
1135	2.637527544422169
1136	2.747276081298867
1137	2.8004356898162164
1138	3.9993635663293996
1139	3.6421602398524344
1140	3.631450986421424
1141	3.8797895412830963
1142	3.5673378152241595
1143	3.705739643728924
1144	3.9122269121171547
1145	3.259168414754982
1146	3.3312226884441145
1147	3.245032568714116
1148	3.6039775553401014
1149	3.766495596973956
1150	3.625656360205392
1151	3.5949466599205295
1152	3.5616422932423673
1153	3.5875489639540854
1154	3.4389138409990334
1155	3.6402999891082395
1156	3.878467166524714
1157	3.6790095717971134
1158	3.430232525831936
1159	3.4491838186383794
1160	3.966799053031013
1161	3.72701721857926
1162	3.9021976358334967
1163	4.111209040533487
1164	3.67973148804571
1165	4.0573712579263965
1166	3.7570171465782414
1167	3.8411601281635788
1168	4.04837262560011
1169	3.844077986816278
1170	3.853116748939968
1171	4.065205485206215
1172	3.528392275866589
1173	3.879894769759795
1174	3.443363341541736
1175	3.669999771000919
1176	3.7828036718204325
1177	3.4102635799187597
1178	3.7432254048685087
1179	4.081351476282988
1180	3.876207602311426
1181	3.515464946337206
1182	3.9326192440015992
1183	3.865264239679169
1184	3.746434541451794
1185	3.9599266805252213
1186	4.031212576150954
1187	3.8499785701004368
1188	3.8138557326354654
1189	3.6651855892497935
1190	3.9721292335698726
1191	3.592731524839439
1192	3.5735663254498804
1193	3.904673834403727
1194	3.960046501621299
1195	3.805948512709804
1196	4.170687321670244
1197	3.8126069594591234
1198	3.903319950881963
1199	3.831214000549574
1200	3.7856071808623195
1201	3.3879141122432044
1202	3.4932087527604168
1203	3.169031240399492
1204	3.2340956682603528
1205	3.424894531361656
1206	3.719600394039719
1207	4.005535416597112
1208	3.6094453780222984
1209	3.683969958582636
1210	3.5957079632095454
1211	3.937235160067202
1212	3.7695266306346724
1213	3.899773542197824
1214	3.7374739939863693
1215	3.728158913472538
1216	3.8823145569645634
1217	4.054488188603182
1218	3.8416122029257456
1219	3.634254572374089
1220	3.083939047392832
1221	3.5410512369690545
1222	3.411141097998939
1223	3.6033932321493025
1224	3.522943554415111
1225	3.4733564265487673
1226	3.6353937849556437
1227	3.721042459263847
1228	3.7584993087961
1229	3.4740058003070065
1230	3.4585099850934062
1231	3.8576871323301574
1232	3.7917275717897194
1233	3.796577094329027
1234	3.2825490338600507
1235	2.638326076379764
1236	3.619887828159981
1237	3.445857258705286
1238	3.6056254413800746
1239	3.439108815320392
1240	3.522952623229552
1241	3.562213229534814
1242	3.5238476668069465
1243	2.953535054803679
1244	3.0402531862804247
1245	2.685623893305989
1246	2.033713326162346
1247	2.4862166010192035
1248	1.6066920935564124
1249	1.798585027531633
1250	1.5779520718482944
1251	2.858653864771073
1252	2.9638264402670487
1253	2.8400572110080065
1254	2.5034276255022796
1255	3.4565634682481963
1256	3.632637769795524
1257	3.480861750737186
1258	3.9438561069492604
1259	3.6467161841136138
1260	3.6700901948009506
1261	3.9090884676139144
1262	3.575689802035621
1263	3.678352418537971
1264	3.549318492357821
1265	2.390042549733756
1266	3.83107131449471
1267	3.6619959721779303
1268	3.8183613685119306
1269	3.353044127380383
1270	3.6701789844423427
1271	3.6775453403896234
1272	3.6542988185855005
1273	3.5938001436064457
1274	3.663481755343318
1275	3.3102137234859517
1276	3.336804246615885
1277	3.64721953290051
1278	3.5429620570271076
1279	3.51924018929635
1280	3.699941328125641
1281	3.351590817412152
1282	3.417706979399006
1283	2.6429047464516007
1284	2.461346601555846
1285	2.333695413449112
1286	2.6604106312112865
1287	2.7121807071933666
1288	2.4349834045570775
1289	3.022437524850686
1290	2.3737256499674686
1291	2.841813348394042
1292	2.511887711384078
1293	2.690541393999453
1294	2.5089107015616268
1295	2.908553626788137
1296	3.042697404274347
1297	2.7387263204678134
1298	2.4409996950326116
1299	2.6078049639765313
1300	2.3753552815553403
1301	2.9555458938970864
1302	2.7567481915304497
1303	2.789739253271298
1304	3.175179689836602
1305	2.6094744799225933
1306	2.941352366625009
1307	3.2990460429484822
1308	3.410308288331797
1309	2.5848043246375894
1310	2.9504991969561476
1311	3.2134589444650494
1312	2.6674229334390738
1313	2.8997821580065115
1314	2.629579061624352
1315	2.9858196903907026
1316	3.7342122395727553
1317	2.8049476318929845
1318	2.4778612774222313
1319	3.2978233885344768
1320	3.255940195298998
1321	2.6763331253014706
1322	3.0466220582438046
1323	2.8186294713225832
1324	3.165284383695212
1325	2.7581389191638794
1326	2.8287647598089602
1327	2.863408235921982
1328	2.737380693932308
1329	3.204711444822651
1330	2.9397823900088866
1331	2.901820910223078
1332	2.6678137665500063
1333	2.7287316537012587
1334	2.941621527641037
1335	2.7276868493001554
1336	2.766398204785706
1337	2.4171040822755807
1338	2.284135397077348
1339	2.8233855449996694
1340	2.8743072046171814
1341	2.465240884912665
1342	2.7633349942641243
1343	2.7762692259328268
1344	2.815858644850304
1345	3.521378878957948
1346	3.382624362309652
1347	3.0903233155163106
1348	3.289133564825914
1349	3.3976443183614653
1350	3.3891525006359586
1351	3.61751848513146
1352	3.547415807951552
1353	3.3237272658962507
1354	3.5833999234531926
1355	3.4704782847204734
1356	3.203050352016072
1357	3.2196300263126747
1358	3.265566803687403
1359	3.0904697644658814
1360	3.3243315907635442
1361	3.867589426655333
1362	3.4529929552763217
1363	3.4340918798743103
1364	3.7663066406192818
1365	3.936090654836582
1366	3.4731052769488633
1367	3.7569207553025445
1368	3.510123829993983
1369	3.602842990966059
1370	3.608887846967575
1371	3.8384873431341346
1372	3.8124305618168117
1373	3.3010877779597205
1374	3.4150895941657122
1375	3.487669741107395
1376	3.5713885396068874
1377	3.4296237653661485
1378	3.7935441900467666
1379	3.269520234619905
1380	3.140241740362427
1381	3.3826297249918493
1382	3.193625330770832
1383	3.46001712411598
1384	3.59377861004984
1385	3.7614050551905045
1386	3.311506462592985
1387	3.3052215634021387
1388	3.221151907395335
1389	3.334393792572065
1390	2.52240101545241
1391	2.5692567354875906
1392	3.188274671854964
1393	3.5481795030651337
1394	3.5114751058865106
1395	3.377468054889337
1396	3.430163066871904
1397	3.441370672917901
1398	3.514382930562323
1399	3.6423398450740962
1400	3.6794853496319293
1401	3.532200236044329
1402	3.654725156783925
1403	3.6995472229648496
1404	4.029543829263799
1405	4.031394701640605
1406	3.629612374133537
1407	3.3316034386266256
1408	3.5401047603796307
1409	3.5531948491360557
1410	3.8119177421971906
1411	3.593397077531696
1412	3.648960635254746
1413	3.7045124868538464
1414	3.8592947875024577
1415	3.752056029189611
1416	3.9605396404964335
1417	3.932025523784026
1418	3.759403040616876
1419	3.510385861883013
1420	3.692959701251248
1421	3.6119876284992163
1422	3.470494374684035
1423	3.503967691711638
1424	3.496397976311457
1425	3.6795610345458822
1426	3.5091483229103213
1427	3.57156819615661
1428	3.5885780495536865
1429	3.876017852101193
1430	3.587016787393683
1431	3.4965575834531895
1432	3.2557679847129415
1433	3.6683608037621966
1434	3.364791915751767
1435	4.041097592929792
1436	3.5296779538648018
1437	3.6541329109371836
1438	3.8025642380553815
1439	3.800799013137717
1440	3.830984702281822
1441	3.7566758373063185
1442	3.6307891160070582
1443	4.032021132015136
1444	3.8706910090123814
1445	3.466302986962887
1446	3.4652762112288626
1447	3.780004216133769
1448	3.671439830819545
1449	3.65800831290055
1450	3.506178282129642
1451	3.6784982506124657
1452	3.7486708567501874
1453	3.79059602145599
1454	3.5979407795014193
1455	3.835165574589875
1456	3.4728428268731584
1457	3.7430400750132495
1458	3.852607930228591
1459	3.7439191048891116
1460	3.603115766707956
1461	3.804249964143129
1462	3.534174562784605
1463	3.6205064182366438
1464	3.319558946951104
1465	3.7467550142885684
1466	3.7296820242987296
1467	3.84957847267945
1468	3.5631237224143177
1469	3.1401072307017106
1470	3.4959872813050032
1471	3.7512906096158205
1472	3.6586273806930283
1473	3.317182090918494
1474	3.911386898803064
1475	3.7737702309640886
1476	3.5340266029140524
1477	3.8333104886413087
1478	3.949584609070675
1479	3.662999235020846
1480	3.4502617967134177
1481	3.60713591880777
1482	4.085713228453373
1483	3.8375544956677476
1484	3.517723036026356
1485	3.6749315633269477
1486	3.5601805694418154
1487	3.684227102846474
1488	3.6338256353736047
1489	3.4712884891707603
1490	2.568293774728936
1491	2.595408182325687
1492	2.781876495033418
1493	2.683522276384356
1494	2.9047026237197024
1495	3.064577894907231
1496	2.978259625006821
1497	3.537048506309845
1498	2.8272423788052503
1499	2.600188697744744
1500	2.670226579842934
1501	2.624263014409813
1502	2.4142299394397937
1503	3.5175104527726013
1504	3.6729426074661293
1505	3.6412627614770807
1506	3.7681033926674066
1507	3.6990850428377504
1508	3.439372137744936
1509	3.5689349983749223
1510	3.6880489838973345
1511	3.525759610504605
1512	3.53244424640895
1513	3.625725196311897
1514	3.547941325054213
1515	3.7700338391641797
1516	3.7262933109659073
1517	3.47440380795324
1518	3.463819080590496
1519	3.787762573229402
1520	3.816143411233132
1521	3.250816309064185
1522	3.7022063424777762
1523	3.5308760524176823
1524	3.48713281376537
1525	3.3459502775845764
1526	2.9705761496087604
1527	3.4029032817761165
1528	3.2771030538315338
1529	3.538249610890345
1530	3.555919030320188
1531	3.009674437825429
1532	3.88840116538124
1533	2.917422824714097
1534	3.0268981773539214
1535	2.824423402503831
1536	3.6780346056448128
1537	2.9046690260883588
1538	2.406019750721786
1539	2.058524544758685
1540	2.011630087573531
1541	2.230004282370378
1542	2.3547968892064968
1543	2.3445922558553813
1544	2.5818219116421943
1545	2.5523875165715575
1546	2.4548507816393434
1547	3.2192060122410693
1548	3.371213245774877
1549	3.6770951547304587
1550	3.7977497521504895
1551	3.787321899558315
1552	3.660829251504674
1553	3.669369224734432
1554	3.8901021799744577
1555	3.653360241086301
1556	3.610161279484641
1557	2.984585712266741
1558	3.7043526644727582
1559	4.107248133355245
1560	3.8932881901778815
1561	3.6381730840421693
1562	3.5888535797060155
1563	3.7531622901527673
1564	3.463028738658082
1565	3.4219137519521525
1566	3.5891486824763112
1567	3.6970946878851336
1568	3.6329863868682977
1569	3.9904035359086487
1570	3.8899214681935037
1571	3.8123481501700045
1572	3.7485887835680396
1573	3.9221994173562624
1574	3.5935834222753553
1575	3.7373984034583105
1576	3.531315954419121
1577	3.5602366876947347
1578	3.3865553369093457
1579	3.436398489889545
1580	3.1972877967638618
1581	3.822552500571392
1582	3.314005976734554
1583	2.989781466153438
1584	3.4438076497440324
1585	3.865477858498133
1586	3.478472364984485
1587	3.703108405831681
1588	2.906933247177742
1589	3.7226532050008325
1590	3.5055690424807397
1591	3.6510546352132764
1592	3.9194629450791147
1593	3.494433697173027
1594	2.709443702639674
1595	3.655218060369967
1596	3.778817881130879
1597	2.5333885080268437
1598	3.3901354364936105
1599	3.683275878191085
1600	3.7191598048287284
1601	3.658276052346643
1602	3.602741123126595
1603	3.7741766182304124
1604	3.844053985835643
1605	3.778255635241771
1606	3.604774731354252
1607	3.7376677807856646
1608	4.068087892181903
1609	3.332943135533722
1610	3.571731372277821
1611	3.763738980630111
1612	3.794414376675062
1613	3.6625860113880258
1614	3.5188752100722955
1615	3.551697264899488
1616	3.822696521049739
1617	3.8559389574883696
1618	3.4860531625387994
1619	3.6306908798692277
1620	3.682920211729886
1621	3.706384247879669
1622	3.834722191714257
1623	3.622819196913999
1624	3.758172138111629
1625	3.703341330392049
1626	3.61513374556104
1627	3.8135366374211097
1628	3.2710677441842617
1629	3.683585865354689
1630	3.4836901599539694
1631	3.5463464341818995
1632	3.1693436108282556
1633	3.5358283746051344
1634	3.7650828546347777
1635	3.935096773981448
1636	3.684415588126072
1637	3.8880605879726318
1638	3.829503912386386
1639	3.780814892193219
1640	3.902854463427473
1641	3.7982777853204133
1642	3.811600065542879
1643	3.4105942277420733
1644	3.5288360643164056
1645	3.69711643011199
1646	3.841365570466124
1647	3.6095015665692975
1648	3.8332589429071167
1649	3.714875820673617
1650	3.6518573668627514
1651	3.536288754358332
1652	3.6739873668762475
1653	3.886647191561855
1654	4.074434513890435
1655	3.639779121637022
1656	3.507329980859561
1657	3.858434240910612
1658	3.690539046848323
1659	4.030303130049908
1660	3.807146791786664
1661	3.659533592112043
1662	3.7744644149216806
1663	3.848718731970935
1664	3.647924973652481
1665	3.7556069553082527
1666	3.679333642679191
1667	3.968646914431182
1668	3.799715702155493
1669	4.122653599648757
1670	3.672096746683989
1671	3.666943629796916
1672	3.7606903467140005
1673	3.995358141453726
1674	3.5532670151455066
1675	3.6644327175402585
1676	3.73905367282737
1677	3.8286876960518073
1678	3.534262010377364
1679	3.8918963365621195
1680	4.000340111000987
1681	3.821482583007957
1682	3.8893558580073697
1683	3.8805094919051264
1684	3.898140922984034
1685	3.797180643048722
1686	3.559525347487701
1687	3.7664992550841
1688	3.5677173230752777
1689	3.6070670187573053
1690	3.8504751469312386
1691	3.8787299125132817
1692	3.5702783299746574
1693	3.689595564524123
1694	3.7522122179124007
1695	3.7449878008131177
1696	3.638894026384634
1697	3.9525397904751847
1698	3.8833584040937037
1699	4.083288825687295
1700	4.223245620603096
1701	3.9064807604298855
1702	3.784767087713934
1703	4.012171498021976
1704	4.154947920783418
1705	3.7753556221179227
1706	3.67510215832633
1707	3.6833113393201313
1708	3.3137815776863944
1709	3.8892891001617795
1710	3.851413090558985
1711	3.360809719449681
1712	3.5866756953231826
1713	2.989682575490022
1714	2.921316307999995
1715	2.793762703983831
1716	2.7468529317838306
1717	3.0295928668123504
1718	3.2917007322205807
1719	2.7769174943576314
1720	2.0442011702159357
1721	3.145192398242696
1722	2.728674592272386
1723	2.88675949709604
1724	3.79350689149524
1725	3.856467233964362
1726	2.6814205038031345
1727	2.924565821558339
1728	2.6793137349559952
1729	2.491589767891193
1730	3.2102620338051113
1731	3.0500723360736086
1732	2.790309149384651
1733	2.523618542662502
1734	2.9035041848871597
1735	2.734335846798066
1736	2.3780407954869456
1737	2.5301102094997083
1738	2.595301677542198
1739	2.8758073077261987
1740	3.2224093433618823
1741	3.51132062311432
1742	2.774333000573317
1743	3.6858830021841897
1744	3.722065100906812
1745	3.632881323418574
1746	2.7359689931269484
1747	3.4073277637028205
1748	3.8964553956818455
1749	3.764096728884693
1750	3.7396440035568856
1751	3.803633896035702
1752	4.0574401194661425
1753	3.797564925157029
1754	3.7942900728463584
1755	3.894103554137956
1756	3.798791105183842
1757	3.914703629763762
1758	3.790676941846511
1759	3.190889466718161
1760	3.5725320618927205
1761	3.64140609709248
1762	3.8921230011276378
1763	3.7296859106635987
1764	3.956413076892553
1765	3.853155607715148
1766	3.6687727431549835
1767	3.59717626496859
1768	3.7472472213319965
1769	3.817891641752433
1770	3.932262666993401
1771	3.68353486094216
1772	4.064701483028676
1773	3.571573006743197
1774	3.9836460031691967
1775	3.3607009007689372
1776	3.8358709985345416
1777	4.039051112650827
1778	3.893593036748935
1779	3.878016793793081
1780	3.9663680074261785
1781	3.602556892455001
1782	3.7963506483977225
1783	3.7508129426521832
1784	3.912683708972213
1785	3.7116580560856995
1786	3.8337327225426105
1787	3.461776727944885
1788	3.985466080423021
1789	3.4595554589545117
1790	3.896845604223366
1791	3.689129229966431
1792	4.200248218721439
1793	3.8646461974528554
1794	3.738124948816573
1795	3.840376842881134
1796	3.7249846426776165
1797	3.8316492167323197
1798	4.0662092027884125
1799	3.8565706678147675
1800	4.100958019716389
1801	3.9432898057139716
1802	3.6242834478377777
1803	3.849595240691319
1804	3.8329049903640797
1805	3.975427222568146
1806	3.9960233714972246
1807	3.7851670645944546
1808	4.041738326269959
1809	3.885877731447577
1810	3.840592951156643
1811	3.8434547911559216
1812	4.120426608493393
1813	4.008058933136441
1814	3.964070496359483
1815	3.8835739049315032
1816	3.925621268983759
1817	3.681066923646656
1818	3.8912645699641994
1819	4.033529572957504
1820	3.9336411397140685
1821	3.895610457520285
1822	3.735116417542356
1823	3.8157639217699852
1824	3.8084560740484235
1825	3.9042212511727894
1826	3.77292350078149
1827	3.856036880340995
1828	3.8743110218699353
1829	3.72172334655281
1830	3.6201699067949433
1831	3.6107691645103657
1832	3.7798342461596266
1833	3.8937056762164426
1834	3.8009062299920995
1835	3.8960439162938716
1836	4.159652195754551
1837	3.8867993322753467
1838	3.8873224161364544
1839	3.6820625406550596
1840	3.8803913381058144
1841	3.8152616879320442
1842	4.153090630691125
1843	4.155084876143284
1844	3.9613658591247485
1845	3.8484580045744434
1846	2.6504657212642946
1847	3.5940174889741017
1848	3.4655815603311755
1849	4.004989966841968
1850	3.786044019909063
1851	3.828934614001932
1852	3.5661041825063253
1853	3.8838066705503596
1854	3.5343536357228555
1855	3.866578407607323
1856	4.094832771554708
1857	3.9201549141044274
1858	3.7584222002353203
1859	3.6964199282631323
1860	3.5849469664034643
1861	2.0572043111022325
1862	3.848547984526475
1863	3.318943297727787
1864	3.688491189781303
1865	3.7681302756598014
1866	3.489159318321381
1867	3.8169609618944373
1868	3.767840829408996
1869	3.663278017626712
1870	3.946247615749046
1871	4.117014099859846
1872	3.7087172134977386
1873	3.6098489119570116
1874	3.4898580735536733
1875	3.7636030740703124
1876	3.8273073976443563
1877	3.6802676000479906
1878	3.831460870880216
1879	3.63948253058083
1880	3.7999832717704796
1881	3.7211292486519074
1882	3.7592603115359764
1883	3.666186606014516
1884	3.508674740920232
1885	3.654060808324716
1886	3.8075083501825153
1887	3.6285507291600196
1888	3.842433351595151
1889	3.572886303648499
1890	3.752401843508634
1891	3.602707811938256
1892	4.061979676299901
1893	3.995168174699705
1894	3.884942179406948
1895	3.5403253916096817
1896	3.90078984482804
1897	4.026591716555593
1898	3.8336764134494308
1899	3.732054945207608
1900	3.5733458096329573
1901	3.5918400704775992
1902	3.8589774217827117
1903	3.8282863507009655
1904	3.907987630054879
1905	3.7360412426329788
1906	4.05794951202441
1907	3.985414696903147
1908	3.778988450530454
1909	3.7309292018719207
1910	2.9534623851486717
1911	3.0834741998202477
1912	2.2613237596456623
1913	2.0688803823768804
1914	3.1082664702409013
1915	3.3683268003879796
1916	1.7284266644678823
1917	3.4971951581958622
1918	3.5626435361209996
1919	3.6841692531147907
1920	3.466386960410712
1921	2.324913523275849
1922	2.5504268857457695
1923	2.2623766983110882
1924	2.4055466648250317
1925	3.284980468219658
1926	2.1694880926682445
1927	2.5981837125751843
1928	1.8688157707449922
1929	2.3195975938366886
1930	3.8399829601348014
1931	2.757903499047817
1932	4.130145624658698
1933	3.9507903766636177
1934	4.172676009109743
1935	3.9875189635559685
1936	4.177278536409331
1937	3.9463094555123335
1938	4.02353500685422
1939	3.6738469783162704
1940	3.63067925876146
1941	3.9823924562323074
1942	3.9705938154244875
1943	4.088845854643345
1944	4.024845065543851
1945	3.9614444860581903
1946	3.581093906677356
1947	3.7104451281248654
1948	3.983223421287195
1949	3.4853399668714
1950	3.792157544912119
1951	3.9534418258129014
1952	3.7677366073118264
1953	3.7300303731433684
1954	3.9184386903286383
1955	3.98685239036376
1956	3.734066943363637
1957	3.796493263250412
1958	3.964904246269828
1959	3.8167081561376803
1960	4.138692988032089
1961	3.992436685366191
1962	3.804389945839836
1963	4.014709911550178
1964	4.21119662566079
1965	4.115382215307174
1966	3.909429144965565
1967	4.037798455594268
1968	3.8848737844404164
1969	3.843779644923099
1970	3.7650414583568317
1971	3.7047977207515443
1972	3.4661593165411517
1973	3.8524520142167202
1974	3.995852477416962
1975	4.18828322627853
1976	3.9884901447500267
1977	4.198731627224197
1978	3.8768618918974247
1979	4.05973699011304
1980	4.055140915934303
1981	4.10082458528608
1982	3.134366844006405
1983	3.6163406098011963
1984	4.166896292757223
1985	4.093598800315029
1986	4.045214077205612
1987	4.026460030373709
1988	3.95166177203436
1989	3.809773485909572
1990	3.976457758551039
1991	3.956555634454201
1992	3.850061085177011
1993	3.890304052378483
1994	3.65611306011566
1995	3.7047487318127628
1996	3.9955132276531775
1997	3.980564228853925
1998	3.786097257863754
1999	3.9142111765806105
2000	3.7775323913979655
2001	3.4678032906886447
2002	4.0293669994268875
2003	3.6099649484293153
2004	2.5255077279969362
2005	2.124559894758483
2006	3.569173626281423
2007	3.97169270771175
2008	4.0091180605987295
2009	4.129997288036936
2010	3.838087807467023
2011	3.8582077405041213
2012	3.918393232592439
2013	3.6979122738181514
2014	4.189127521255063
2015	4.031684645659657
2016	3.9702640889327414
2017	4.003249354457963
2018	3.9484301709942953
2019	4.062656670893056
2020	4.056149374114016
2021	3.971531731818957
2022	3.8492494929451713
2023	3.7520645441528466
2024	3.068367749017021
2025	2.1993433464627254
2026	3.3782783744175213
2027	3.3685140886963802
2028	3.5985063567006756
2029	3.7357546809278572
2030	3.569988545513852
2031	3.8231439758332675
2032	3.59172972038003
2033	3.6517759588035665
2034	3.490975777140705
2035	2.9824371036481763
2036	3.869800853942035
2037	3.385890074447157
2038	3.6517629938727807
2039	3.5509062797017448
2040	3.8375841261308703
2041	3.417333443399776
2042	3.4788790176460136
2043	3.6808322024604796
2044	3.300269786074408
2045	3.5829798028101574
2046	3.7957854154132797
2047	3.531261213559453
2048	3.4250093319546435
2049	3.453383868061803
2050	3.3692545031465153
2051	3.7357560076752345
2052	3.593551226144532
2053	3.4768706674781034
2054	3.5121625092451785
2055	3.5019346165697547
2056	3.3033802394232614
2057	3.47654847009998
2058	3.3860530359260594
2059	3.711567616339763
2060	3.5916252726194355
2061	3.7534301757323036
2062	3.6302312056913912
2063	3.5640028880162675
2064	3.2663497819619254
2065	3.7593795789311333
2066	3.4961410349048254
2067	3.4932197474154427
2068	3.722265081601603
2069	3.7767037042156435
2070	3.5676630474718243
2071	3.3358050822953005
2072	3.3942436307797608
2073	3.593702970237415
2074	3.688485721269699
2075	3.751465095690887
2076	3.2823753811350573
2077	3.7219579953110773
2078	3.1286864563952648
2079	3.57169612168453
2080	3.326281627352886
2081	3.566995124674619
2082	3.746441646439633
2083	3.8598160738184304
2084	3.544734412565278
2085	3.552682492255272
2086	3.8066867877750683
2087	3.5067106752049435
2088	3.6657234579538844
2089	3.8046787749094593
2090	3.692616586062241
2091	3.7933283419321535
2092	3.731127674706659
2093	3.7063019062109666
2094	3.9794089638228467
2095	3.9983257248320956
2096	3.7197181012810563
2097	3.418429361443446
2098	3.463105768396645
2099	3.634519029947965
2100	3.6837288375247716
2101	3.9327027716487932
2102	3.4013659414772897
2103	3.513765271307396
2104	3.6159065912802655
2105	3.9288040965107456
2106	3.6492226021244174
2107	3.7269865757709715
2108	3.7777670271893946
2109	3.511253619426766
2110	3.5646370241207412
2111	3.6637932328226785
2112	3.6871170445686907
2113	3.7710906618578495
2114	4.019937016426963
2115	3.809879603707353
2116	3.756624058088288
2117	3.891638861173662
2118	3.9180699697663144
2119	3.595948442421868
2120	3.6421865684945884
2121	3.645336885483139
2122	4.095027037750818
2123	3.268676443527031
2124	3.735628889568833
2125	3.772477510590508
2126	3.7236859868998375
2127	3.444934620247358
2128	3.8458508624968157
2129	3.600737204562565
2130	3.71687805291882
2131	3.419862106828279
2132	2.757235245650682
2133	3.457153856968309
2134	3.4497205760951632
2135	2.7803898762972072
2136	2.7644952301243015
2137	3.3855745442651872
2138	3.196780385910098
2139	2.946366765443781
2140	3.3216435551762706
2141	3.485583316948783
2142	3.052974782920448
2143	2.6885523830803018
2144	3.1176463668314147
2145	3.5213019961096084
2146	3.3541177445865538
2147	2.8371265760148487
2148	3.403256269229835
2149	2.762325588708155
2150	3.474905834697608
2151	3.6290316613336917
2152	3.961810638932132
2153	3.7015388723892597
2154	3.6623273592939793
2155	3.5718942465112655
2156	3.9842806731223743
2157	3.835577740354115
2158	3.5361189211959716
2159	3.631283320589606
2160	3.478688803458917
2161	3.919567103004183
2162	4.029442331447292
2163	3.3875079006185924
2164	3.6543341170119557
2165	3.1781968029897563
2166	2.4708506982778795
2167	2.650680099119812
2168	3.178889961658032
2169	3.017307479141085
2170	2.9922194694281186
2171	2.970712200101166
2172	2.9090399296078435
2173	3.588830067458108
2174	3.602956255117197
2175	3.6255011576988014
2176	3.7363958278798055
2177	3.537778321467834
2178	3.555250571011209
2179	3.5164314599728512
2180	3.6234705829557616
2181	3.7208021224341685
2182	3.375947485664544
2183	3.119069964177057
2184	3.022058105976783
2185	2.843797943588836
2186	3.0841018754020926
2187	3.266277007896589
2188	3.392311223696382
2189	3.0273675650036718
2190	3.1795477565821106
2191	3.378302951845814
2192	2.989194638978451
2193	2.864904410542198
2194	3.198739635708932
2195	3.2441973936364845
2196	3.104035438951321
2197	3.107200161553379
2198	2.618564654164652
2199	3.2899397354993782
2200	3.7081060407388318
2201	3.327628130847297
2202	3.366989774976597
2203	3.3608901135689657
2204	2.9501735424973687
2205	3.019354501186384
2206	2.9568973711772255
2207	2.843228450436198
2208	2.855962080677016
2209	3.1670090235915693
2210	3.274411935414021
2211	3.6011303055193276
2212	3.5112634352073293
2213	3.831926335918925
2214	3.512935041681015
2215	3.56525314588297
2216	3.7406803012259133
2217	3.8703164173322597
2218	3.71860841369304
2219	3.4917215541461517
2220	3.5588516530510996
2221	3.174773933958133
2222	3.662128292368617
2223	3.4198133254517127
2224	3.536564436870635
2225	3.3546025505462396
2226	3.998732725896
2227	3.619189077304954
2228	3.7192927510519986
2229	3.886501765303576
2230	3.6575079166454674
2231	3.414381913880144
2232	3.5484594990939353
2233	3.8465889727034845
2234	3.593794060993999
2235	3.3738718110207353
2236	3.9739683858285906
2237	3.6004897981317847
2238	3.409677360991428
2239	3.7255391011765435
2240	3.756171781355961
2241	3.8141929001957826
2242	3.8815776125267307
2243	3.5735974722863912
2244	3.643555716359138
2245	3.4977009603248086
2246	3.9631493892181577
2247	3.8007594326806005
2248	3.5454290020486017
2249	3.833124201479623
2250	4.046109014506323
2251	4.03838319462267
2252	3.721523066665458
2253	4.070879456191234
2254	3.3254602720366586
2255	3.715391642179586
2256	3.6529620380764296
2257	3.8211907148491924
2258	3.7929895386497168
2259	4.040588117025547
2260	3.5624035652514587
2261	3.7295095017021542
2262	3.572483014940426
2263	3.955842388995776
2264	3.7893864625111906
2265	3.8082446363019695
2266	3.6401740781925125
2267	3.642522043075703
2268	3.574504431758335
2269	3.690376789984198
2270	3.9071513579332224
2271	3.798058413843005
2272	3.564181132469857
2273	3.679923333019604
2274	3.8022448772054713
2275	3.5684362548900355
2276	3.406095381187991
2277	3.69067077379221
2278	3.680493668109351
2279	3.4517431883477196
2280	3.747139886519224
2281	3.561115025730202
2282	3.702887648094567
2283	3.6084605606098523
2284	3.58168031901984
2285	3.5158903621285353
2286	3.27676640211216
2287	3.4710626311399007
2288	3.745391344442243
2289	3.8814821102784913
2290	3.809610371255988
2291	3.624709487869885
2292	3.709154146085017
2293	3.804369918115983
2294	3.5823306014962557
2295	3.4521006615039713
2296	3.707525210257898
2297	3.7393515681334524
2298	3.799674987692532
2299	3.7162709244332635
2300	3.6012809992592194
2301	3.7407228594701136
2302	3.5711010658429285
2303	3.6533713876403864
2304	3.845211808408998
2305	3.772871586922196
2306	3.6727914159229664
2307	3.6005612765284516
2308	3.664080492671188
2309	3.6477929416238433
2310	3.619953773967758
2311	3.5615862848231963
2312	3.8509655409418655
2313	3.702375398102404
2314	3.8418248644121107
2315	3.7259118485481517
2316	3.8239762918105527
2317	3.7440521101832704
2318	3.643888143785677
2319	3.7487504622993146
2320	3.822825744807822
2321	3.821102646893912
2322	4.011406699668911
2323	3.98266635337571
2324	3.7620676908680726
2325	3.9232680134481424
2326	3.667812522451707
2327	3.5627923732945677
2328	3.655072020689957
2329	4.072602192811823
2330	4.146694963081561
2331	3.8194829816771234
2332	3.829132847983453
2333	3.362365974792946
2334	3.826509520815629
2335	3.7825832788480445
2336	3.8737927524760436
2337	3.9404070923424364
2338	3.9478691833019948
2339	3.88790061400828
2340	3.9964301896136347
2341	4.080191671431212
2342	3.5599066947055147
2343	4.01155399367338
2344	3.8351597730727667
2345	3.969743452043331
2346	3.9421751177406326
2347	3.7690735128278305
2348	3.847521057616547
2349	3.95337091824402
2350	4.04553655210319
2351	4.035744203925405
2352	3.7771775458526453
2353	3.9034924967874676
2354	4.015775611798109
2355	3.709523950265288
2356	3.5504740439548046
2357	3.8414158565031933
2358	3.8013717203227575
2359	3.8838743500689734
2360	3.2811034459097894
2361	3.990948276334051
2362	4.0122008368604245
2363	3.7310507569011575
2364	3.6797484838077064
2365	3.7757477307403087
2366	3.8580960678845964
2367	3.726608667601864
2368	3.6874548682637376
2369	3.91042745427896
2370	3.8854209941927955
2371	3.608801663860456
2372	3.9607126265615356
2373	3.919023206769278
2374	3.8473731586643884
2375	3.9163986416045073
2376	3.855885718762896
2377	3.822807838235278
2378	3.7434104339098773
2379	3.611335366362154
2380	3.7689121294430334
2381	3.7128811874690895
2382	4.036430796178032
2383	3.7834081534289785
2384	4.063103475537353
2385	3.7762912188523594
2386	4.021796381709665
2387	3.1665827807483686
2388	4.185718492775442
2389	3.8746115585696446
2390	3.6866951650284
2391	3.963197200157556
2392	3.7512511446503964
2393	3.681695374545767
2394	3.659036392930541
2395	3.886083633888202
2396	3.689976308902331
2397	4.043222541784399
2398	4.132398592078778
2399	4.00953411412189
2400	3.776267965204839
2401	4.112449878135074
2402	4.058685811122337
2403	3.941796702447141
2404	3.6788471348985685
2405	4.06536291411389
2406	3.9676098900119894
2407	3.794166110167786
2408	4.182824369437001
2409	3.9900969295710556
2410	3.687669771435139
2411	3.7921758754927635
2412	3.4743819239066704
2413	3.788448184138259
2414	3.5504414303025076
2415	4.140223610411058
2416	3.934251958979217
2417	3.8440172309026197
2418	3.9965310511150527
2419	4.118162992318217
2420	3.787385937941376
2421	3.805591623881161
2422	3.9782112944860364
2423	3.8655873308493898
2424	3.6547759567292766
2425	3.7118812444711033
2426	3.91679844572233
2427	3.9808626955006594
2428	3.9639007901886374
2429	4.022126332891526
2430	3.7677320082385295
2431	3.8379993676001334
2432	3.7905828490881643
2433	4.114484869464795
2434	3.552851019897897
2435	3.6814034902063106
2436	3.9242909344360184
2437	3.8600053264395
2438	3.836258291305672
2439	3.6743043054762876
2440	3.8007327891772675
2441	3.749850657751016
2442	3.709903956446725
2443	3.8677441263430365
2444	3.6552757513661507
2445	4.003025416951986
2446	3.901322139755415
2447	3.4429965911716196
2448	3.9826646544111846
2449	4.142575383545103
2450	3.504671853860258
2451	3.8341668305474674
2452	3.800413665769424
2453	4.001633205077059
2454	3.83710857605672
2455	3.780511507450142
2456	3.7882736589374626
2457	3.749177709963515
2458	3.874558008261114
2459	3.607520417007655
2460	3.6826780727991735
2461	3.6760437148384435
2462	3.8013830391440386
2463	4.046954196908763
2464	3.8489535689458143
2465	3.640508818595471
2466	3.7758625888903894
2467	3.7753725313441953
2468	3.9996821045954456
2469	3.9217443061972035
2470	3.9798894350009273
2471	3.902397223892525
2472	3.61296093908326
2473	3.6902423981493597
2474	3.3504064813580428
2475	3.9996772721931437
2476	3.8401841384791155
2477	3.8920100265215094
2478	3.950257785794673
2479	3.763319968064824
2480	3.5657613407953335
2481	3.616984917564608
2482	3.917947022988546
2483	3.8198901446581752
2484	3.8098047076228223
2485	3.81979975598603
2486	3.9072043116315354
2487	3.650566784144767
2488	3.7018464931464683
2489	3.6714842979683935
2490	3.969895588054237
2491	3.6333241792484157
2492	4.078269524115198
2493	3.948223784069073
2494	3.846709464586039
2495	3.6626306511962783
2496	3.8284751530359444
2497	3.8407264157177297
2498	3.6210253674195827
2499	3.6784630825064273
2500	3.390310685746637
2501	3.428997036273869
2502	3.6469417499152974
2503	3.7519126208889553
2504	3.6603105377254614
2505	3.615330210114931
2506	3.80860625954969
2507	3.7513207627082212
2508	3.900749193809075
2509	3.941142161461011
2510	3.84968278475502
2511	3.590124752541314
2512	3.8713513962468764
2513	3.7114810007413888
2514	3.7163201615198296
2515	3.676604536508176
2516	3.6224313923167766
2517	3.4407776384798328
2518	4.054135687377502
2519	3.83964618069612
2520	3.687638492534035
2521	3.9724976974933592
2522	3.5905152470418615
2523	3.5753539231276124
2524	3.830584044428397
2525	3.7606184357075128
2526	3.9905688370977743
2527	3.8512127982805318
2528	3.9818223252100564
2529	4.0660353969989425
2530	3.8335056617703547
2531	4.0868531735979206
2532	3.9214892584855927
2533	3.831613387091591
2534	3.7180790916239244
2535	3.859960060792538
2536	4.136113778888865
2537	3.9347072685070787
2538	3.943910461247501
2539	3.7031226396965238
2540	3.9009136285086377
2541	3.923654176376834
2542	3.6423802514609536
2543	3.8651133999331497
2544	4.0440606381015645
2545	3.651456154416062
2546	3.3812520873747816
2547	3.4822057765181507
2548	3.2490847025202663
2549	3.649719292679427
2550	4.161720776873723
2551	3.902153356541991
2552	3.9828069362399745
2553	3.8530366086330843
2554	3.9502295951857995
2555	3.876946065301528
2556	3.9647958615114582
2557	4.026215655885487
2558	3.7473743602941902
2559	3.951961396335883
2560	4.163452789072431
2561	4.008784288427953
2562	3.779163838238468
2563	3.943684878756859
2564	4.159673102336755
2565	3.92663906842629
2566	3.5244057256977115
2567	3.9215550857178663
2568	4.0055587096593
2569	3.879497064917297
2570	3.7289658386560682
2571	3.7563008431793015
2572	4.153461085305373
2573	3.8390082318468544
2574	3.6302473000969533
2575	3.7139708872362864
2576	4.081685280782298
2577	4.318018830654499
2578	3.8525842236458567
2579	3.8122588477742134
2580	4.052015566028807
2581	3.7564548453282756
2582	3.777896496069367
2583	3.889178119784348
2584	3.6232324555632314
2585	3.8463449362355946
2586	3.596008610454697
2587	3.645872351260066
2588	3.511955046717944
2589	4.1240844866919995
2590	3.7871904318469922
2591	3.786321390979598
2592	3.9904024247494805
2593	3.5448574579300582
2594	3.9764737250037143
2595	3.7494895425071664
2596	3.731389754251937
2597	3.908386247682842
2598	3.7574280826974062
2599	3.873051422277368
2600	3.6892670397708716
2601	3.8196177045118374
2602	3.480705612044134
2603	3.8941740410568917
2604	3.9441437514437605
2605	3.69417931685877
2606	3.937956640984748
2607	3.8558241174601915
2608	3.835320472259273
2609	4.008743320398049
2610	3.9150188739080556
2611	3.7684200778333024
2612	3.700120604882263
2613	3.916323806490839
2614	3.6194026325659343
2615	3.910522255604069
2616	4.01118649944117
2617	3.6904724321221862
2618	3.714541708748759
2619	3.617403565639774
2620	3.951426570719406
2621	3.7867094731736044
2622	3.7443273828242516
2623	3.8221732287694246
2624	3.6372426165925167
2625	3.9483617106577897
2626	4.031154966873941
2627	3.6334451949222726
2628	3.6473212710355254
2629	3.679480156000006
2630	3.8773919475674323
2631	3.745977141805775
2632	3.8193756165871235
2633	3.8506732805909203
2634	3.7579666766733966
2635	3.845559232517716
2636	3.638217210194181
2637	3.746574343810071
2638	4.165424892692047
2639	4.113988783618779
2640	3.658492063988614
2641	3.639769141967155
2642	3.4395081403848735
2643	4.23527789659425
2644	3.9304950327576735
2645	4.127109572779219
2646	3.800596862754676
2647	3.696678112860083
2648	3.812139041088088
2649	3.9836421655304517
2650	3.5617870330326187
2651	3.963487571720767
2652	3.3287858763759366
2653	3.781088296317299
2654	3.770380129171621
2655	3.465437961065534
2656	3.5934258943569795
2657	3.694702586105851
2658	4.0912198743240955
2659	3.7844285870272256
2660	4.020555352163227
2661	3.3426143599710216
2662	3.607991790109572
2663	3.5150759995362635
2664	3.625500538524235
2665	3.431205091586241
2666	3.6104065041946862
2667	3.567530090959687
2668	3.629006775138593
2669	3.5897869256824104
2670	2.811831549442975
2671	2.7038828959211574
2672	2.725953803872382
2673	2.6264070228686687
2674	3.083664633444257
2675	2.969946666740711
2676	3.756265480541777
2677	2.8662366595308955
2678	3.214109266324355
2679	2.9175053772211825
2680	3.3036854643891513
2681	3.4806826046873343
2682	2.2142598335666412
2683	3.4420542507904064
2684	3.798963827721871
2685	3.566600872419242
2686	3.593861212366329
2687	3.6046694817418503
2688	4.013284903003203
2689	3.4754626938778608
2690	3.771629220802486
2691	3.5103359336904014
2692	3.4416074724996215
2693	3.978974944028536
2694	3.7459620723532163
2695	3.5419215625316114
2696	3.611538797379136
2697	3.9024426598017055
2698	3.903522229571276
2699	3.5737307266028315
2700	3.3317663942083366
2701	3.7111620218601953
2702	3.6693740128800694
2703	3.8998143632288382
2704	4.009492316093413
2705	3.8300312371972027
2706	4.087679158930895
2707	3.9847429743089844
2708	4.264898003668303
2709	4.17869134057274
2710	4.021516643815694
2711	3.8098352438867336
2712	3.9733434783713175
2713	3.8585040044328807
2714	3.7774105326132332
2715	3.821272399761063
2716	3.94311714896347
2717	4.065282332582189
2718	4.0441639456721195
2719	3.948398506321841
2720	4.0070832099300615
2721	3.69555772564987
2722	3.8863971065931686
2723	3.9722968333790485
2724	4.130669521002049
2725	4.058355250451226
2726	4.237884282397963
2727	3.874254493665879
2728	4.086806166234366
2729	3.892288502856911
2730	4.185970851175778
2731	3.6528517721328395
2732	3.7040366194803034
2733	4.074171073793384
2734	3.817387303833994
2735	3.9787154179995543
2736	3.816742232888336
2737	3.6836232121874493
2738	3.6950255868201984
2739	3.693160694949618
2740	3.381377477118283
2741	3.7157749800900155
2742	3.551751431270575
2743	3.912608083492905
2744	3.518881698249711
2745	3.1535289270909073
2746	3.891342170210619
2747	3.8302930479262263
2748	4.1267181627591425
2749	4.1110454570756
2750	3.631112075112994
2751	2.9470263290295127
2752	4.001316279360663
2753	3.7091080830698697
2754	3.5779253884815723
2755	2.792689524200184
2756	2.2542732970148225
2757	2.168126148158715
2758	1.1409171475805882
2759	2.2271734415386097
2760	2.5020860146817823
2761	3.574031315050573
2762	3.6490519060262865
2763	3.529924976049247
2764	3.7064537441438206
2765	3.5810007715020493
2766	3.6638095261874435
2767	3.1308702040029868
2768	3.1033614606756452
2769	3.19035443474861
2770	3.7885533140809153
2771	3.4948525120976326
2772	2.826297834044409
2773	3.7753573149761834
2774	3.4680233382851666
2775	3.915109504394402
2776	3.7712591842591037
2777	3.9696224306814116
2778	3.5140878996550837
2779	3.545018948297063
2780	3.5585164495754364
2781	3.7004598931429227
2782	3.1333790520432143
2783	3.5468374985866706
2784	3.4258034331233533
2785	3.3232553705422183
2786	3.712148358754598
2787	3.454164323089238
2788	3.502498909513453
2789	3.7025358569490803
2790	3.5890469046762146
2791	3.676332391477116
2792	3.803477805764202
2793	3.9973551992034486
2794	3.7636034672654666
2795	3.7534031169386988
2796	3.645047588182906
2797	3.57780409538246
2798	3.3719796414203254
2799	3.581745872229409
2800	3.9297293376038906
2801	3.6789472363442473
2802	3.4497903370553153
2803	3.7312180806258333
2804	3.9236122673721177
2805	3.5320828614692443
2806	3.9764557215633154
2807	3.498561436675162
2808	3.537279379829779
2809	3.8786736265082467
2810	3.6162916938222924
2811	3.962297141442029
2812	3.773499167517888
2813	3.62413186885487
2814	3.9924521659929018
2815	3.7480062759435073
2816	3.7026688504638536
2817	3.738457554605107
2818	3.2160165706418846
2819	3.389420289000411
2820	1.7844221617151261
2821	3.339235875618493
2822	3.7090901835035446
2823	1.812837727423788
2824	1.989358860622708
2825	3.389087795770957
2826	3.7337617912014878
2827	3.8888506787980948
2828	3.6977687485425257
2829	3.5993686558881786
2830	4.206583469216253
2831	3.9139388044156544
2832	3.942685246869351
2833	3.84624303040841
2834	4.08867478230885
2835	3.8341648956440646
2836	3.9047617285491767
2837	4.043910245146356
2838	3.9083618551509978
2839	3.787498940742282
2840	3.6617606692296385
2841	3.8266820020459913
2842	3.767611000423036
2843	3.958221633443442
2844	4.108784977324839
2845	3.964686047987364
2846	3.613404478410657
2847	3.8809205282855563
2848	4.144898561398794
2849	4.067229659825989
2850	4.052370549425946
2851	3.651551662093518
2852	3.8775200803278147
2853	3.615652915710804
2854	3.7465125240259045
2855	3.6093811060898937
2856	3.846489796084912
2857	3.7380161651741557
2858	3.557150771034006
2859	3.587772714750665
2860	3.340664092601882
2861	3.775000930590285
2862	4.106384778982665
2863	3.71435831053795
2864	3.7809985830323947
2865	3.6565050295400336
2866	3.2924334646962956
2867	2.6566123186150805
2868	3.9987530086839356
2869	3.9338556065820667
2870	3.807978021387975
2871	3.8997074018858253
2872	3.7707609229983454
2873	3.6831682114347752
2874	3.39182593370771
2875	3.2032582810700676
2876	3.6269578231064052
2877	3.4555233858980987
2878	3.1197910624307568
2879	3.3914320824719972
2880	3.9766046763388365
2881	3.9821512810547057
2882	3.84987918384615
2883	3.714169411248907
2884	3.636157709229478
2885	3.5693873468319364
2886	2.132572134106433
2887	2.1818134061934953
2888	1.8433994917182437
2889	2.372274217577649
2890	2.3435357308576465
2891	3.596497313788168
2892	3.1539129871745684
2893	2.5010938877600326
2894	2.725863266561995
2895	3.0601285998891092
2896	1.4413882517680372
2897	2.997207430294179
2898	3.4496147278578935
2899	2.6887737233685507
2900	3.7204558534289527
2901	2.6904696090001994
2902	3.7397959588129823
2903	4.012054742424751
2904	3.9643940719140054
2905	4.063582751206193
2906	3.442493591275391
2907	3.6731298451326158
2908	3.8435247920885867
2909	3.8743117802272034
2910	3.652712091267502
2911	4.085442660419291
2912	3.70619232859959
2913	4.011433536063809
2914	3.7853631194792223
2915	3.5643565142903624
2916	3.644226451377165
2917	3.627054011310594
2918	3.665680531353392
2919	3.636171655933848
2920	3.88819791629134
2921	3.6926073259226024
2922	3.617485172081973
2923	3.6217859584207623
2924	3.4882713933112326
2925	3.169259940356822
2926	3.2128033327211996
2927	3.3025169685815037
2928	3.0598424642246274
2929	3.155916695614669
2930	3.341708964501662
2931	3.3715839932121057
2932	3.1108646438980343
2933	2.771636577439422
2934	3.1917960009014217
2935	3.509118908662581
2936	3.8481170936786184
2937	3.704853032064512
2938	3.5133285232959652
2939	3.3933186778278306
2940	3.4431387493948673
2941	3.0066353998879474
2942	3.8421919273429554
2943	3.5312496548335743
2944	3.726290935790493
2945	3.058310170568871
2946	3.201064281177158
2947	3.0457219093948478
2948	3.142129969231508
2949	3.1678912763332354
2950	3.123387403285366
2951	2.742238046095239
2952	3.1535439276470587
2953	2.8689497470832306
2954	3.1745426630208775
2955	3.130819021718092
2956	3.0147794890569046
2957	3.141838747158146
2958	3.008040980177303
2959	3.2633454275854614
2960	3.3806718033792342
2961	3.5159506102110996
2962	2.9341369686798715
2963	2.9605660121524395
2964	3.4304501470894357
2965	2.719972778445806
2966	2.6752742917280092
2967	3.38203268448693
2968	3.9066624340012526
2969	3.6253488872384185
2970	3.618449613416255
2971	3.913700040370217
2972	3.7434465117806077
2973	3.731876983662695
2974	3.856196775667443
2975	3.6546995839184553
2976	3.7169464557597447
2977	3.9482623823374876
2978	3.9697643379220096
2979	4.120609286899685
2980	4.12623879971852
2981	4.104659825866031
2982	3.9630100871875404
2983	3.9968771461019084
2984	3.950221163667912
2985	3.7651474591274514
2986	3.7113308334664334
2987	3.5598717264541166
2988	3.7761348223272693
2989	3.93828363533895
2990	3.921555938177045
2991	3.991121511357493
2992	3.673701904148443
2993	3.576580375946363
2994	3.616717372522894
2995	3.6278493787375945
2996	3.5013020695468007
2997	3.751246311102601
2998	3.9651717993054634
2999	3.5909601926505412
3000	3.7676663689451892
3001	3.8279425881703166
3002	3.6334793898523268
3003	3.779708117728637
3004	3.7385585503605387
3005	3.6993196335752647
3006	3.9526245058880076
3007	3.6229964823995107
3008	3.507328491174646
3009	3.632985451207402
3010	3.629597376867443
3011	3.599587179063878
3012	3.6086273192545084
3013	3.672369783494134
3014	3.610190995794007
3015	3.8310110847180603
3016	3.666522400298801
3017	3.312095728557122
3018	3.782083111448559
3019	3.6361724586765494
3020	3.8462961950552153
3021	4.025282388429693
3022	3.6709123166094253
3023	3.8741928527101255
3024	4.0426159366405425
3025	3.935676417373859
3026	3.6719846560064813
3027	3.774179287053192
3028	3.6861757238465844
3029	3.8745767255946966
3030	4.171125962091671
3031	3.6390690228784606
3032	3.876592328564517
3033	3.719722621023977
3034	3.701654235290515
3035	3.6856290779546192
3036	3.7970552637999484
3037	3.84456333786215
3038	3.3894382948044393
3039	2.97761731338334
3040	2.3536016781965965
3041	3.148509695736421
3042	2.963474860138048
3043	3.2094215455456823
3044	2.5097884246282836
3045	2.9032250826782278
3046	2.9019110570038364
3047	2.6475820575872886
3048	2.8859452676064437
3049	3.267362947786903
3050	2.8837970194163463
3051	2.6386733690094246
3052	2.6423659092339924
3053	2.6431215258925813
3054	2.5237636913563186
3055	3.551167699115488
3056	3.4619184381434285
3057	3.768102182304788
3058	3.5798682741714183
3059	3.592572218381597
3060	3.5606112164344763
3061	3.7337069473713673
3062	3.8827661278518164
3063	3.5032722821840387
3064	3.4960012575478614
3065	3.8302975528833256
3066	3.9163526629146648
3067	3.8578799134438206
3068	4.002943196228264
3069	3.845468635047775
3070	3.5326425922009417
3071	3.601831581632111
3072	3.462022756792366
3073	3.5256422613916234
3074	3.8958147822074083
3075	3.3232808717400566
3076	4.0351019374939945
3077	3.5732132890251336
3078	3.879838262973017
3079	3.8997597325426576
3080	3.809344684309695
3081	3.8739112938183613
3082	3.692023635365894
3083	3.9279223490119675
3084	3.829236070513841
3085	3.6717547653458213
3086	3.6996340635459655
3087	3.6371505728146647
3088	3.8312480596589857
3089	3.519105414729166
3090	3.3145563451340316
3091	3.8161546497664136
3092	3.4781410418135974
3093	3.726062495648648
3094	3.5914141420142243
3095	3.821736672928765
3096	3.803329900932997
3097	3.4842504732172577
3098	3.859585232529831
3099	3.637425717295094
3100	3.6626686538024296
3101	3.6960255010799936
3102	3.779964217376692
3103	3.813893333873613
3104	3.583340313836804
3105	3.5207592071614973
3106	3.4396673514460767
3107	3.5184257451837277
3108	3.6132887161085327
3109	3.6234929912932943
3110	3.7276168710974305
3111	3.733589969279839
3112	3.8272218168369774
3113	3.8891543218948414
3114	3.7609141009156084
3115	3.705063116492712
3116	3.693399902789126
3117	3.6111473666175113
3118	4.045536053586762
3119	3.648820454464056
3120	3.991996791630961
3121	3.639146613841943
3122	3.867596547457502
3123	3.7117408184360294
3124	3.9041213986204797
3125	3.9628443093413885
3126	3.9451862301865237
3127	3.561738968565126
3128	3.624480113369799
3129	3.5212658653373765
3130	3.5019226762013482
3131	3.67727800961819
3132	3.70329955223105
3133	3.769592036758069
3134	3.7007221631022498
3135	3.6656337843761357
3136	3.7441458990273806
3137	3.851436039734061
3138	4.044565467831846
3139	4.05661239629813
3140	3.775336933787557
3141	3.728304174346944
3142	3.9176904828760852
3143	3.837787839757577
3144	3.869158437779475
3145	3.7462633154929774
3146	3.887917242576761
3147	3.64612173645474
3148	3.873454888316917
3149	3.671674516532801
3150	3.557264746013336
3151	3.8381015024280067
3152	3.687241359290104
3153	3.5575259735835
3154	3.6689271227455236
3155	3.751646653451577
3156	3.514156908942824
3157	3.777703214379808
3158	3.7761437091181302
3159	3.606392766378201
3160	3.6001911386369843
3161	3.509616698792047
3162	3.364272513884963
3163	3.621583538567456
3164	3.6686643930672878
3165	3.955878884306642
3166	3.670232961530094
3167	3.6372648884232737
3168	3.361576637889372
3169	3.53726763266786
3170	3.4238477715599345
3171	3.751581608643949
3172	3.6904372160098093
3173	3.568897470997693
3174	3.6308170281243632
3175	3.5160910637654466
3176	3.6761597484291975
3177	3.479326772108091
3178	4.031749750425777
3179	3.7687622886513394
3180	3.2618118434174606
3181	3.4368163903446223
3182	3.7654959826361787
3183	3.322765836618491
3184	3.3432505859223505
3185	3.3674589294770025
3186	3.720277603418032
3187	3.750997012966955
3188	3.7329119933994486
3189	3.534440111863315
3190	3.5948602695406793
3191	3.5492540268028505
3192	3.7068410804384104
3193	3.548486395436392
3194	3.632653677963582
3195	3.786712794771801
3196	3.5888423839401975
3197	3.7495834751296266
3198	3.571832643114292
3199	3.405171494959422
3200	3.768586497655309
3201	3.4939845839516965
3202	3.642973111707247
3203	3.7370288254042143
3204	3.6487598503704333
3205	3.518072526908752
3206	3.704741513911103
3207	3.728984772892631
3208	3.9489718410344516
3209	3.4588279765881498
3210	3.673362958050888
3211	3.68380946835445
3212	3.3960626285139948
3213	3.666895990830002
3214	3.44578902358967
3215	3.5026686944162613
3216	3.556636106419147
3217	3.5340639437764847
3218	3.6923721314809463
3219	3.6746751239072895
3220	3.4960381154207276
3221	3.562937220011257
3222	3.8929230747214167
3223	3.4727664624295307
3224	3.7567812036876216
3225	3.5212319620732653
3226	3.4130479518449093
3227	3.591380030160822
3228	3.6272193256561858
3229	3.8689575590712266
3230	3.9776869362178737
3231	3.6652015492957193
3232	3.7014822568445878
3233	3.797364909514699
3234	3.50948953797072
3235	3.6092103496978645
3236	3.6148875180967694
3237	3.2130829746611287
3238	3.69166910526941
3239	3.6435494042145105
3240	3.8339482164130247
3241	3.733301056470794
3242	3.745112526181401
3243	3.8403229521273605
3244	3.733919506603936
3245	3.591835204211439
3246	3.6836899001936096
3247	3.3742503608037357
3248	3.6551975270148174
3249	3.801886685662198
3250	3.7252746030288617
3251	3.6733563406686383
3252	4.027493361958658
3253	3.549064165264912
3254	3.6251851022934565
3255	3.885205519132033
3256	3.3797344799449616
3257	3.818534809387339
3258	3.895719571675945
3259	3.6446795355890864
3260	3.829791766123494
3261	3.9215154106133654
3262	3.67526142353358
3263	3.8357282088869673
3264	3.894288565560828
3265	3.8730040152881715
3266	4.0123688696662825
3267	3.8593087829478643
3268	3.829131230736778
3269	3.7797995740827304
3270	3.784236537315691
3271	3.689716233822483
3272	3.6391472788685437
3273	3.662086186893331
3274	3.9937411196999473
3275	3.5357564827086096
3276	3.5635335129429793
3277	3.8587956678068287
3278	3.784966950428445
3279	3.991410742551254
3280	3.9531066945513076
3281	3.797242752139541
3282	3.849750794334842
3283	3.827710711616324
3284	3.9754258804264184
3285	3.029172638564683
3286	3.120759381815756
3287	3.586301928245081
3288	3.8029840317679815
3289	4.00641594701636
3290	3.5696020847212626
3291	3.6481140764491493
3292	3.106515702194302
3293	3.8929002939586517
3294	3.8041055080408697
3295	3.9794893881226576
3296	2.691854975986801
3297	3.9691037995296434
3298	3.8643451477263153
3299	3.8329133825644472
3300	3.4696587253083986
3301	4.110772306405646
3302	3.6635329008721746
3303	3.482335247539018
3304	3.739687729468818
3305	3.8398201884977383
3306	2.9075182336026923
3307	3.4057450332434924
3308	2.5251847221861095
3309	2.470981770620801
3310	3.412440472892896
3311	3.699661051771913
3312	3.863295779806121
3313	2.918340453184946
3314	3.6219951893717233
3315	3.1164642115483887
3316	3.175421727412636
3317	3.0503513128306476
3318	3.389447788698901
3319	3.1898425438657263
3320	3.6759542160425105
3321	3.4593608896903167
3322	3.657456500603648
3323	3.8789959352646903
3324	3.5302454697795858
3325	2.4270592401598248
3326	3.8324854204826773
3327	3.118270951771693
3328	2.527032543525907
3329	2.0185205403156647
3330	2.88335275915716
3331	2.4273421581123666
3332	2.8030384289353156
3333	2.9695883568664505
3334	2.976672333896665
3335	3.0971800793549797
3336	3.2960926218702227
3337	3.0945614242296635
3338	3.169726414019914
3339	3.590290072460571
3340	2.7167012529494508
3341	2.820980541403101
3342	2.9608002632719495
3343	3.457149734306217
3344	3.0457691362753123
3345	2.959806397584602
3346	2.586528415973887
3347	2.78843612137787
3348	2.888861685125964
3349	3.4938901989669833
3350	2.906353728233855
3351	2.1048265833165947
3352	1.8775426859571471
3353	3.371491736472793
3354	1.9109298893059525
3355	3.5587295746769594
3356	3.0784155756552223
3357	3.6860218090901506
3358	2.7523540540655906
3359	3.926002890514209
3360	3.9023432271695175
3361	3.9106388135605763
3362	3.719384259001225
3363	3.7326338317695535
3364	3.7065287469377863
3365	3.6480185769686946
3366	4.1011515965533345
3367	3.8734245993226812
3368	3.520199848086178
3369	4.013234634670177
3370	4.002248110734765
3371	3.9137924868136498
3372	3.4751443282546486
3373	3.969202026618594
3374	3.640714265764738
3375	3.584724309650463
3376	3.4126319618178544
3377	3.538915247813873
3378	3.8392687402712586
3379	3.599463963591375
3380	3.990783184446934
3381	3.626586300223493
3382	3.8714118827010773
3383	3.6653060032622213
3384	3.6787849390852814
3385	3.7189433588969707
3386	3.662670761993071
3387	3.8920862591368883
3388	3.8682887107349004
3389	3.489395868662024
3390	4.186612771771622
3391	3.9209570566215968
3392	3.6148133449296522
3393	3.340700058676041
3394	2.7522064940262028
3395	3.401978611793035
3396	3.4398197959349677
3397	2.9919023647619225
3398	3.843568714311671
3399	3.5697474623274084
3400	3.468048041377778
3401	3.9365076497446227
3402	4.172841065401682
3403	3.6572111522473074
3404	3.9324901103442484
3405	4.190649940246662
3406	3.7893298697471267
3407	3.989631648851065
3408	3.6614132275499887
3409	3.8111819208626967
3410	3.327288909591503
3411	3.8452041350349715
3412	3.831882656086701
3413	3.8852428719351724
3414	3.7485787333656915
3415	3.9454123900457083
3416	4.234600449867778
3417	3.680612719958317
3418	4.047025080587556
3419	4.311239169722922
3420	3.7611586086492315
3421	3.962980131888991
3422	3.740042916208719
3423	4.05474328613482
3424	3.5928606489723616
3425	3.6278627379193717
3426	3.9876472860943166
3427	3.9705488788774743
3428	4.108789909560665
3429	4.142984909930143
3430	3.74481267738815
3431	3.962055789527361
3432	3.7752675634003823
3433	4.047952617797977
3434	4.117774666425978
3435	4.054698446012662
3436	4.058144659927047
3437	3.751230817176019
3438	3.0237485706248077
3439	3.7089397786375176
3440	3.877299517219024
3441	3.104400603442794
3442	4.194798032942778
3443	4.0216675738355345
3444	4.157857797567136
3445	4.227907455806374
3446	3.8723077971826414
3447	3.663694481525133
3448	3.9300611349769192
3449	3.7958279769125656
3450	4.001657966352498
3451	3.7469137431198547
3452	2.8980841456664073
3453	3.514547073482203
3454	3.8175162112062697
3455	3.827341906390843
3456	4.156663249320371
3457	3.831243471376397
3458	4.085478510165333
3459	3.997752772111822
3460	4.0050038608180705
3461	3.936874273997738
3462	3.854757275988787
3463	3.7821717025230095
3464	3.6983171284781005
3465	3.644915205395835
3466	4.10072738191433
3467	4.100094996734943
3468	3.8663969121096953
3469	3.6615634527937964
3470	3.8156956473427823
3471	3.8739964752502756
3472	3.7095368738541343
3473	3.905345424466594
3474	4.042059614265661
3475	3.780654627431383
3476	3.7140757185923046
3477	3.571111219931642
3478	3.679426796668682
3479	3.6634559683298047
3480	3.6560845074894655
3481	3.7650890481694317
3482	3.5992937247574637
3483	3.9196932777201883
3484	3.40778267613008
3485	3.748671193993075
3486	3.625813807190986
3487	3.826539510281826
3488	3.8797386428811262
3489	3.6184378918012063
3490	3.580161187549928
3491	3.916247754026456
3492	3.7068267636637855
3493	3.3642835291574915
3494	3.9067917623669395
3495	3.988914585812848
3496	4.025996278618288
3497	3.6412450527749614
3498	4.146772773085805
3499	3.71610121169383
3500	3.6680212258242335
3501	3.879004688032154
3502	3.643375489137561
3503	3.2275610248945243
3504	3.7135851948509235
3505	3.9046625203099095
3506	3.731503858719549
3507	3.7492990968119138
3508	3.9432425994145373
3509	3.843725044883812
3510	3.8055293496681872
3511	3.484347439468228
3512	3.5087292469626075
3513	3.575009964735407
3514	3.774900854191977
3515	3.7152881770608595
3516	4.133086819126125
3517	3.46221132821328
3518	3.8651331328531997
3519	3.7281406938914943
3520	3.722713583506704
3521	3.821161006133055
3522	3.851894414035306
3523	3.596710374638666
3524	3.3256676854127205
3525	1.7629098230575475
3526	2.5126624196197973
3527	2.7819966280445527
3528	2.1476878473017873
3529	1.7765439913947922
3530	1.418010338570656
3531	2.2421195256334028
3532	2.4507262193524815
3533	2.561212607343121
3534	2.582767231937085
3535	2.3328540441174774
3536	2.1394893433401574
3537	2.4265570374189864
3538	2.4101113193252233
3539	2.5151957116605077
3540	2.341406382431235
3541	2.574932441533818
3542	2.8362507840109497
3543	2.9873543898627517
3544	2.9452400641733982
3545	2.2135354077096494
3546	1.9586349112846877
3547	2.6639298636377755
3548	3.166811746739775
3549	2.7097194852311146
3550	2.905997874807067
3551	2.758048161235814
3552	2.8850588466917664
3553	2.557042851467619
3554	2.4360337672692345
3555	2.6228221518504036
3556	2.3282594217740176
3557	3.213856722769521
3558	2.7639388255857984
3559	3.3145744785626854
3560	2.862465707102567
3561	2.0491189067145386
3562	3.1973820014302246
3563	2.927856202433563
3564	2.4827041038046604
3565	2.551268182995797
3566	3.137624799850684
3567	2.880910824473757
3568	3.1356183040512646
3569	2.8322713962726933
3570	2.5878932204317318
3571	2.5701440697265623
3572	1.8704789893437035
3573	2.480329751478539
3574	3.101868721034674
3575	1.8465377515380446
3576	2.8290911679938326
3577	2.542543770695207
3578	2.6552261269920847
3579	2.8212510369903
3580	3.76460781762492
3581	3.543824251413566
3582	3.5989498209271815
3583	3.8153632337125187
3584	3.804151532819301
3585	3.6751553048511916
3586	3.5744085212111316
3587	3.79411805307853
3588	3.8904626109869564
3589	3.6698489808798183
3590	3.513256051048682
3591	3.5631830361740753
3592	3.5348643558140305
3593	3.448101299773726
3594	3.429628143282637
3595	3.6580698413246284
3596	3.8814626607522427
3597	3.2310298458584263
3598	3.5604555593269653
3599	3.7745820537532713
3600	3.6132134626931
3601	3.5496268051892454
3602	3.6037185080016845
3603	3.957546590326307
3604	3.6345182151396536
3605	3.5432720026501467
3606	3.770295920046738
3607	3.614892666462055
3608	3.650086586968356
3609	3.705606471290987
3610	3.9387932388540414
3611	3.677169990372104
3612	3.8250428771785048
3613	4.011883505776889
3614	3.742297814694467
3615	3.725130714979943
3616	4.159135813766543
3617	3.6622417891740353
3618	3.968457334578021
3619	4.015187556377313
3620	3.764915009330103
3621	3.9504280415137467
3622	3.534384840332156
3623	3.905996758237493
3624	3.715979629855833
3625	3.9257938724829815
3626	3.6238696334399587
3627	3.7083511678245107
3628	4.005183429847748
3629	3.7779947987019606
3630	3.6242523928337627
3631	3.643050533577214
3632	4.07164192244095
3633	3.899096791065145
3634	3.6363488062185056
3635	4.063811365195093
3636	3.805949126981628
3637	3.487302280138633
3638	3.8209633948264288
3639	3.855680475927861
3640	3.8458762743653794
3641	3.8274081602298664
3642	3.8694594534859927
3643	3.9941596089533444
3644	3.8396640424249453
3645	3.6018951680485856
3646	3.8920098927123754
3647	3.5463822164806853
3648	3.644969832028641
3649	3.7304905885373696
3650	3.6184520137264595
3651	3.148562808782171
3652	3.641996477743285
3653	3.6898823833561654
3654	3.80343570897647
3655	3.8538719168576283
3656	3.99925821786476
3657	3.6572483005968257
3658	3.5423559985006197
3659	3.7418061089425336
3660	3.2857559845735733
3661	3.541608681388432
3662	3.411260781834026
3663	3.4848087693864818
3664	3.2202004763925887
3665	2.826326174500976
3666	2.067250786555906
3667	2.789908868452096
3668	3.4405489575934167
3669	3.2543249608224327
3670	3.3755676489742017
3671	3.1902467265507495
3672	2.8550037255641336
3673	3.3310572449095117
3674	3.4559841116685406
3675	3.5067871712856165
3676	3.783516973927665
3677	3.0557595755205273
3678	2.683439684549677
3679	2.6948652198607004
3680	2.731290938379426
3681	2.7915566464636483
3682	2.751627907469901
3683	3.189542736286688
3684	2.861348196358651
3685	2.69169057608498
3686	2.573534994425899
3687	2.9975146151416294
3688	2.5686816801479697
3689	1.9582138181193507
3690	2.902020010376872
3691	2.908124725096097
3692	3.4339691643306405
3693	3.0775905064020286
3694	3.1825676228232105
3695	3.1991215112264584
3696	3.5715438353094653
3697	3.524647042855115
3698	3.4728656857014713
3699	3.6864897943548636
3700	2.911719798558607
3701	3.7858793474126724
3702	3.6989181283038874
3703	3.662468770068674
3704	2.782376284053316
3705	3.678908578272661
3706	4.122443040623611
3707	3.6420502310381164
3708	3.7200914735618458
3709	3.542540940954287
3710	4.051014456183104
3711	3.85117273366294
3712	3.6038650391034577
3713	3.8178456892103605
3714	3.6106641458122644
3715	3.618146437231117
3716	3.4980740333904836
3717	3.7348513685141778
3718	4.36480274439245
3719	4.162759534652262
3720	3.6867321148142578
3721	3.964967704830559
3722	3.278491142693453
3723	3.149440197194929
3724	3.605607749029798
3725	3.5849207541042425
3726	3.168437630352441
3727	3.5909827000913657
3728	3.547415994640467
3729	3.3809810456169265
3730	3.5136017648966025
3731	3.510785243343004
3732	3.5336732445900356
3733	3.9638767928829566
3734	3.687367420596041
3735	3.7016714142584526
3736	3.655075293936214
3737	3.5094927252993418
3738	3.357840194410982
3739	3.210824378207903
3740	3.799779374948727
3741	2.6576890626856953
3742	2.5080318123034138
3743	3.175623522973609
3744	2.8660131182611974
3745	3.5839171205866274
3746	2.331223060409413
3747	3.6544207286946073
3748	3.580263953226437
3749	3.70777805069168
3750	2.574761260250749
3751	3.3458054681487224
3752	3.5663854077748276
3753	3.6102546897933645
3754	3.453760592675416
3755	3.545997338860834
3756	2.951075533605944
3757	2.4811533058386988
3758	2.410575600853045
3759	2.545063225069436
3760	3.004774579810514
3761	2.595882081982598
3762	2.6037068540014014
3763	1.971339008090055
3764	2.960716675873757
3765	3.7457219317232893
3766	3.6387660785934117
3767	3.5036719918907826
3768	3.6046072869032906
3769	3.579835575235904
3770	3.1228385748404057
3771	3.5961375090472676
3772	3.4255622140413147
3773	3.4619209861904414
3774	3.3102795271804126
3775	3.4097918509343397
3776	2.900067083395296
3777	3.225305960855836
3778	3.3711091322479922
3779	3.3208339634023893
3780	2.6611135600958025
3781	2.559596945116183
3782	3.440814265065738
3783	3.767122625437333
3784	3.474005633543083
3785	3.9908003653389335
3786	4.051696904630074
3787	3.871161719776508
3788	3.6589727410751096
3789	3.7245824907307274
3790	3.86299995409725
3791	3.526569464529335
3792	3.7333852527748275
3793	4.120054716831357
3794	3.9762665599155826
3795	3.6577985319700765
3796	3.340639984190182
3797	3.4698351254241686
3798	3.711533829727377
3799	3.1107109409881764
3800	2.1574771507004864
3801	3.4787125345593375
3802	3.5003385299581433
3803	3.589004991138674
3804	3.9994809129393634
3805	3.6262448304534525
3806	3.83095401938929
3807	3.6215110043033474
3808	3.7824339948035752
3809	3.635421297998059
3810	3.767868637348901
3811	3.72551111249263
3812	3.5584468411434
3813	3.6451267920425114
3814	3.778629869015113
3815	3.5722787844699755
3816	3.922515518669224
3817	3.5003606609850397
3818	3.4631745636060987
3819	3.4910661652880552
3820	3.589599234342207
3821	3.5606004012567913
3822	3.3107348851032605
3823	3.5830416675566252
3824	3.4174647376966245
3825	3.498589296195167
3826	3.3707769867092314
3827	3.0650865211573985
3828	3.3790540212995532
3829	3.409515652987772
3830	3.427626193689473
3831	3.541619953794759
3832	3.8976080336257857
3833	3.604716540220765
3834	3.7121163267214854
3835	3.8537078917255587
3836	3.864939658784477
3837	3.7781152667337303
3838	3.8260545886934936
3839	3.5031358701296367
3840	3.5212552320363626
3841	3.562465888197176
3842	3.5768277560588575
3843	3.829593148071781
3844	3.558370847658052
3845	3.5845840401374125
3846	3.5662277589576172
3847	3.770466188483051
3848	3.9079945007006422
3849	3.845402612549255
3850	3.839804404862001
3851	3.982222308601179
3852	3.807136327073736
3853	3.8566792962083727
3854	3.8356068953807325
3855	4.13665629524155
3856	3.9053868620596606
3857	3.787681770636622
3858	3.763210340898245
3859	3.998377051796511
3860	3.5987552281092565
3861	3.5662062509316335
3862	3.8080958568899113
3863	3.5413308170017395
3864	3.453438437680628
3865	3.4944130239890776
3866	3.4628001462010034
3867	4.062263935043277
3868	3.7837611949876533
3869	3.740326624057949
3870	3.8736617766137784
3871	3.778973597511215
3872	3.82976624215974
3873	3.941725955559151
3874	3.758243095085248
3875	3.8016506422954928
3876	3.7815016019403096
3877	3.5809514876129933
3878	4.154088903791313
3879	3.711562760254701
3880	3.701886613799971
3881	3.6479521012724043
3882	3.7134664229998857
3883	3.8373515992098235
3884	3.5820590288681795
3885	3.9579445320205817
3886	3.7518940746231864
3887	3.693705066898029
3888	3.8432073715453923
3889	3.910464226218293
3890	3.733077219544292
3891	3.784064271980169
3892	3.883017732510272
3893	3.884645165897334
3894	4.182297727224822
3895	3.870676084541263
3896	3.7114819175154126
3897	3.7951175503339063
3898	3.8114567839189872
3899	3.709210817177406
3900	3.8685806448697133
3901	3.915240820380945
3902	3.8443850610904975
3903	3.910543760996568
3904	3.8208603527536953
3905	3.951103604705701
3906	3.831117206228524
3907	4.00958544411307
3908	3.9442940807815448
3909	3.8893745399667945
3910	3.9503812682064376
3911	3.883993673237588
3912	3.7912314962531912
3913	3.8439289373517926
3914	3.618307519300444
3915	3.739917953111031
3916	3.9022586840548588
3917	3.416396344971859
3918	3.6589886116624544
3919	3.784161809947227
3920	3.7540576047366723
3921	3.75437890259067
3922	4.061796488625124
3923	3.8140192479605415
3924	3.933753028304901
3925	3.7189334087713433
3926	4.08438069355369
3927	3.8282720579574705
3928	4.0078546695810475
3929	3.7035160969228182
3930	3.205746874340931
3931	3.3637811700961513
3932	3.717575431362629
3933	3.856240138546786
3934	3.258041483724698
3935	3.191834461468507
3936	3.525915224290171
3937	3.1866245754778304
3938	3.140037446891618
3939	3.7613255218116772
3940	3.288494826790888
3941	3.059046700153211
3942	3.167650735581915
3943	3.233262058074738
3944	3.22101714367192
3945	2.6583980615323064
3946	3.196798630152721
3947	3.0551423027685582
3948	2.6699053967011417
3949	2.9622395770111694
3950	3.3219601742778013
3951	3.677016415849501
3952	3.1656844333041096
3953	3.508735181420459
3954	3.3265439439245736
3955	2.6407716666740395
3956	2.1188850164657493
3957	2.8469652294287746
3958	3.0427881273370074
3959	2.8959671359712327
3960	3.1418056450146823
3961	3.4005541076153016
3962	3.089797001541296
3963	2.6781772744913943
3964	3.072250267107219
3965	3.268386881396691
3966	3.0510115316890225
3967	3.723356981839374
3968	3.6851603637352155
3969	3.2791112081275062
3970	2.9608579761934064
3971	3.3879562108731442
3972	3.7687404825566797
3973	3.503647009336274
3974	3.934353070392939
3975	3.8486449325091563
3976	3.974245037164538
3977	3.958739260405445
3978	3.913457911996241
3979	3.8508262049386897
3980	3.7060063102865928
3981	3.865461148985081
3982	3.8044688906623936
3983	3.596077765489345
3984	3.729647428877038
3985	2.8154622058369303
3986	3.755905290153966
3987	3.3840804131904405
3988	3.2484990411520207
3989	2.775823417417474
3990	2.871737026782425
3991	2.565841303884262
3992	2.769175308181729
3993	3.187642068819563
3994	2.7821018000197864
3995	3.0606258982592753
3996	2.6509605658681648
3997	2.140417996500153
3998	3.4046447323313425
3999	2.741509411544837
4000	3.0970762740252673
4001	3.2773477495615495
4002	3.4319839315521543
