0	4.240216957691133
1	4.2886670488410275
2	4.366278252760142
3	4.591712357078918
4	4.695750547025689
5	4.429746437449504
6	4.477210653850558
7	5.011104628916494
8	4.472754619504919
9	4.083087098073728
10	4.3258949908199975
11	4.322185572205128
12	4.119518293824456
13	3.9969623407909745
14	4.143062132389501
15	4.3636223981039635
16	4.094302395684016
17	3.9191675861675144
18	4.384041318761529
19	4.608255477782906
20	4.586961844796624
21	4.51343081529357
22	4.173919618180215
23	4.463909626240052
24	4.561528822734435
25	4.171547198310157
26	4.024982360255799
27	4.341473354305015
28	4.407387373580046
29	3.8957077902488466
30	4.301408111378183
31	3.9472018331072287
32	4.383008659804895
33	4.233875828302837
34	4.248100212365266
35	4.104145933659431
36	4.191052376976109
37	4.351481230937878
38	4.224391357321859
39	4.810543941342777
40	3.842365785591758
41	4.197100344838157
42	4.341992742396577
43	3.7342225049895226
44	4.21574476363044
45	4.211686986226347
46	4.0044573153178264
47	3.993089407385676
48	3.955226958464296
49	4.13257683485815
50	4.418267428228232
51	4.241940744908176
52	4.259234335465758
53	4.271514875439127
54	4.156487975234549
55	3.733933157479278
56	4.376813952913896
57	4.44386249189445
58	4.1465153477736605
59	4.368935697101368
60	4.110582878001455
61	4.270258775419334
62	4.098825158593486
63	4.344558431964421
64	4.378624885938956
65	3.951648721527576
66	4.332969093939829
67	4.492727721920751
68	4.055004087337572
69	4.080491118275634
70	3.835160617164854
71	4.507352431163881
72	4.040272499882445
73	3.732122962864385
74	3.9161133609087977
75	4.063051509698637
76	4.30819396457859
77	4.184326934238366
78	4.429144724333032
79	4.288047594380136
80	4.348816682050759
81	4.401706578979293
82	4.255054606902455
83	4.215037213807257
84	4.424452921606691
85	4.489667041413883
86	4.4632395537977825
87	4.177385383320482
88	4.353456090596288
89	4.18937621014685
90	3.884122674252278
91	4.351098124891303
92	4.083563459814574
93	4.479843627871636
94	4.3562796019613295
95	4.374001431810943
96	4.508420017767745
97	3.4777124354470677
98	4.070352469604685
99	4.191105188472459
100	4.363363137175534
101	4.206661173140261
102	4.285249812369742
103	4.074831780727211
104	4.312689088271669
105	4.26373493705754
106	4.506805889471279
107	4.228036636792236
108	3.983848138973746
109	3.9303467210647516
110	4.00543675993973
111	4.366149230275293
112	3.675033739185337
113	4.156105409175144
114	4.553130344698608
115	4.40256706956184
116	4.264247744438284
117	4.229134424264284
118	4.204007598032163
119	3.91527455399045
120	4.29574289317653
121	4.394869114379218
122	3.8918226961259044
123	4.203037835492059
124	4.283894964895954
125	4.041596185139732
126	4.613706592665885
127	3.8739847454631984
128	3.789195169141651
129	4.052927255735652
130	4.0266296876952
131	3.826861051329453
132	3.727551328382264
133	4.078758765863426
134	3.890680159567566
135	3.906736897433295
136	3.8646586246653696
137	3.9116819137911008
138	4.015470466496339
139	3.871891186184319
140	4.312837606155161
141	4.396392017352222
142	4.29224008485701
143	3.8771210664430504
144	4.284645585788932
145	4.64145777642906
146	4.200901811300111
147	4.217867652432385
148	3.8718779313818446
149	4.264157919950777
150	4.200472840776894
151	4.114045012897501
152	3.7157104372995153
153	3.7119402096326213
154	3.9855633897253315
155	4.015875069199692
156	3.9324484324490276
157	4.147163226049537
158	4.211693871367361
159	4.087730437162373
160	4.205271104944624
161	4.2445166523918045
162	4.02776911105977
163	3.8652290671396283
164	4.166128932771337
165	3.9340897691630032
166	4.088395431850197
167	4.653297257616782
168	4.144015012511999
169	4.020980249413751
170	3.7406622079594722
171	4.351887023966327
172	4.198416491705411
173	4.368052523325931
174	4.376043437604843
175	4.118069898774703
176	3.9995829506222456
177	3.9250975703409354
178	3.490719621496283
179	4.369929736284154
180	3.9401785927131576
181	3.8608772048476743
182	4.02233881170048
183	4.157724674298391
184	4.082488028955949
185	4.241532486408213
186	4.062227992042238
187	4.136056670047513
188	4.044013059922386
189	4.204275373653036
190	4.071636163163723
191	4.630770693653489
192	4.4550469961299175
193	3.9770776684225684
194	4.254198703776394
195	3.8351298661649844
196	3.749221809551212
197	3.9446280966846956
198	4.258857103978538
199	3.8739951388893914
200	4.173666095644914
201	4.238764763032993
202	4.355637976317777
203	4.080781972137158
204	4.372926549265568
205	4.535951143810907
206	4.670269051993086
207	4.557838606917474
208	4.573714537658702
209	4.070878412730989
210	4.402798824099891
211	4.126843080309874
212	4.50033267589172
213	3.904906797665279
214	4.063557301729057
215	3.793436628232061
216	4.041929165532767
217	4.180121134967772
218	3.8815575882277895
219	4.231119588717427
220	4.644707346626068
221	4.2731196472551805
222	4.410053948083526
223	4.430027680528408
224	4.1627341511512705
225	4.885787390328625
226	4.27893136350949
227	4.608289398790856
228	4.02753237283922
229	4.344413905199828
230	4.219511779501923
231	4.6236663067908905
232	4.732163187376475
233	3.9987584852694513
234	4.255047306932502
235	4.823226678812642
236	4.304794281923487
237	4.090809629440642
238	4.291118371733994
239	4.270979399819024
240	4.293681549017926
241	4.221878824219344
242	4.064491973353798
243	4.040146746059251
244	4.481415874593758
245	4.292238484706198
246	4.2885258805203925
247	4.4220211296880025
248	4.508583930646891
249	4.29692297259151
250	4.46126357222483
251	3.977966481936454
252	4.1846432936837195
253	4.333773450888149
254	4.381039366285814
255	4.242044151248858
256	3.874349500253249
257	4.3991615726260695
258	4.752406100560607
259	4.515571269006602
260	4.489850765303112
261	4.295579528527773
262	4.075178342655139
263	4.591382115205923
264	4.223389538020787
265	4.576835975655517
266	4.211482829197273
267	4.353022444114474
268	4.287930788414752
269	4.270799487936703
270	4.123387516022836
271	4.047666421860943
272	4.350344984050934
273	4.102157259564644
274	4.173557797925724
275	4.054684701320352
276	4.398892659867047
277	4.156073507725237
278	4.002833608131155
279	4.059128179686701
280	4.207765771711209
281	4.4637244859329765
282	4.0415004951236195
283	4.058139030787999
284	4.430029330253481
285	4.1467658700381955
286	3.655781068456512
287	4.469716587185434
288	4.477688677168789
289	3.66782707918226
290	4.124529839943246
291	4.0518005922737625
292	4.342242184487275
293	4.06488011614723
294	4.340255124727587
295	4.265756556633836
296	4.2930042128462205
297	4.441149655949534
298	4.378259700890188
299	3.969259614277683
300	4.303771560597292
301	4.495587728589477
302	4.533606932357074
303	3.8587074170088735
304	4.681492237599271
305	4.225645740909586
306	4.388861183459786
307	4.395710982395046
308	4.178885909038514
309	4.122701824172663
310	4.572137266847318
311	4.2866452948353535
312	4.12642282503307
313	3.929856266357528
314	4.310268816626644
315	4.035837591602929
316	4.182533004968411
317	4.113281837783598
318	4.531311454972766
319	4.462063670976527
320	4.197493251228703
321	4.092098801627943
322	4.128861162329822
323	4.167552010770308
324	4.082291810311283
325	4.03998513220414
326	3.9342282468832117
327	4.072421040338845
328	4.272958467480346
329	4.280897414799721
330	4.034106646900033
331	4.139256142293377
332	4.25183828125821
333	4.091940774681134
334	4.3910152681373456
335	4.047465008624405
336	4.434129963796227
337	3.8471985726201114
338	4.547229444034852
339	4.155587917709483
340	4.009087895073417
341	4.067493339207857
342	4.298964845301345
343	4.451851929771899
344	4.298954983449301
345	4.157803011588374
346	4.253618726834842
347	4.502295845556755
348	4.299783916803009
349	3.907028137450199
350	3.9874999875488317
351	4.771276670684582
352	4.030557914247502
353	4.4080285891371185
354	4.422719055886227
355	4.2595380643099725
356	4.526339736533877
357	4.528835114344345
358	4.75140013447278
359	4.82098200131533
360	4.2754677860659624
361	4.310918574596175
362	4.078731726539704
363	4.481594553719989
364	4.488318152123492
365	4.329116814163781
366	4.377184896183155
367	4.384418917506778
368	4.318063422991332
369	4.423317850876704
370	4.262846987494059
371	4.3578107265864885
372	4.461571507668665
373	4.327946325309644
374	4.383948590180102
375	4.006184109538961
376	3.7854114370947776
377	3.6794459497685588
378	4.134754342083508
379	4.036195845777705
380	3.9616305253838218
381	4.0503633233244765
382	4.357573121745261
383	4.328702947642335
384	4.371799626626245
385	4.357875129992964
386	4.2175566720667765
387	4.460228654299935
388	4.13470123126757
389	4.146052231352053
390	4.132945828825846
391	4.426332118302353
392	4.039584738755271
393	4.089517650762913
394	4.251741514605043
395	4.017506940852048
396	4.317533677064337
397	4.0845464977526404
398	4.338306087725471
399	4.31581710992578
400	3.8942953148806114
401	4.079160443881987
402	4.049247615544729
403	4.197431552560882
404	4.174173482557014
405	4.408385645387089
406	4.421415376474594
407	4.2079304188399735
408	4.184040769885216
409	4.410504610616299
410	4.299062367824554
411	4.51100225138958
412	4.04108765576339
413	4.454443950571567
414	4.167323565356759
415	4.315742527021157
416	4.502466376812618
417	4.076915291202603
418	4.1568761103722185
419	4.358265073967652
420	4.308697356393918
421	4.29106979195686
422	4.457292624747865
423	3.9710041460203835
424	4.283308402906575
425	4.048516685072272
426	3.948828738619021
427	4.149590856573675
428	4.118249994119814
429	4.392613683038813
430	4.24927116593618
431	4.178029156749282
432	4.2225938053992085
433	4.182878277838233
434	4.0703623769146855
435	4.03565228644238
436	4.40601761315285
437	4.526843868695599
438	3.8843498731266926
439	4.149567696005208
440	4.009851944396108
441	3.887066258682824
442	4.216506470312189
443	4.563367335217813
444	4.748251521245232
445	4.270879287385965
446	4.14988147261921
447	4.231808992806784
448	4.163878825401442
449	4.298518711893782
450	4.424094346099225
451	4.602801298740336
452	4.063295009793535
453	4.511951112427411
454	4.7121689268367035
455	4.24084656359777
456	4.475135865344424
457	3.913832406299818
458	3.991495539387002
459	3.9031433047939696
460	4.156085102566876
461	4.35735290283204
462	4.080116821091416
463	4.092554408380788
464	4.395161741821831
465	4.271553002025282
466	4.173979439026824
467	4.458985306700999
468	4.057496287217602
469	4.152734836150962
470	4.010410599212586
471	4.025273974899898
472	4.221937794805023
473	4.2755880226651595
474	4.395104713002044
475	3.747156819325999
476	4.1181125470738165
477	3.9326142528176273
478	4.135753011542115
479	4.056260201143085
480	4.070633041674378
481	4.227441323486017
482	4.584661474959877
483	4.6699776530084645
484	3.575261804723034
485	4.163615018349696
486	4.063037754820111
487	4.12586487357138
488	3.88559364442401
489	3.921221569346802
490	4.255055973786687
491	4.364986979221775
492	4.367452369713887
493	4.501988627327596
494	4.304485689934023
495	4.204091506302551
496	4.399359880392491
497	4.116396788446178
498	4.104597544120491
499	3.8805631796760727
500	4.193159144559353
501	4.542118891608058
502	4.28196763192181
503	4.226591322076635
504	4.456416055633781
505	4.383198290964799
506	4.14226486819614
507	4.648561313613169
508	4.285165462477787
509	4.71287634499049
510	4.41443864060264
511	4.704132228307306
512	4.419138291214191
513	4.4563205352369115
514	4.1861414357895494
515	4.095758292386337
516	4.310281883865049
517	3.654807150338842
518	4.391349183476769
519	4.093563989454485
520	4.275198908475877
521	4.500503909583605
522	4.138245100031832
523	4.132852661767342
524	4.122564173162288
525	4.31183426449025
526	4.016595582060935
527	4.2334444775060165
528	4.09672467564702
529	4.192450676793902
530	4.273642187248782
531	4.158249045736887
532	4.322355793254035
533	4.506304609015585
534	4.2507164407729
535	4.2835675319061215
536	4.26596631558747
537	4.422642937524025
538	4.479167367903761
539	4.295720095306792
540	3.8839475931548217
541	4.428589189719571
542	4.586187117961337
543	4.426458651915041
544	4.08847162946822
545	4.259857928581897
546	4.147622394703589
547	4.295382883751892
548	4.2664345022129035
549	4.496601421895298
550	4.246018732560484
551	4.307778579152517
552	4.017592039072546
553	4.276619599352443
554	4.11586992763148
555	4.359520815862776
556	4.20552260919052
557	4.568632896730513
558	3.9224380944508073
559	4.484881944244657
560	4.332381052109749
561	4.294966882754662
562	4.231958878410184
563	4.2484476533113025
564	4.242940796056647
565	4.133020376464273
566	4.2651556499140355
567	4.011457953677267
568	4.196989236329967
569	4.26425053960328
570	4.489371036692318
571	4.320188283648678
572	4.254700493564338
573	4.541924010105287
574	4.128297290820481
575	3.96922149486212
576	4.0867785542847
577	4.2294942187816655
578	4.0000341206404695
579	4.376445387308144
580	4.397675311146444
581	4.172575539784755
582	4.259755958758326
583	4.094834595040442
584	4.106433804135831
585	4.763110036781367
586	4.533731452327867
587	4.211353872346565
588	3.841127823571571
589	4.284754924083691
590	4.035405407190258
591	4.2048808149271
592	3.9587008766783525
593	4.004035842898842
594	4.432637966414203
595	4.5671161330742
596	4.411178149418591
597	4.206541580393332
598	4.213552262110912
599	4.490803189501078
600	4.474727023039733
601	4.173377133965562
602	4.090546125262288
603	4.4358236365517065
604	4.498969713749705
605	4.609115602331819
606	4.518208489539171
607	4.304384348542553
608	3.9999070376682293
609	4.060087041044516
610	4.5471756113031585
611	4.0778002195274
612	4.142107523034131
613	3.9346469845002243
614	4.121647806821951
615	4.511013654031807
616	4.401104670710985
617	4.267544812191335
618	4.52602154375071
619	3.9375359407802986
620	4.168764885013116
621	4.291249565855538
622	4.2740572046655165
623	4.365086561635236
624	4.457410263121751
625	4.012991251132917
626	3.837061352583692
627	4.214464939793471
628	4.270757003795785
629	4.1868673638965195
630	3.820640608245724
631	4.420347566597629
632	4.307467085755487
633	4.110770376738703
634	4.311943197077823
635	4.334299640308563
636	4.027522331836925
637	4.239442388041091
638	4.200582399278244
639	3.7623215622488098
640	4.052636455585941
641	4.281094449362594
642	4.195536104087938
643	4.067137133457355
644	4.048393009069022
645	3.890170760926389
646	4.182233526088157
647	4.388945848001557
648	4.168169564939278
649	3.6346434429865724
650	3.8409056258294862
651	3.8232996732075564
652	4.432296609269071
653	4.2782522710361786
654	4.0556434918895015
655	3.9893518835274735
656	4.296200098152713
657	4.506958673248226
658	4.353951246996782
659	4.2696676464323025
660	4.2136266690917825
661	3.900510858459035
662	4.326434463130158
663	4.229563789368798
664	4.165374887404099
665	4.044374112787949
666	4.355441178719522
667	4.0601497780732805
668	4.181793648505955
669	4.431130030359852
670	4.330697248104455
671	4.111718698443174
672	4.1297352898773605
673	4.295596200022743
674	4.186315079083105
675	4.348472409321903
676	4.3003061271029885
677	4.039043612455577
678	4.101975852586348
679	4.081302898458047
680	3.8615857714722055
681	4.057329124075261
682	4.516590596577411
683	4.165473469042954
684	4.000517948254972
685	3.959836794648771
686	4.179322612481527
687	4.291370983238296
688	4.061531346501711
689	4.31910765720237
690	3.9856032247478304
691	4.140832701316693
692	4.4266830262890275
693	4.0139505263736375
694	4.261263097510403
695	4.139033357420252
696	4.211996498812391
697	4.187653017652053
698	4.566981459936935
699	4.27184851615265
700	4.1099610157358715
701	3.835847255364791
702	4.171487203064155
703	4.362188176149689
704	4.52773556946776
705	3.8762632487953
706	4.3784325375168605
707	4.211115802151371
708	4.5267262145829825
709	4.394538626132069
710	4.410560623567783
711	4.196121668250901
712	4.3915004823160695
713	4.465449563713101
714	4.460206013721227
715	4.262703735050625
716	4.331793733730182
717	4.236260897943594
718	4.7351604478807685
719	4.068258521933294
720	3.876571837098558
721	4.531927112331912
722	3.9699845245206866
723	4.465999262741655
724	4.21369163198573
725	4.6721865553955535
726	3.981879510345554
727	4.172838839605497
728	4.1028104455358845
729	4.66399033570348
730	4.077598311460174
731	4.504448606938284
732	4.33260905534685
733	4.676353274843008
734	3.9748052542642394
735	4.3917931150889356
736	4.201861942104341
737	4.236788306142383
738	4.052394976726447
739	4.495251715473926
740	4.136523857997059
741	4.088819494726348
742	3.900254271020693
743	4.527587868716734
744	4.267258829806272
745	4.185414459225692
746	4.100606697273752
747	4.151799632814229
748	4.326353613434413
749	3.9708989174536664
750	4.0285872864027015
751	3.9954166982772232
752	4.004479848128628
753	3.9941188127871063
754	4.100530361242043
755	4.408486480070767
756	4.291054875513362
757	4.4682212627323015
758	4.234375237492174
759	4.0773090230683
760	4.2996546636499104
761	4.397721875479461
762	4.288846331731454
763	4.000729459417616
764	4.344049995508946
765	4.26709141227722
766	4.417495037992074
767	4.258361829503437
768	4.667260037248898
769	4.352306860873074
770	4.103475839334067
771	4.073256190994628
772	4.072585822778044
773	4.34182907346689
774	4.1541736638508375
775	4.360223802023964
776	4.1096840414621365
777	3.8245654667445947
778	4.015721749347208
779	4.35575441768283
780	4.198134729074068
781	4.1877540463208565
782	4.303566119026538
783	4.348846515267057
784	4.098206674526163
785	4.099813312622274
786	4.221267342043208
787	4.0742231346051465
788	3.868042606387264
789	4.195833518359848
790	3.994174904649227
791	4.354704109280113
792	4.280870157812773
793	4.102398001461745
794	4.364068563592432
795	4.362545747650848
796	4.363277206450068
797	4.185880911333662
798	3.8185161491639876
799	3.9414793256701537
800	4.254928234485026
801	4.11593442953158
802	4.061381389462844
803	3.9556313323295123
804	3.8550274676259955
805	3.6940345640129943
806	4.206773597228315
807	3.9610919540064473
808	4.007059670387988
809	4.018512644384545
810	4.204982457803087
811	4.20164485337715
812	4.225636248237414
813	4.1068663445554865
814	4.2131539237238425
815	4.544455606675628
816	3.7335939741840867
817	3.963613746899211
818	4.207710357184395
819	4.30135005862002
820	4.449308063777861
821	4.488754410248969
822	4.183159228875141
823	4.023035605920296
824	4.235508507207396
825	4.647857874656359
826	3.9694254208329047
827	4.371633433979092
828	3.8324901461076317
829	4.073448943102174
830	4.329431274530085
831	4.274251356741377
832	4.231121522293018
833	4.235481109692945
834	4.347820939592577
835	3.662858623761049
836	4.068271800989391
837	4.082659530338812
838	4.390302505106375
839	4.07048789987435
840	3.981165385079313
841	3.8541048151151855
842	4.107029364445945
843	3.8640700106805794
844	3.8067347909541263
845	4.104805058872693
846	4.05985177337669
847	4.199284992268582
848	4.098806977039546
849	3.8107242066171194
850	4.302121924927976
851	4.28388408679149
852	4.27098479479837
853	4.162282241373172
854	4.059442469355926
855	3.7426454639503235
856	4.256825833912057
857	4.362500387478146
858	4.4548438250598315
859	3.8379223439752854
860	4.169143162480907
861	4.159129899339176
862	3.9675886926492736
863	3.8846586010766746
864	4.443526005953716
865	4.213890348255144
866	4.028245121127288
867	3.9303850230713118
868	4.092574903759445
869	3.863879118582495
870	4.172634983848442
871	4.051080276030034
872	4.036988647803476
873	4.196874943285225
874	3.8663148359426094
875	3.6472642111573355
876	4.314247802799869
877	4.1837409704366175
878	3.800691505307985
879	4.201150456827733
880	3.953801768839619
881	3.9497959141880292
882	3.8571319794252554
883	4.1443856494889335
884	4.376022787229599
885	4.238681291328782
886	3.9752238078280184
887	4.093449086471267
888	3.812788952564461
889	4.2854655270102135
890	4.144497564646567
891	4.084528839430393
892	4.221694933291043
893	3.870073607016713
894	4.14672863297511
895	3.459820501301973
896	4.255041534884764
897	4.099800612085014
898	3.9244443585719853
899	4.023236303487921
900	4.323604036866099
901	4.06511762009988
902	4.303902074151621
903	4.379846058067803
904	4.193296436707962
905	4.6213672310020515
906	4.374686629551912
907	4.453992958814196
908	4.366114873454642
909	4.426022595524573
910	4.280305504591352
911	4.372088888021739
912	4.0502938626968445
913	4.439956116084324
914	4.480510950883945
915	4.14416225474964
916	4.405226686191792
917	4.279196948335852
918	4.380338905883074
919	4.1301555694074565
920	4.025437450895827
921	3.9661020075362625
922	4.148334279672385
923	4.075740711963582
924	4.101051636755709
925	4.055797752640198
926	4.5699928896535456
927	4.131663466675954
928	4.1264966488701145
929	4.529551165008266
930	4.29644484913018
931	4.466274786344097
932	4.404166528231056
933	4.440302213107621
934	4.659070352888224
935	4.514019160815492
936	4.284299520289948
937	4.44318058275418
938	4.291332906502474
939	4.502834346853788
940	4.190368525477409
941	4.47301533266257
942	4.520909844772716
943	4.235425701453114
944	4.651069745165266
945	4.403481337374135
946	4.436283905020607
947	3.9238891422915207
948	4.496690025055528
949	4.362524957702714
950	4.399076937970279
951	4.498440380326973
952	4.2314686297271455
953	4.239389725897521
954	4.698458015445081
955	4.419655923171091
956	4.298785091152059
957	4.565283027221429
958	4.599713750913783
959	3.656071571482496
960	4.102713191191085
961	4.029094707540146
962	4.52193031231259
963	4.500256370023239
964	4.214980922298146
965	4.2456889845018075
966	4.1747826148719245
967	4.495184404653541
968	4.485893793935864
969	4.349303627745497
970	3.923334102831922
971	3.7394390379060254
972	4.333530642698508
973	4.263445401593148
974	4.488131049797181
975	4.410153542315757
976	4.087853252660208
977	4.487811234453466
978	4.404646972153822
979	4.180443431993998
980	4.460804557104827
981	3.850401370401624
982	4.340519590102604
983	4.19463133551777
984	4.523879694109523
985	4.069210625158915
986	4.139560033618689
987	4.425587651692042
988	4.209478672420971
989	4.2781699083457925
990	3.9074059781227493
991	4.1662797441903985
992	4.214096581974481
993	3.9882441147509837
994	4.3258513079787475
995	4.172087004051766
996	4.1886596351027645
997	3.740868317570547
998	4.28792506065761
999	4.5431580820243225
1000	4.1777941780234995
1001	4.2363719292808195
1002	4.527846314958537
1003	4.055277030823995
1004	4.138137952897421
1005	4.215759759412477
1006	4.175108646624015
1007	4.180303277922207
1008	3.9681272832045935
1009	4.192552618110423
1010	4.234445335930308
1011	4.096664439577258
1012	4.0583751787344635
1013	4.376749770855354
1014	4.136268295231365
1015	4.021150840733235
1016	4.092182551428719
1017	4.203120503668285
1018	4.142252573517589
1019	4.0145076160885935
1020	3.853159613505956
1021	4.0640212724739255
1022	4.3033197595290495
1023	4.314714111468923
1024	4.034071630480778
1025	4.196303088098265
1026	3.8312197770274525
1027	4.027114739585997
1028	4.150176248676267
1029	4.026195446514423
1030	4.147447717750158
1031	3.900447016499499
1032	4.114916793447238
1033	3.867689172463134
1034	4.377524553191776
1035	4.08970025544335
1036	3.973448669781106
1037	3.9629346841190176
1038	4.397690603749214
1039	4.312030537854404
1040	3.8128321511432506
1041	4.424677032696881
1042	4.058351445223988
1043	4.6499157696651645
1044	4.266895653147216
1045	4.017514209190563
1046	3.9139014311029534
1047	4.319171508629948
1048	4.257072478046763
1049	4.356811026427192
1050	4.108578307569059
1051	3.9737829891498713
1052	4.306586202598268
1053	4.39397340901232
1054	4.1933003832120255
1055	4.089636506603797
1056	4.049176126188457
1057	4.326535251339604
1058	3.998791200598326
1059	4.14342398768275
1060	4.306509172308851
1061	3.92825949628248
1062	4.045797813496935
1063	3.8533816989235503
1064	4.103374397359514
1065	4.073058947016302
1066	3.6693252895533504
1067	4.1416344440727
1068	4.434643252258311
1069	4.168346917832319
1070	4.600952868669701
1071	4.072246429180819
1072	3.8472530746788114
1073	4.0624257312279175
1074	3.8965344945563696
1075	3.6148796596959785
1076	3.420108692612448
1077	4.164516854913416
1078	4.009250308865106
1079	3.923460461343045
1080	3.7635753237428515
1081	4.302980892352848
1082	3.927025171634877
1083	3.76687876341417
1084	4.157287035388086
1085	3.824647772733849
1086	4.200979981042238
1087	4.095932431837351
1088	4.228255269199168
1089	3.9728794374508944
1090	4.383997340971268
1091	3.9334455331164224
1092	4.109823634913507
1093	4.441284320323652
1094	4.4362506068014085
1095	4.118896341496201
1096	4.166707603793716
1097	4.148705145015089
1098	4.216097362261224
1099	4.100775514083691
1100	4.452284610703649
1101	4.26107036647042
1102	3.778557130989719
1103	4.080314891976267
1104	4.18903594692122
1105	4.197104093010806
1106	4.451985437236772
1107	3.988295468224315
1108	3.916360650591258
1109	4.128700756475476
1110	4.14966935076594
1111	3.9346328251893645
1112	4.103544733536238
1113	3.747366817169266
1114	3.9226419841391045
1115	4.016141130707025
1116	4.024477703193771
1117	3.9853208539808906
1118	4.172532236367671
1119	4.346627357527801
1120	4.100382464088596
1121	4.007495203469246
1122	3.5061508568120683
1123	3.9084059383865686
1124	4.235417955958125
1125	4.26673352590315
1126	4.140950739691018
1127	4.453529855808035
1128	4.5474203846895
1129	4.264509862709795
1130	4.370688902966721
1131	4.31134671437743
1132	3.915332047640916
1133	4.007862356279079
1134	4.250595705101085
1135	4.031985098788719
1136	4.141046198449447
1137	4.446861719561891
1138	4.160635048655833
1139	4.489728393554776
1140	4.26074018072939
1141	3.9412121241683127
1142	4.48061582359728
1143	4.175387193208582
1144	4.338936101560615
1145	4.331169499059447
1146	4.5050827261869175
1147	4.3110483126533214
1148	4.027772437352098
1149	4.46265310966156
1150	4.159850853425402
1151	4.244585599445521
1152	4.38769715894418
1153	4.081049980049678
1154	4.198924998125742
1155	4.067803244055412
1156	4.03029305981046
1157	4.26786039140346
1158	4.204281000821672
1159	4.226238001653491
1160	4.013516071796478
1161	4.161863789604849
1162	4.480719706714367
1163	4.051477591286159
1164	4.276544256874481
1165	4.277760978620377
1166	4.229566785073318
1167	4.329104098174531
1168	4.337441135570374
1169	4.3585514050978675
1170	4.402461432556912
1171	4.683947036966201
1172	4.263209370539906
1173	4.170384486108106
1174	4.046382129147232
1175	4.5756327108344115
1176	4.138538899746531
1177	4.078025776607273
1178	4.244078905273605
1179	4.486412238732018
1180	4.1559984872088105
1181	4.322324269637686
1182	4.550789188096674
1183	4.412377251716864
1184	4.3541745043458935
1185	4.634688458400791
1186	4.457258244464215
1187	4.314552726500576
1188	4.067950054121069
1189	4.198097969706923
1190	4.451216089817166
1191	4.3151980553041005
1192	4.569374534521342
1193	4.617234196250333
1194	4.319359710686845
1195	4.225614881942491
1196	4.449892291508814
1197	4.163378014009125
1198	3.945006290860362
1199	4.391050264819547
1200	4.184782524941709
1201	4.257369474850702
1202	4.146297039134439
1203	4.098900549579542
1204	4.009998603340959
1205	4.268816524752711
1206	3.9299573828036096
1207	4.20369804985002
1208	4.156238025151776
1209	4.60104032930735
1210	3.9421803695737134
1211	4.410174556974127
1212	4.492359806835752
1213	4.313603201411233
1214	4.2426275352558545
1215	4.182090887183479
1216	4.515439352655474
1217	4.22536756572063
1218	4.256807909840023
1219	4.404839210017113
1220	3.83528727050365
1221	3.853103657663816
1222	4.225614101446955
1223	3.862819113256197
1224	4.224794116192767
1225	4.171076050440135
1226	4.673285525286124
1227	4.374594701385881
1228	4.126973049014653
1229	4.034611175674686
1230	3.9223880740864416
1231	4.5094236416033056
1232	4.500049872936208
1233	4.344264210980529
1234	4.322615863676862
1235	4.44974152320736
1236	4.370846224663928
1237	4.562355652935615
1238	4.0681056352349225
1239	4.740304445343049
1240	4.1828443973939935
1241	4.529319599028555
1242	4.336947630150629
1243	4.310061127928789
1244	4.097141530854372
1245	4.23062652615657
1246	4.081008373763076
1247	3.6613576981296587
1248	3.935740871311573
1249	3.80235709827215
1250	3.705984050067812
1251	4.039092319390407
1252	3.799147995893433
1253	4.051250730605662
1254	3.9511027315794194
1255	4.255784972001555
1256	4.050956992959706
1257	3.9542186213877035
1258	3.9189172663362326
1259	3.841470274989617
1260	4.21014768712346
1261	4.170676689243994
1262	4.0095990000151644
1263	4.014157562944718
1264	4.24683873502116
1265	3.7265824239928373
1266	4.395054942512882
1267	4.241735138517685
1268	4.10214360933602
1269	4.059929808091377
1270	4.249521800659533
1271	3.708842399449652
1272	4.195243100256142
1273	4.0992589984172785
1274	4.120541420418161
1275	3.967603587165839
1276	4.030691071158958
1277	4.227064460410503
1278	4.224590750682798
1279	4.176479549621273
1280	4.409697343862526
1281	4.1209890341843165
1282	4.289909622725155
1283	4.006610748182019
1284	3.9656600923883247
1285	4.217253328967474
1286	3.7861249273503943
1287	3.7873516576624815
1288	3.7216437890561145
1289	4.254888663433714
1290	4.142790318540702
1291	3.9226335757108313
1292	4.073631788335088
1293	3.9336971066062336
1294	4.168659868231257
1295	4.136550839812124
1296	4.12682176470199
1297	4.0689536467322265
1298	3.917912737675006
1299	3.538890802166031
1300	4.264774680528847
1301	4.183660071290481
1302	4.20613556747291
1303	3.9180492737389825
1304	3.7780512767790415
1305	4.102778649930618
1306	4.219906913936031
1307	3.944638771483306
1308	3.899658547731519
1309	4.236146543119867
1310	4.164057970931018
1311	3.453150334571326
1312	3.9240341424755547
1313	4.567898056049706
1314	4.142637731679996
1315	3.951735091990658
1316	4.532584116129356
1317	4.3444401848718925
1318	4.265861567895618
1319	4.214030332677521
1320	4.304027902596085
1321	4.138948696738508
1322	4.1270913824584285
1323	4.167966693120602
1324	4.005205818353828
1325	3.9523285819129503
1326	4.02742906727065
1327	4.357647536690042
1328	4.240768171966968
1329	3.9481828762091338
1330	4.38160922392898
1331	4.206218353564075
1332	4.4493850906970795
1333	4.205833890044115
1334	3.9154051125935325
1335	4.471665000752952
1336	3.9657923415295997
1337	4.317388047993621
1338	4.403596597050904
1339	4.490169988288436
1340	4.091139463411837
1341	4.340528481190809
1342	4.336206052113292
1343	4.315190936988245
1344	4.275063260325327
1345	4.248341284924297
1346	4.142061921785634
1347	4.10454202206978
1348	4.5238551390499016
1349	4.363931710588578
1350	4.650718723564827
1351	4.307020799970045
1352	4.2936350590989765
1353	3.8528025239233528
1354	4.106102774793239
1355	4.199067823591688
1356	4.122477294332861
1357	4.051327730888552
1358	3.9924374817517387
1359	3.8929626005002222
1360	3.7484836807052635
1361	4.122489315753847
1362	3.9709722147965065
1363	4.061923787178174
1364	4.3398884235595885
1365	4.472756067166903
1366	3.966524231818084
1367	3.927071266559131
1368	4.128144543408463
1369	3.7346722630300215
1370	4.265342393284687
1371	4.223673734740542
1372	4.166303633185145
1373	3.738016594816028
1374	4.300783174076828
1375	4.127549058624161
1376	4.424798220880272
1377	4.400290098368063
1378	4.39487203649422
1379	4.07250979244022
1380	4.1573036638810885
1381	4.088550093015211
1382	4.503952435552614
1383	3.911785656507897
1384	4.2678583983313905
1385	4.100970830713271
1386	3.9921138855671625
1387	4.289550649465363
1388	4.176663779736503
1389	4.284102595416721
1390	3.973896693321334
1391	3.8691042213563653
1392	4.342091486129697
1393	4.568177144956701
1394	4.01069280163601
1395	4.243140795024715
1396	4.234614791302135
1397	4.356186920887528
1398	4.645475698947147
1399	4.265012659311393
1400	3.8944200040474906
1401	4.039334251609715
1402	4.273979765530713
1403	4.414474160539314
1404	4.427740510153082
1405	4.450783009789835
1406	4.523724823509282
1407	4.138527461663123
1408	4.614515255736208
1409	4.361831068268369
1410	4.028132618598674
1411	4.121111222085349
1412	4.588095442552112
1413	4.493629933066759
1414	4.3405927787015
1415	4.346011072735582
1416	4.409389232914827
1417	4.605332045354559
1418	4.194521007159526
1419	4.325595932470146
1420	4.068947357125899
1421	4.520693711098833
1422	4.547014907318666
1423	4.354389452346216
1424	4.318076542256317
1425	4.268165162868538
1426	4.00562757295575
1427	4.269192834801785
1428	4.15180946257627
1429	4.25739820819972
1430	4.406082908921152
1431	4.230978716197184
1432	4.189894712440314
1433	4.5981535833404275
1434	4.353254929317594
1435	4.584098164261522
1436	4.289483864124823
1437	4.228985145017897
1438	3.965156251458583
1439	4.109575715498235
1440	4.377783662130973
1441	4.517688599331817
1442	4.26391330592343
1443	4.268095908538754
1444	3.8895616970707514
1445	4.405929086181012
1446	4.409879609617929
1447	4.620397078207742
1448	4.195251034231039
1449	4.275271714437397
1450	4.090988428707389
1451	4.30240591421933
1452	4.152748177099521
1453	4.082651554036277
1454	4.235474029262983
1455	4.0533059699111105
1456	3.9702346151195096
1457	4.611497089800333
1458	4.267896771022205
1459	4.575904775723779
1460	4.244659210819331
1461	4.357358626520294
1462	4.420542769924978
1463	4.123503333445411
1464	4.400082701339843
1465	4.373826218561224
1466	4.3050195897944254
1467	4.318401548199826
1468	4.1629154129063695
1469	4.398731130483446
1470	4.368873158019357
1471	4.388592108917877
1472	4.269367976136393
1473	4.235519965958999
1474	4.3032783055068
1475	4.1043879494061635
1476	4.127182303702824
1477	4.261295993675027
1478	4.148286479477089
1479	3.8405778805439184
1480	4.650193019312557
1481	4.307650788432796
1482	4.538615756232707
1483	4.607749739777182
1484	4.055852733619629
1485	3.9504574380167723
1486	4.43823757594421
1487	4.262890922326737
1488	4.2988175066025835
1489	4.499460123687349
1490	3.8903089187714257
1491	4.426537268971022
1492	4.294361517670271
1493	4.162393962900854
1494	4.195769206279818
1495	3.934678891296517
1496	4.417792918767978
1497	4.378583648028924
1498	4.183688560057221
1499	4.022339479040749
1500	3.6468370072050478
1501	3.827428534117858
1502	4.13783015810593
1503	4.559772387169971
1504	4.096222170890532
1505	4.269903044348803
1506	3.696471646192308
1507	4.053825680023825
1508	4.004606706510443
1509	4.018275815669613
1510	4.154687743771202
1511	4.046707764495306
1512	4.42565719927765
1513	4.81692955321251
1514	4.292399869877357
1515	3.94453070926841
1516	4.574001416643448
1517	4.796828784470696
1518	4.311866850114074
1519	4.266869239554406
1520	4.28863729778764
1521	4.3983599259173936
1522	4.084264455082599
1523	3.9775896714930608
1524	4.305140692053782
1525	4.075412772990458
1526	4.034986057156432
1527	4.42002123507702
1528	4.261433621689763
1529	4.219160545804694
1530	4.2207542954067065
1531	4.027423589447846
1532	3.9346792374637083
1533	4.358549246661739
1534	4.1344346886839665
1535	4.378265717447662
1536	4.423595189179232
1537	3.6760670733864638
1538	3.7399934904285956
1539	3.416967638818854
1540	3.674170495637083
1541	4.036102680171565
1542	3.991697415511714
1543	3.551683419005305
1544	3.7316611308036687
1545	3.9372090394657318
1546	3.8452190808049957
1547	4.355087343693639
1548	4.47947183378601
1549	3.993325606502983
1550	4.216264927252782
1551	4.039550675423852
1552	4.2415445134863905
1553	4.281873968705382
1554	4.584201867155569
1555	4.540166347126749
1556	4.341787083603012
1557	4.24875171443999
1558	4.3907832137693354
1559	4.4690055861580795
1560	4.441911780196686
1561	4.381171833176074
1562	4.452775076356381
1563	4.295555318485992
1564	4.5026695502132705
1565	4.420597130621159
1566	4.104784476706208
1567	4.516649273161309
1568	4.329005817969453
1569	4.397670682272212
1570	4.667459482178859
1571	4.4089250380365455
1572	4.567848239969708
1573	4.195310493100025
1574	4.557789695408085
1575	4.296415966115981
1576	4.137219532917712
1577	4.349984566000876
1578	4.165392622208858
1579	4.000378639581004
1580	3.5097763890168348
1581	4.062239522476229
1582	4.445803958800008
1583	4.327575596769498
1584	4.301766919029966
1585	4.669776658617257
1586	4.269476896287324
1587	4.594732692517402
1588	4.247550206618499
1589	4.2829022207641145
1590	4.212087924622748
1591	4.355372422390831
1592	4.245161259589428
1593	4.197749470788042
1594	4.108441676271516
1595	4.122175521921283
1596	3.964935136741563
1597	3.925699873261567
1598	3.980825998065817
1599	4.0684418680764844
1600	4.4307960503776425
1601	3.8908406658641295
1602	4.222261463472758
1603	4.101233442799244
1604	4.56256499021114
1605	4.5260441998999985
1606	4.232322413611929
1607	4.210235721716611
1608	4.376096626530396
1609	4.359571491757433
1610	4.124568309793149
1611	4.2596111062666155
1612	4.267350156193247
1613	4.1473775930140535
1614	4.427684440224434
1615	4.378575485528233
1616	4.538086313865442
1617	4.189165831701129
1618	3.9007082710058842
1619	4.042177830673984
1620	4.084218117544602
1621	4.06419060244071
1622	4.304777411754972
1623	4.185675934078887
1624	4.403452712577237
1625	4.514006511465755
1626	4.658390808638269
1627	4.450408538904068
1628	4.013871984502044
1629	4.377221832147502
1630	4.592790576754294
1631	4.276960811062862
1632	4.141079147912982
1633	4.247266466613161
1634	4.484811538853011
1635	4.722141854929285
1636	4.7335496655032
1637	4.469511778598388
1638	4.524791954653196
1639	4.376670501400434
1640	4.371579181076799
1641	4.747738368356124
1642	4.425090880912396
1643	4.6224986527061915
1644	4.579124322243899
1645	4.548794893311426
1646	4.304479945855608
1647	4.211418505147963
1648	4.235098037973245
1649	4.218924222489386
1650	4.281338228423117
1651	4.0719793446659684
1652	4.464657777235524
1653	4.272829136695468
1654	3.8217110764440947
1655	4.275324479303078
1656	3.714109305949245
1657	4.383005276436731
1658	4.24063791337942
1659	4.524126071072599
1660	4.470097429556562
1661	4.037370492485862
1662	3.968725889444677
1663	4.660590465935158
1664	4.346757231093927
1665	4.387909618305936
1666	4.329379002640164
1667	4.448754109285813
1668	3.959409259638665
1669	4.672667955122794
1670	4.3589324725670915
1671	4.421735930455748
1672	4.55347287046683
1673	4.583527233955807
1674	4.481770452294824
1675	4.4294147624083315
1676	4.499777101094455
1677	4.37677989628721
1678	4.470508381152154
1679	4.313042450236048
1680	4.300318584564234
1681	4.2023043073682835
1682	4.071070014718762
1683	4.411818950262627
1684	4.733881136496949
1685	4.459763514318533
1686	4.117164484684419
1687	4.411007223148759
1688	4.430700353920078
1689	4.1982555030355915
1690	4.504609516959364
1691	4.059168306519769
1692	4.693723358162736
1693	3.970983715262652
1694	4.193027121348495
1695	4.216406448350309
1696	4.371866644369678
1697	4.341558701798629
1698	4.34168445829291
1699	4.866426743758926
1700	4.056974828719118
1701	4.355365037561811
1702	4.191752430680471
1703	4.555201568546662
1704	4.586741288132918
1705	4.34763486983447
1706	4.2835450518683835
1707	3.952735587914965
1708	4.451553022191267
1709	4.402310057794046
1710	4.3676740823273965
1711	4.29266804723772
1712	4.284009996964578
1713	4.152734117861762
1714	4.230060987620123
1715	4.30762764278223
1716	4.229119266563032
1717	4.18544881059405
1718	4.472583716639456
1719	4.264329440495246
1720	3.8136945554725235
1721	4.052789548346604
1722	4.440626096934277
1723	4.246876417965548
1724	4.039445448283075
1725	4.0193166099396205
1726	3.4822378318013927
1727	4.012676780995665
1728	4.252921831626559
1729	3.664843463724019
1730	4.1214046608451955
1731	4.072601795667612
1732	4.228373897351812
1733	4.19789079742193
1734	4.084159876177903
1735	4.062168484064117
1736	3.943568755348555
1737	3.6581360868169552
1738	4.697475302919718
1739	3.943979114186988
1740	4.417364206232501
1741	4.361672816258088
1742	4.257732404022476
1743	4.196867332907066
1744	4.261567727520213
1745	4.061977720901625
1746	3.8757909697843185
1747	3.9515126044527964
1748	4.132799602100499
1749	4.473224032869534
1750	4.400104754606762
1751	4.5923730769376645
1752	4.999671728913988
1753	4.277122230261138
1754	4.5516143680045165
1755	4.156923505162611
1756	4.515670193256402
1757	4.0200807828039
1758	3.9637714665205923
1759	4.371493486995783
1760	4.207561143682669
1761	4.60121915276655
1762	4.328032108699676
1763	4.361993624185816
1764	4.21492077036042
1765	4.49277403099514
1766	4.132080365414883
1767	4.161207161832929
1768	4.209204473251203
1769	4.536595643730075
1770	4.625481129842671
1771	4.106910399108048
1772	4.37920541001461
1773	3.776883071780653
1774	4.359543672703679
1775	3.9729755711630648
1776	4.3336068605059035
1777	4.330901585556607
1778	4.4604539947278505
1779	4.054415952562906
1780	4.280435562455368
1781	4.210206327425063
1782	4.29545140537942
1783	4.169031829532376
1784	4.3471264356016075
1785	3.897483953992113
1786	4.274510042131496
1787	4.187980151820728
1788	4.3718701287782
1789	4.022730327369082
1790	4.000619263376883
1791	4.205857847736129
1792	4.274657273495242
1793	3.882011746219094
1794	3.816078735493041
1795	4.167230253582564
1796	4.010537055780579
1797	4.239101706588207
1798	4.192005123147351
1799	4.329411753180642
1800	4.41772091259647
1801	4.1507450971575715
1802	4.09255828760065
1803	4.351008433345072
1804	4.009463300387712
1805	4.260950649981681
1806	4.349969266366384
1807	4.06103208296219
1808	4.082100517153282
1809	4.133350691297686
1810	4.1975577772779955
1811	3.989616843364364
1812	4.256382271341883
1813	4.3438798940670065
1814	4.078270342298026
1815	4.335005202710204
1816	4.094131619961149
1817	4.419059390760177
1818	4.057887005288603
1819	4.359386182594866
1820	4.334352998635253
1821	4.257398683874712
1822	3.886856593316256
1823	4.012295427193096
1824	4.160936683249575
1825	4.117757815669021
1826	4.17544960039743
1827	4.145951079650552
1828	4.148470543836582
1829	4.428131325757882
1830	4.249451395112349
1831	4.175002057039948
1832	4.089649637509569
1833	4.115383672673775
1834	3.8891584593652855
1835	3.9869881248214023
1836	4.479195226817308
1837	3.9340268482481373
1838	3.8092313260878483
1839	4.315427746869854
1840	4.289279089309041
1841	4.042716418578482
1842	4.508035693999173
1843	4.627556408091427
1844	4.674138385323603
1845	4.336491207619872
1846	4.228053531337205
1847	4.582500996682233
1848	4.923926429307807
1849	4.182694141817376
1850	4.073352838498385
1851	4.11636472841606
1852	3.737489795973662
1853	4.245748601229001
1854	4.0722228501413635
1855	4.809414048442207
1856	4.497461677650648
1857	3.7859619042892345
1858	4.0550737404485035
1859	4.055171479738159
1860	4.045270614086227
1861	3.2804410825995842
1862	4.2431248907963255
1863	3.867834862749127
1864	4.511952242037203
1865	4.337166273275348
1866	4.047971779386822
1867	3.877589172547903
1868	4.167833551259836
1869	4.171775833172815
1870	4.27765470876547
1871	4.352351015568094
1872	4.072616004581212
1873	3.9819372594468563
1874	4.470640538252255
1875	3.8645758743732634
1876	4.084435899484827
1877	3.906875753181769
1878	3.70394716357947
1879	3.7768698730565013
1880	3.9467401489279443
1881	4.529420132906173
1882	3.9778811029336683
1883	3.95681995818291
1884	4.155117096014446
1885	4.274165804959086
1886	4.142667058809684
1887	3.8842207591358613
1888	4.201979118611942
1889	4.120817395818791
1890	3.9205107819265637
1891	4.247475318366777
1892	4.213934014789853
1893	4.504261772601593
1894	4.235278686947532
1895	4.0622463654550325
1896	3.989609581284214
1897	4.497454620932376
1898	4.247817846531359
1899	4.354323622630806
1900	4.428793972530739
1901	4.114764583301419
1902	4.25285718144811
1903	4.197986668616622
1904	4.254437996816232
1905	4.225095434113819
1906	4.113140125825848
1907	4.142987690424127
1908	4.307404027514493
1909	4.313400417434258
1910	4.0192516624278225
1911	3.6940226037032176
1912	3.82887686380581
1913	3.741754413711135
1914	3.803666374827013
1915	3.841143789767418
1916	3.86838274416429
1917	4.029624626441743
1918	3.965925297789651
1919	4.33231101136485
1920	4.19301072009826
1921	3.784635996855954
1922	3.720684971078337
1923	3.458153637065111
1924	3.839604807167868
1925	3.7477242268766227
1926	4.2356997842117385
1927	3.9785803378638596
1928	3.653892307780746
1929	3.809167746128316
1930	4.2567035248988745
1931	3.709192759071362
1932	4.718729670556501
1933	4.273662780514286
1934	3.96487460664861
1935	4.323739582761653
1936	4.215821098220326
1937	4.18547441180895
1938	4.009656542703179
1939	4.370535404392306
1940	4.337596634661953
1941	4.360017156604169
1942	4.311611679401726
1943	4.354266593029149
1944	4.041271185162047
1945	4.232863254142375
1946	4.10741592915679
1947	3.866685530985476
1948	4.190377330592492
1949	4.20850420945855
1950	4.494762294683601
1951	4.220247046833837
1952	4.108018728732985
1953	4.223066635668247
1954	4.04199792290211
1955	4.1023463381504115
1956	4.255916969413775
1957	4.23711419047369
1958	4.545444439379677
1959	4.052384447561517
1960	4.271373412670757
1961	4.191454688706705
1962	4.2940608560651246
1963	4.448014321416531
1964	4.400610628998962
1965	4.180313167381601
1966	4.215448560333366
1967	4.40430825159461
1968	4.005857817023379
1969	4.340122850161551
1970	4.20695757978975
1971	4.546455352437798
1972	4.255606137650413
1973	4.019801137474586
1974	4.4504307592832495
1975	4.730528117244262
1976	4.176064878689942
1977	3.982609863436008
1978	4.169584580811061
1979	4.304046679176164
1980	4.134269753791377
1981	4.227088976367943
1982	4.2716844626621215
1983	4.413800588060704
1984	4.232658716320277
1985	4.136429935911176
1986	4.40966464885413
1987	4.412130322100567
1988	3.9580327264629886
1989	4.190480949565923
1990	4.143014033327319
1991	3.5939986728142
1992	4.267339695887481
1993	4.142555607363125
1994	4.196290327243558
1995	4.314403475383279
1996	4.594899451252495
1997	4.425975399503621
1998	3.7862379319083814
1999	4.295057628113491
2000	4.0000168463491095
2001	4.31334458912857
2002	4.124571855586789
2003	4.410811937740703
2004	3.9431966387194373
2005	3.9973825107789835
2006	4.304628944395912
2007	4.453380244195437
2008	4.21515163182377
2009	4.105263864030125
2010	4.0503198078356
2011	4.335327957601129
2012	4.564898988611315
2013	4.358594298012053
2014	4.128440588465049
2015	4.160358119861394
2016	4.310463650479908
2017	4.400290129220249
2018	4.22735799041936
2019	4.204403935920607
2020	4.331372684516133
2021	4.391566336469137
2022	4.141494615307873
2023	4.081382463701363
2024	4.321119592690297
2025	3.9673372074248885
2026	4.124139286131818
2027	4.424117692859452
2028	3.990966003533384
2029	3.984588683380072
2030	4.426309733485858
2031	4.233835469956882
2032	4.302514235335637
2033	4.2705885423272285
2034	4.12456326186481
2035	4.245096660594197
2036	4.294181802228404
2037	4.0729593447253585
2038	4.077997551707437
2039	4.490981056717009
2040	4.346911639842643
2041	4.054655363694393
2042	4.235621094387542
2043	4.559171947810481
2044	3.934076316146057
2045	4.418689743250092
2046	4.266524051140511
2047	4.2541852006071545
2048	4.2838118624721995
2049	4.188140150971616
2050	4.159036686384707
2051	4.0560058414857405
2052	4.007003810273529
2053	4.123640334820458
2054	3.8313041092243343
2055	4.372181005297299
2056	4.017263712028519
2057	4.372368564729089
2058	4.3912060048956025
2059	4.232127531635225
2060	4.0890091294858495
2061	4.293103105507535
2062	4.609272460259564
2063	4.048958442063231
2064	4.071884464998381
2065	4.375440531268715
2066	4.151713640016027
2067	3.9239309082347247
2068	3.6580849471276933
2069	4.428319869841172
2070	4.040170368622326
2071	4.146167212690391
2072	3.8864110623269643
2073	3.944169700095066
2074	3.865676580375757
2075	4.076881031014994
2076	4.362384604420664
2077	4.002394909477794
2078	4.3437910186223565
2079	4.340887582604477
2080	3.8798689969075317
2081	4.1102626981475785
2082	3.9616567081933756
2083	4.101760073091211
2084	3.911328916450764
2085	4.078781165711825
2086	4.332893294448314
2087	4.243310530478492
2088	3.8969564697075625
2089	4.212076633179136
2090	3.883986685919838
2091	4.243647956776713
2092	4.275037627154017
2093	4.214870290493251
2094	4.562277320516234
2095	4.433222887954895
2096	4.090587052871159
2097	4.135941887546539
2098	4.49306724876802
2099	4.393138262383945
2100	4.303886690793375
2101	4.37858135064487
2102	4.238009112988779
2103	4.4910099299792385
2104	4.413564399613758
2105	4.43517735294329
2106	4.146624003325417
2107	4.283013146309851
2108	4.408460820960376
2109	4.333324078827398
2110	4.0025180473464035
2111	4.356081293577491
2112	4.176126146869463
2113	4.302391798088966
2114	4.162153325606719
2115	4.14119404393117
2116	4.1006769943924
2117	4.032039322797715
2118	4.58460912726044
2119	3.9597500014132545
2120	4.304903319368469
2121	3.867566683454888
2122	4.2013660404002655
2123	3.9312331307443937
2124	4.571059905143161
2125	4.156864709482068
2126	4.160339520027983
2127	4.046092308322123
2128	4.275075146193504
2129	4.301502867415041
2130	4.323966887132765
2131	3.9587425292491685
2132	3.996058383471696
2133	4.161702669079189
2134	4.276163028730769
2135	4.160244133960278
2136	3.8065066640013945
2137	3.928653343490311
2138	4.2646076202869985
2139	3.996834185852526
2140	3.8909769040162536
2141	4.379724605939677
2142	4.139866609369056
2143	4.074098093783583
2144	3.8761226363207166
2145	4.622240681024714
2146	4.142004708152934
2147	4.152985256698546
2148	4.074050158929945
2149	4.447827937670894
2150	4.194729756845518
2151	4.670299566202558
2152	4.613958078711505
2153	4.03950674232173
2154	4.273051152726771
2155	4.118856705872437
2156	4.438099064800696
2157	4.066304201281677
2158	4.0823162444888705
2159	4.163704519321476
2160	4.34949017148349
2161	4.0709836903785295
2162	4.232010590058731
2163	3.9637942561405555
2164	4.193709149661936
2165	4.016445740123318
2166	4.010156189394945
2167	4.128851106134319
2168	3.8829120312320864
2169	4.155178959247848
2170	4.342988057588239
2171	4.0810182196725355
2172	4.1029182925560725
2173	3.7830204523854833
2174	4.006492398613176
2175	4.155594675813613
2176	3.8927642561574562
2177	3.6851482888841463
2178	4.10566306421164
2179	4.325895430025571
2180	4.326166513384461
2181	4.412731222495711
2182	3.98666632545674
2183	4.193933242093664
2184	4.007402127713627
2185	4.405976872035807
2186	3.94795998325635
2187	3.823731037989967
2188	4.0542435374160695
2189	4.299390722593261
2190	3.9579598324115373
2191	4.2688307238806935
2192	4.204976440708385
2193	4.034624732701775
2194	3.9910849476632233
2195	4.578223578960637
2196	3.8974058468180623
2197	3.869265995260834
2198	4.2357962551623665
2199	4.211528584566591
2200	4.068839176200098
2201	4.346686421694149
2202	4.225033949342113
2203	4.361515851739899
2204	4.195550461163732
2205	4.189764195962312
2206	3.858485614183973
2207	4.200084511063029
2208	4.217062597639699
2209	3.958750810733077
2210	3.901044187564439
2211	4.075857822772836
2212	4.298829666709745
2213	4.319331450464515
2214	3.836127936224499
2215	4.216327053524032
2216	4.48075974475995
2217	4.593913490439327
2218	4.708524890812602
2219	3.9738555838409093
2220	4.345421776990535
2221	4.272949158147953
2222	4.399767833274862
2223	4.064609023994752
2224	3.978600985592572
2225	4.2176313095325195
2226	4.267765133336326
2227	4.431102758035712
2228	3.944819514641336
2229	4.313628178365045
2230	4.061559982823433
2231	4.110594310327012
2232	4.074101927759878
2233	4.2220593725311195
2234	4.036128806893049
2235	4.318242780306574
2236	4.332348917912885
2237	4.34630045330839
2238	4.283106097824805
2239	4.124430298685514
2240	4.258420328828553
2241	4.109796055390139
2242	4.168455909686973
2243	4.175987954315079
2244	4.232577876363275
2245	4.1258622357680155
2246	3.8534143726063133
2247	3.821452925815428
2248	3.992482117174541
2249	4.228352408088352
2250	4.760302631546702
2251	4.246030437595838
2252	4.43034509313786
2253	4.281243220169911
2254	4.093496966084283
2255	4.449391536762998
2256	4.222696011849743
2257	4.090669248170423
2258	4.057593111479049
2259	4.075210873532824
2260	4.063525877397856
2261	4.100428528299347
2262	4.111362263319979
2263	4.259610376957732
2264	3.8476739845126473
2265	4.339639362270153
2266	3.858475525457825
2267	3.9276920670427367
2268	3.9662671485748104
2269	3.9553135587091566
2270	3.912105958301422
2271	4.072316335815731
2272	3.8880100037831253
2273	3.7465413726000123
2274	4.421640101286604
2275	4.019202763825404
2276	4.04086130488596
2277	4.363239857790958
2278	3.850769771127142
2279	4.087078164401797
2280	3.987334180522718
2281	4.350836044365993
2282	4.351599314116691
2283	4.214698028323276
2284	4.120496619346052
2285	4.483956270756036
2286	4.227361089529433
2287	4.01779593622489
2288	3.9728371168417755
2289	4.157166501816628
2290	4.3677768996632595
2291	3.7456393025429593
2292	4.199044236770219
2293	4.0071768593468375
2294	4.126719616252268
2295	4.153252548332466
2296	4.34713981347174
2297	4.016576924472575
2298	3.933211040022443
2299	3.962018383515119
2300	3.6086017438706013
2301	4.039557194129396
2302	3.9500755924237496
2303	4.4258734816295675
2304	4.376940324711811
2305	4.180110240265516
2306	3.928618224969465
2307	4.268794167106244
2308	4.288629894980606
2309	4.2318596262823
2310	4.279991918441321
2311	3.9841120762210283
2312	3.8033038438414573
2313	4.0632058035958565
2314	3.8574462829640424
2315	4.38705896209947
2316	4.359929538622655
2317	4.16388351140866
2318	4.140050328217807
2319	4.225250288469573
2320	3.985098496618865
2321	4.179386737416568
2322	4.174727097677219
2323	4.540797070753926
2324	4.218544642999618
2325	4.028308206656482
2326	4.452806169455061
2327	3.949672037461813
2328	3.8538935915470933
2329	4.035270971546128
2330	4.158250454612829
2331	4.328327172915369
2332	3.989575735707571
2333	4.1283332469644725
2334	4.325989252564729
2335	3.7724383835161883
2336	4.1453272180835645
2337	4.484107992294732
2338	4.427390549220081
2339	4.245023442801151
2340	4.624446146931616
2341	4.060779080749061
2342	4.253538759366374
2343	4.196330086663076
2344	4.102735145152811
2345	3.9838804798390344
2346	4.187280713284852
2347	3.763664935070108
2348	4.248804611988367
2349	3.917612519060424
2350	4.112457315160717
2351	4.330023662845426
2352	4.120486902453755
2353	4.161769714224881
2354	4.312682158160301
2355	4.210842370091043
2356	4.091939401338668
2357	4.150702313624388
2358	4.35506977271005
2359	4.262236650503145
2360	3.8354674376730498
2361	4.24734465932569
2362	4.2770228743989165
2363	4.102936673353312
2364	4.297890698388125
2365	3.981585194714233
2366	4.078417808320876
2367	4.340603116744175
2368	4.137031337492078
2369	3.8859253184491784
2370	3.910498909608794
2371	4.327539491274031
2372	4.406151702624277
2373	4.314705127816294
2374	4.044154146803012
2375	4.179379212965533
2376	4.187260723846633
2377	4.219162083931889
2378	4.36200712735924
2379	4.31061142107113
2380	4.127409749609662
2381	4.236018655015636
2382	4.211198124681032
2383	3.92342083996074
2384	4.1055730342863095
2385	4.221264558447395
2386	4.395368694595912
2387	3.885626548863269
2388	4.370258510301656
2389	3.957385893375364
2390	4.397534538417419
2391	4.016029852094915
2392	4.275993518606733
2393	4.517354085490231
2394	4.4834264071746075
2395	4.068236638702395
2396	4.003907396113925
2397	4.205403943636039
2398	4.5424307810705935
2399	4.1493903598037996
2400	4.221070287793418
2401	4.001633762384368
2402	4.677981002132699
2403	4.863661988520378
2404	4.449783150597622
2405	4.221911083640012
2406	4.56693178679507
2407	4.332540671933923
2408	3.953146484308722
2409	4.26586124209398
2410	4.016929812927139
2411	3.991493172986998
2412	4.109140370363141
2413	4.035003057121824
2414	4.1979036303651425
2415	4.420447466648503
2416	4.185393944406674
2417	4.133536695035381
2418	4.156605504402163
2419	4.203253128151432
2420	4.605322508452937
2421	4.042295536459073
2422	4.449227338315887
2423	4.240780675706656
2424	3.7932856479972505
2425	4.081814571412635
2426	4.441094896931553
2427	4.365784476034213
2428	4.3364044204480585
2429	4.217174736868398
2430	4.562785652342365
2431	3.8427726429978306
2432	4.050272041509647
2433	4.147556818610903
2434	4.0214146252765905
2435	4.147188311472588
2436	4.243311648106552
2437	4.133141639673223
2438	4.2638948931733935
2439	4.192140591694725
2440	4.560465170545245
2441	4.137176054366509
2442	3.9210519811562135
2443	4.416618164831687
2444	4.086011872298431
2445	4.1598275634468465
2446	3.8973300723895132
2447	3.699577797477022
2448	4.160893452614672
2449	4.011488815302812
2450	3.9725669756943445
2451	4.348975688950101
2452	4.026034688470824
2453	4.263390784182721
2454	4.1126005807069905
2455	3.8721745858716363
2456	4.1873048505226285
2457	4.020538006352758
2458	4.046671586738559
2459	3.929084807508777
2460	4.197303950161741
2461	3.80522565934343
2462	4.045674513966709
2463	3.9761415403560827
2464	4.166373410846711
2465	3.6168231668522774
2466	4.215469023976464
2467	4.2283878145513505
2468	4.124133126197029
2469	4.42909321112449
2470	3.864016009175681
2471	4.336001185645725
2472	4.447811538612153
2473	4.4705327096488015
2474	4.470089441668758
2475	4.43574327435291
2476	4.341285992233625
2477	4.553217962502574
2478	4.073913947645277
2479	4.201882572938188
2480	4.107882518932067
2481	3.9239434744694157
2482	4.726243400898762
2483	4.007283607565274
2484	4.29844707368647
2485	4.519265815457583
2486	4.224063472654513
2487	4.55314508889564
2488	4.071684617400915
2489	4.056883066612441
2490	3.8687927168828766
2491	4.38575535680279
2492	4.19458027050015
2493	4.149641409185024
2494	4.258183170808169
2495	4.222001600827648
2496	4.253192153494366
2497	4.220686035718716
2498	4.292556353913914
2499	4.413888358634135
2500	3.975452823788382
2501	4.552705251891762
2502	4.241870877992658
2503	3.7030587019820502
2504	3.9634775652848315
2505	4.112368201513409
2506	4.190096197001626
2507	3.9600305218884273
2508	4.1123605633525875
2509	4.054230279342571
2510	4.21825392869691
2511	3.857305330043563
2512	4.104994244383034
2513	3.7204865371721656
2514	3.928272987076469
2515	4.097931559732393
2516	4.403781680353544
2517	3.866665587562662
2518	4.004406872027052
2519	3.9700125841262803
2520	3.9918933946535486
2521	4.214112485293395
2522	4.197706087419493
2523	4.552123191850877
2524	4.221565985790175
2525	4.2229093867614225
2526	3.784245437005736
2527	4.059624189345579
2528	3.9405232678896978
2529	4.190248918640502
2530	3.9483535667461536
2531	4.354447655198603
2532	4.494021950648813
2533	4.18434779806902
2534	4.343401516117744
2535	3.841870802631441
2536	4.4774447035183425
2537	4.07087815713582
2538	4.439781235122458
2539	4.253816163551438
2540	4.209419117059383
2541	4.046247125687482
2542	4.0681529553629305
2543	4.2079004122046575
2544	4.200373759446852
2545	4.284707956349545
2546	4.05276721812357
2547	4.24958973475834
2548	4.302795612217103
2549	4.231424856742106
2550	4.192203918688802
2551	4.417524887867161
2552	4.2150391008961545
2553	4.019045693391967
2554	4.059080422051587
2555	4.210565527492102
2556	4.7176458652328
2557	4.286963602530488
2558	4.226911896918409
2559	4.256636773029009
2560	4.076240754086464
2561	4.188844325663639
2562	4.082721936155282
2563	4.244235470329792
2564	4.308591229944206
2565	4.026096316114906
2566	4.310575093740255
2567	3.8583805889007046
2568	4.41013828415245
2569	4.475849584689587
2570	4.560615681028052
2571	4.363596200816492
2572	4.312363516145948
2573	4.506441289027181
2574	4.393126912298318
2575	4.316743997310647
2576	4.144137740011875
2577	4.478601007895008
2578	4.218470741200144
2579	4.039733816487965
2580	4.373182650632627
2581	3.994780193780793
2582	4.266516425209542
2583	4.218748387315564
2584	4.353365548047098
2585	4.2380147473792205
2586	4.120063633899972
2587	4.236887684108823
2588	4.275374937226611
2589	4.503987497178786
2590	3.5890048760717392
2591	4.3118290763371325
2592	4.418646654171517
2593	4.414529997334751
2594	4.180971936779262
2595	4.266053916168082
2596	4.163160819163417
2597	4.238242544500153
2598	4.168388371393243
2599	4.072881771283342
2600	4.101431156730874
2601	4.453408189992803
2602	4.381872992008765
2603	4.243811321837786
2604	4.200443176184798
2605	4.11078423325748
2606	4.591226780497644
2607	4.207551351853405
2608	4.1262099294962775
2609	4.013424899234519
2610	4.074776917520343
2611	4.254118443300296
2612	4.55329952661018
2613	4.052846581769623
2614	4.337621703626281
2615	3.9787077286162424
2616	4.464984079055329
2617	4.013275822532564
2618	4.335522125861734
2619	4.273302621254828
2620	3.931433542153074
2621	4.0344805981114
2622	4.259574102793513
2623	4.1376574787451315
2624	4.418081147111028
2625	3.9908913553149494
2626	4.274198549044877
2627	4.425901118007946
2628	4.078950279477966
2629	3.994881226718741
2630	4.233819520128141
2631	4.052390584384478
2632	4.462284039056445
2633	4.23213432426928
2634	4.239022049021071
2635	4.278259479794682
2636	4.223431288837761
2637	4.11296631006879
2638	4.00161416442275
2639	4.295951533981154
2640	4.186065222134587
2641	4.2531338172959305
2642	3.943873095284501
2643	4.1911417763703875
2644	4.282791568896737
2645	4.342473440709709
2646	4.116094221945732
2647	4.140228176720229
2648	4.179591835242309
2649	4.223092553318096
2650	4.944199065676333
2651	4.275392144888916
2652	4.279118700338176
2653	4.071904221248545
2654	4.133969627371165
2655	4.094561523418478
2656	3.816875700904431
2657	4.294334424842253
2658	4.1421718500292
2659	4.344271094045498
2660	4.16328571194038
2661	4.254620390950346
2662	3.9352537751644636
2663	4.200310823153184
2664	3.793339634843894
2665	4.106112124369712
2666	4.361792866924709
2667	4.419206641351771
2668	3.882803652545729
2669	4.237324108262428
2670	4.089821227973422
2671	4.531862664383411
2672	4.1539032863265275
2673	4.058895425210098
2674	4.219886219913288
2675	3.9751045026501
2676	4.276434526167307
2677	4.012997268073024
2678	4.125487021659926
2679	4.032847718900047
2680	4.02527130878279
2681	4.173929108871535
2682	3.779658754288573
2683	4.385374744363961
2684	4.30206227737447
2685	3.9304725733933124
2686	4.019935288157573
2687	3.947800524947272
2688	4.394270338573969
2689	4.140516972555163
2690	3.7551124005118544
2691	4.193635189357976
2692	4.296144118899353
2693	4.212028919681027
2694	4.341236506210589
2695	4.363936391993298
2696	4.125949406563064
2697	4.1123062472624
2698	4.306407988333503
2699	4.252300455207239
2700	4.059409741199815
2701	4.10505650973514
2702	4.540350611492816
2703	4.397335382664398
2704	4.438137851132205
2705	4.204620207440108
2706	4.268844971111875
2707	4.0577042005768345
2708	4.193258801434769
2709	4.301395460917521
2710	4.352915186081281
2711	4.138788461214796
2712	4.148286697218493
2713	4.16646783959148
2714	4.1192296982850305
2715	4.24058361770812
2716	4.077737747861077
2717	4.228922635125356
2718	4.063275835846754
2719	4.237555971253102
2720	4.078409880640254
2721	4.507790167764306
2722	4.187244402037518
2723	4.436142087558567
2724	4.407552935861813
2725	4.468393874630696
2726	4.642720520868421
2727	4.271461781742554
2728	4.513037416196536
2729	4.313750982178336
2730	4.156363041909061
2731	4.374914312281176
2732	4.017587399030482
2733	4.399870818380845
2734	4.550074672008489
2735	4.286316301963393
2736	4.218113114215261
2737	4.475949639302402
2738	4.212315853440909
2739	4.442218488087773
2740	4.369614086513192
2741	3.991378703598062
2742	4.135362105027647
2743	4.197478878010914
2744	4.383573398299881
2745	4.427029637017272
2746	3.997105505629254
2747	4.454581660903857
2748	4.590232138683495
2749	3.895014931233571
2750	4.420815384092028
2751	4.315459033443115
2752	4.101150813564427
2753	4.398259052520196
2754	3.81327855254781
2755	4.116937890846301
2756	3.9368273268968865
2757	3.558343178778628
2758	3.440337171412107
2759	3.4436585827397677
2760	3.473126695548557
2761	4.312541404100522
2762	4.154701788306352
2763	4.231806364733915
2764	4.004698646741469
2765	4.279607061035633
2766	4.273741269330989
2767	4.197158480851982
2768	4.238842551991266
2769	4.401209480452037
2770	3.9977247858421885
2771	4.1259812411150465
2772	3.8199427807348934
2773	4.187388443454652
2774	4.149297033884398
2775	3.988165110060772
2776	3.980627422987955
2777	4.0787976157583286
2778	4.14208853866807
2779	3.7066430933731667
2780	4.29295065557922
2781	4.1052408823143605
2782	3.952375875423337
2783	4.00313877698861
2784	4.158209455933388
2785	4.034319092303436
2786	4.371325183791514
2787	3.836785095881063
2788	4.054343607116783
2789	3.8526363412442763
2790	4.128271394326774
2791	4.086958016185519
2792	4.164574057035603
2793	4.0743933949927476
2794	4.202122404493093
2795	4.325211831852483
2796	4.368435426881904
2797	4.080605997467664
2798	3.998488271903786
2799	4.34627150604674
2800	4.07735274540367
2801	4.433644048040422
2802	4.323409646143814
2803	4.469401731303313
2804	4.118934034518844
2805	4.242502144154459
2806	4.469884569435019
2807	4.238297810512437
2808	4.190389536625421
2809	4.538922299420115
2810	3.9921339172763832
2811	4.233940759832187
2812	4.26805348618414
2813	4.544988483359039
2814	4.414590933476395
2815	4.568962772030297
2816	4.463818226960938
2817	4.3174941956471224
2818	4.187380009272709
2819	4.097675109764209
2820	3.6112365693020223
2821	4.21291475997444
2822	3.860222894764455
2823	3.653885922832445
2824	4.232782867315802
2825	4.525918898395076
2826	4.129161501675747
2827	4.61111032383996
2828	4.364177925254042
2829	4.48726335947007
2830	4.594734799676954
2831	4.548556514731049
2832	4.33388882618468
2833	4.02694998875395
2834	4.090289893730481
2835	4.234091421303461
2836	4.151982128152974
2837	4.054575036591964
2838	4.004958583907245
2839	4.039332313317337
2840	4.490369649442874
2841	4.0889874870673815
2842	4.373034214641593
2843	4.070410801101352
2844	4.337764271066951
2845	4.450062546481151
2846	4.332555052081325
2847	4.1881766190063185
2848	4.0723362402955825
2849	4.204406198641894
2850	4.156014470112669
2851	4.296262953876813
2852	4.236504125341918
2853	4.06727615648514
2854	4.390836782605335
2855	4.0427137691565855
2856	4.122202933980347
2857	4.466327762885514
2858	4.1026367074430805
2859	4.153556257909815
2860	4.139127594705587
2861	4.060376012356177
2862	4.148239494376763
2863	4.267753157770917
2864	4.00712255862316
2865	4.1997949024104875
2866	4.128729492241647
2867	3.988895777562756
2868	4.219717644809147
2869	4.387202464717139
2870	4.111493876405151
2871	3.9979489793343372
2872	4.149379164823457
2873	4.181411494923682
2874	4.45643808361399
2875	4.028510374496304
2876	4.028450136011159
2877	4.183079999772562
2878	4.257778836809754
2879	4.1967745329193376
2880	4.30515685558371
2881	4.301798953409447
2882	4.513291842955795
2883	4.09541677118312
2884	4.2838064707653185
2885	3.8204368734278753
2886	3.5201211156040983
2887	3.683398453296803
2888	3.5117750335612143
2889	3.617281970834728
2890	4.0024552223757635
2891	4.323346130125352
2892	4.156637177400647
2893	3.6879100842332924
2894	3.9608529666620798
2895	3.9934410771761
2896	3.7756201458596457
2897	4.271939358442305
2898	4.369944784218958
2899	3.9887596069273226
2900	4.00932018421815
2901	4.1892295183993395
2902	4.25400908644446
2903	4.083419502900427
2904	4.067486997359172
2905	4.217368712478828
2906	4.021590780311267
2907	4.205615319549075
2908	3.894054043295396
2909	4.031618870369407
2910	4.116287310705773
2911	4.0878129671542585
2912	4.287167124581818
2913	4.007722247748
2914	4.403395133485806
2915	3.8995618507258003
2916	4.176358819603055
2917	4.211443899841929
2918	4.0925808371014245
2919	4.350752841417933
2920	4.512573140921374
2921	3.9494450262988576
2922	4.295498069300821
2923	4.1612535358761304
2924	4.447617595920773
2925	4.385436142954944
2926	4.012739716785197
2927	4.341652232990571
2928	4.353469975157138
2929	4.2378642234894395
2930	4.2539118838483345
2931	4.54081593018008
2932	4.191014982829989
2933	4.350575374322836
2934	4.202725268934616
2935	4.866661633071033
2936	4.6951768006009384
2937	4.8068260331670505
2938	4.741797544842957
2939	4.6717792157064775
2940	4.491595653974243
2941	4.3963030155687175
2942	4.341136371126393
2943	4.345300328491705
2944	4.37697959587392
2945	3.874505873830004
2946	4.264450110547801
2947	4.404330562880327
2948	4.640575277260999
2949	4.565057082291099
2950	4.042158000982962
2951	4.024652616606835
2952	4.0125921714729325
2953	4.036558540163141
2954	4.129281849067304
2955	4.0299022713867485
2956	3.725886759504058
2957	4.143255499579897
2958	4.0981773905302825
2959	4.227875056493466
2960	4.194621830322027
2961	4.146777274673589
2962	4.35104406494044
2963	4.281430589901193
2964	4.110613895345941
2965	3.64146876301921
2966	4.221640284190607
2967	4.3701586300251245
2968	4.012897315006549
2969	4.307999202543444
2970	4.185641759937616
2971	4.683292528258323
2972	4.724956093989183
2973	4.430311173500981
2974	4.261011297975508
2975	4.088293988671432
2976	4.542093365040535
2977	4.251267733046834
2978	4.506544422006932
2979	4.314556237869864
2980	4.422195724981963
2981	4.557819844590902
2982	4.683558628373545
2983	4.109268424712076
2984	4.6122233374201
2985	4.245230699165694
2986	4.58729504034217
2987	4.611138908440723
2988	4.298881869103739
2989	4.2412625787625995
2990	3.958074770606605
2991	4.103286198083499
2992	4.582286510605599
2993	4.249053251365872
2994	4.613845789862398
2995	3.9267960518056046
2996	4.1585467078327
2997	3.7863819785698207
2998	4.127163370164269
2999	4.043213423141022
3000	4.433415025355914
3001	3.9257743776531755
3002	4.0676876513299325
3003	4.249667899310106
3004	4.389085842738554
3005	4.362257013631171
3006	4.29736571854023
3007	4.302916940373935
3008	4.4869268986204185
3009	4.439100348121718
3010	3.807034319044813
3011	4.104940909466602
3012	3.8385594664729967
3013	4.294884354748543
3014	3.9318686937114857
3015	4.248556746049516
3016	3.9551861492059177
3017	4.1578916304572235
3018	4.263689981141037
3019	4.318338724276051
3020	4.1573598555950415
3021	4.331824415715849
3022	4.257864167693684
3023	4.167027202552013
3024	4.124850557984015
3025	3.9406104697777193
3026	3.8786658648925916
3027	4.2276978947324935
3028	4.534985005377509
3029	4.561690419375344
3030	4.403216564780945
3031	3.989063787867443
3032	4.353226204588113
3033	4.409905571107634
3034	4.192232310358546
3035	4.137641572074631
3036	4.496800426316138
3037	4.533222088900223
3038	4.50857139698106
3039	4.366194587937016
3040	3.869081850153954
3041	4.3776041588471255
3042	4.280699247877936
3043	4.393875024373487
3044	4.26639155230631
3045	3.855746798150539
3046	4.039939266222096
3047	4.2570263435631945
3048	3.7666625703701015
3049	4.025295513992745
3050	4.141572803484581
3051	3.8009854088263912
3052	4.335291547554553
3053	4.155077460669036
3054	4.465901389700179
3055	4.155737594310187
3056	4.185670671692879
3057	4.312534087404518
3058	4.24444063444476
3059	4.239755631331431
3060	4.028628726005792
3061	4.591842777719905
3062	4.067653757579167
3063	3.9134284839806446
3064	4.568103508670209
3065	4.209236870368748
3066	4.448590079781212
3067	4.308172837816686
3068	4.40481374257625
3069	4.178192327729898
3070	3.918587338225684
3071	4.24669907187187
3072	4.114433728375521
3073	4.591536901840549
3074	4.500527713462314
3075	3.96400220102472
3076	4.292281522393788
3077	3.981406114301848
3078	4.052303620843128
3079	4.598628293159506
3080	4.183101778480744
3081	4.129608388305634
3082	4.234858864704771
3083	4.3670431307627915
3084	4.4927512866868256
3085	4.14783240553506
3086	4.08998830139366
3087	4.345473696992511
3088	4.468795808598022
3089	4.444097029626637
3090	4.046190022927932
3091	3.997184557355745
3092	3.9747619409116925
3093	4.221050281334343
3094	3.896738894560153
3095	3.6171464764169325
3096	3.8475284177262004
3097	3.8415177690336586
3098	4.479359903984625
3099	4.454409235589626
3100	3.952588085848431
3101	3.947450966570607
3102	3.966666454871675
3103	4.076440760493029
3104	3.91490997614644
3105	4.446583828420283
3106	4.036179115426961
3107	4.4898529566212915
3108	4.37188156126792
3109	4.510703245766277
3110	3.9687505692593406
3111	4.209613113977979
3112	3.9997160758088146
3113	4.33289874452977
3114	4.1922054502935175
3115	4.240589517748858
3116	4.577103632923361
3117	4.009121065759287
3118	4.457787914870767
3119	4.364404348461686
3120	4.124347670489869
3121	4.055379338217006
3122	4.509698942204399
3123	4.467053698543137
3124	4.201734993780661
3125	4.270994186420036
3126	4.413468058097042
3127	4.217194188381928
3128	4.103507185457021
3129	4.337638473668584
3130	4.113106961342288
3131	4.206194171039806
3132	4.355730470648258
3133	4.5756551756731945
3134	4.359231480606421
3135	4.372136757980848
3136	4.134585135652472
3137	4.527551328791592
3138	3.9631103436448627
3139	4.244059901112601
3140	4.524877573686788
3141	4.3907470862107605
3142	4.676734911464093
3143	4.172620295316862
3144	4.298866338333594
3145	4.06832571272024
3146	4.330171134339943
3147	4.360600687527149
3148	4.492904091580294
3149	4.202101180927173
3150	4.219330846905275
3151	4.200854639708833
3152	4.423058118947975
3153	4.052417069280702
3154	4.110150789961471
3155	3.914113055916953
3156	4.311581882679609
3157	4.309820703638638
3158	4.410636991553489
3159	4.030076208305084
3160	4.397926593354281
3161	4.053084936731076
3162	4.267858699511621
3163	4.699401254097971
3164	4.507059265918954
3165	4.161708604236912
3166	4.147614941376461
3167	3.7942928325391296
3168	3.9238963250074623
3169	4.125918214041213
3170	3.7534031037111517
3171	4.307597187194238
3172	4.209598856676652
3173	4.104427433862101
3174	4.279627691632005
3175	3.8846631324982326
3176	3.9503752097287808
3177	4.472839383995682
3178	4.456633506174871
3179	4.5930814860223395
3180	4.088441539072118
3181	3.509029814004195
3182	4.439324571509866
3183	4.3381485339463595
3184	4.31228902501146
3185	4.358313478727071
3186	4.236710393141715
3187	4.220658293579262
3188	4.264176197348845
3189	3.822231847349101
3190	3.9709176001473514
3191	4.4956615761804475
3192	4.24271947815356
3193	4.124172133651452
3194	4.286197706191101
3195	4.422857003152156
3196	4.3227701746124
3197	4.208600402310089
3198	4.131436146446751
3199	4.143420093000632
3200	3.997123685812732
3201	4.749848870150494
3202	3.9170475111735312
3203	3.9487959855229113
3204	3.9082290828159727
3205	4.245659930752236
3206	4.161284869900615
3207	4.381319007813725
3208	4.268466903307373
3209	4.502642900390565
3210	4.195648076354492
3211	4.246024820720925
3212	3.68546791842164
3213	3.783803681778993
3214	3.7563986512547873
3215	3.855183682229272
3216	4.149630467865016
3217	4.17490575493277
3218	3.9088076820852975
3219	4.426367079403339
3220	4.652778575730029
3221	3.7091259989805025
3222	4.392464973620006
3223	3.9340291766364124
3224	4.1607564283315055
3225	3.856104565991653
3226	4.203893894770253
3227	4.543275741092836
3228	3.9578726787413228
3229	3.9765439369631
3230	4.7004481042894595
3231	3.9288835266372746
3232	4.342778551032509
3233	4.140277774192157
3234	4.082560198864359
3235	4.0027815749911
3236	3.887245774318407
3237	4.017112126090973
3238	4.005738001577346
3239	4.439142200884396
3240	4.02645812153202
3241	4.311392218067709
3242	3.9771046242398254
3243	4.041185762856739
3244	4.11438927820653
3245	4.283039555096169
3246	3.9063747894994907
3247	4.1447090732767515
3248	4.057626060062331
3249	4.335250468821387
3250	4.1944936617071615
3251	4.3077043838192175
3252	4.4006540290877405
3253	4.259720966515069
3254	4.752368642936777
3255	4.390434963263442
3256	4.004018713260278
3257	4.173034576042978
3258	4.230116544215899
3259	4.193643053491339
3260	4.401764276053446
3261	4.241468866855077
3262	4.226573559631905
3263	4.441109276655526
3264	4.297099612517169
3265	4.467920196991001
3266	4.449769004040159
3267	4.1446174094499195
3268	4.522003211184274
3269	4.280414279964831
3270	4.21527924870192
3271	4.2442586857995614
3272	3.966678634958919
3273	4.066111450519615
3274	4.210777324180446
3275	4.164806021333887
3276	4.068152717500183
3277	4.196414721338206
3278	4.281206576768552
3279	4.0649188373719385
3280	4.323846717979867
3281	4.613878215005247
3282	4.637879168869505
3283	4.49715270518715
3284	3.97143389191346
3285	3.8969580226242897
3286	3.859262208755366
3287	3.9320812511860788
3288	4.27732091690233
3289	4.281891049045205
3290	4.1995123077566925
3291	4.050414126107346
3292	4.256257021708536
3293	4.243350839402084
3294	4.158238262468507
3295	4.473279066545525
3296	4.090367370314228
3297	4.244615429012676
3298	4.099706593009547
3299	4.025163789845029
3300	3.942300620727984
3301	4.055535138106953
3302	3.941223577680699
3303	3.950846376605547
3304	4.181580581620089
3305	4.119232544075457
3306	4.281751456099099
3307	4.123542390960198
3308	3.9794327601603716
3309	3.858415069602698
3310	4.266009626606753
3311	4.224385955589071
3312	4.00798607436849
3313	4.059854711524561
3314	4.460271510927309
3315	3.9196407089857477
3316	3.8701172802003136
3317	3.8822588649514786
3318	4.15864516579114
3319	4.375627164458589
3320	3.863962763971713
3321	4.126805972015149
3322	4.5754502770687
3323	4.032739943167624
3324	4.151095609573789
3325	3.9410105755944134
3326	4.356034029844723
3327	4.27815093550026
3328	4.056002233504107
3329	4.5415683298045435
3330	3.954907992818358
3331	3.815501762633561
3332	4.16578507365519
3333	4.563100037462324
3334	4.4150278744897555
3335	4.151733589787633
3336	4.36792078545567
3337	4.058640329959124
3338	4.230877417235926
3339	4.661492622542297
3340	4.296173462273555
3341	4.3233858389557005
3342	4.182122758454774
3343	4.541067049018516
3344	4.410742200590315
3345	4.311610421205577
3346	4.1850143158087345
3347	4.021736858561936
3348	3.879957416372135
3349	4.046343905309473
3350	4.072143565788334
3351	4.553441565128562
3352	3.7946288891658893
3353	4.219820617062544
3354	4.4675247978927635
3355	4.08417710714231
3356	4.055250742085596
3357	4.446335918095475
3358	4.089065317699035
3359	4.59452780961713
3360	4.324302774911884
3361	4.441832845656927
3362	4.330451537955281
3363	4.259857526949632
3364	4.4109681885762235
3365	4.274753251975613
3366	4.5285742144105585
3367	4.57536589633163
3368	4.103797781514966
3369	4.61269115968436
3370	4.046233016165415
3371	4.341425138343719
3372	4.290312115983574
3373	4.247845807888261
3374	4.359214960366953
3375	3.9914524135283216
3376	4.322897260390733
3377	4.461557246069282
3378	4.555470216334348
3379	4.280141663302168
3380	4.486135950470596
3381	4.610155754693376
3382	4.478316025666311
3383	4.519799274845023
3384	4.186286024437842
3385	4.224637433798948
3386	4.239375471923163
3387	4.163881391544981
3388	4.0949947596263385
3389	4.054262760256892
3390	4.20039097911736
3391	4.2166163472708975
3392	3.732838663705001
3393	4.147082703518364
3394	4.0427230151660245
3395	3.669855435647472
3396	3.7547425593117216
3397	4.111862431743512
3398	4.376436854330673
3399	4.029480651886995
3400	4.463210277148409
3401	4.434768884522107
3402	4.219254163874315
3403	4.429231488797464
3404	4.142273928121029
3405	4.2203886590301645
3406	4.14216186934305
3407	4.696241363043643
3408	4.275097524327723
3409	4.253728293968571
3410	4.1578670897903685
3411	4.259983148291531
3412	4.2503675131450445
3413	4.224098783766745
3414	4.235516661036295
3415	4.501154137254133
3416	4.319244332274868
3417	4.245798173048657
3418	4.397136957668537
3419	4.12040759307168
3420	4.133095838465689
3421	4.016613989076489
3422	4.216088494043447
3423	4.16891038261196
3424	4.304520236228472
3425	4.306805240381739
3426	4.628882320795385
3427	4.138282413532906
3428	4.547256122861526
3429	4.528863509262129
3430	4.217513327854129
3431	4.298227801973939
3432	4.311984420336346
3433	4.19846827572834
3434	4.495187574351729
3435	4.614685692798394
3436	3.9836954736918435
3437	4.510916358196174
3438	3.790966619901901
3439	3.972094916759704
3440	4.257809829043492
3441	4.158668614455343
3442	4.066115985989772
3443	4.136924984394668
3444	4.073977725079405
3445	4.208655640119187
3446	4.053152533616832
3447	4.405755067369125
3448	4.5585776872175385
3449	4.243481680859491
3450	4.105098136146604
3451	4.481504576446439
3452	4.063591606195734
3453	4.195419675170208
3454	4.764694628384369
3455	4.268722114270202
3456	4.492106487549939
3457	4.327094887423853
3458	4.316515014333594
3459	4.170600596421428
3460	4.39965350043573
3461	4.06015645484741
3462	4.266906174015825
3463	4.054653921654527
3464	4.490292613492762
3465	4.572036880788272
3466	4.638173814691229
3467	4.497982978968307
3468	4.1030072286155175
3469	4.250360746542859
3470	4.321745288690881
3471	4.452461407577638
3472	3.917481146967488
3473	4.333733708172511
3474	4.407824552345126
3475	4.366220607585632
3476	4.178378967183413
3477	4.015043358432132
3478	3.9057778268176238
3479	4.183004439556859
3480	3.982237703778715
3481	4.204675696522437
3482	4.244118064171181
3483	4.6419121697937165
3484	4.254680765783488
3485	4.4858350889990914
3486	3.9401443626385277
3487	3.9386877585885687
3488	4.103915571214431
3489	4.2751261235741325
3490	4.034557937871462
3491	4.622653059523072
3492	4.182425950659366
3493	4.1597348744771345
3494	4.800234942495887
3495	4.4806190769674075
3496	4.096573751168331
3497	4.085019594007746
3498	4.245805756917615
3499	4.230571377816221
3500	4.047310256152398
3501	3.9630134218418283
3502	4.165975877533983
3503	4.199626959708992
3504	3.760445373362195
3505	4.157349859957014
3506	4.376378099873374
3507	4.578993911619297
3508	4.112250966758345
3509	4.099192902141083
3510	4.403146346919748
3511	3.8878798604728586
3512	4.19739978022813
3513	3.977936784551448
3514	4.076435609721728
3515	4.2186344154790705
3516	4.19341657804002
3517	4.052746245246449
3518	4.26084230741846
3519	4.303105291342348
3520	4.262812036972339
3521	4.330280736863428
3522	4.523501723622188
3523	4.36838099701122
3524	4.149793517678608
3525	3.8824634863988905
3526	3.8066320984911286
3527	4.236206740336424
3528	4.3483330704145775
3529	3.88465577025371
3530	3.706454307249058
3531	3.731083896945146
3532	4.327081226850542
3533	3.7850861468046912
3534	4.305986709324062
3535	4.207517212765181
3536	3.8540519045531165
3537	3.9447584082037404
3538	4.049902909440988
3539	3.7834575171539306
3540	4.250278254783672
3541	3.9033540709959125
3542	3.9137367598012376
3543	3.7541600995096314
3544	3.4040879177045915
3545	3.644784676125506
3546	3.707224745142389
3547	3.969922987790321
3548	3.8531052918469975
3549	3.7902235717814
3550	4.103587897484209
3551	4.151602069136269
3552	4.171314396128798
3553	4.090540034368988
3554	4.1421566991964855
3555	3.732622726310897
3556	3.9776040687850927
3557	4.181566111404733
3558	4.037682302704399
3559	4.05707262612567
3560	3.9079410687093787
3561	3.902159727537799
3562	3.9921273935889894
3563	3.8363367540113034
3564	4.057545921973749
3565	4.118475124358412
3566	3.897835579510662
3567	4.113675328480162
3568	4.070690521685926
3569	3.9082038134317765
3570	3.8042594187973426
3571	3.844866283023035
3572	3.8678951082569615
3573	4.258181310715788
3574	3.9828347007455718
3575	3.872671214611941
3576	4.168883596022311
3577	4.05455936103268
3578	4.237236117918851
3579	4.0903842263737396
3580	3.9980986314500875
3581	4.251963221148403
3582	4.326825962742429
3583	4.138597805289765
3584	4.29606624788287
3585	3.776037874156305
3586	4.12557912707714
3587	4.178153352294371
3588	4.356911656598774
3589	4.198115551905555
3590	4.137701982531339
3591	4.589767564696193
3592	4.256498205983998
3593	4.1260365033674296
3594	4.435622321421556
3595	4.158307906157016
3596	4.1967166624857875
3597	4.27964811923017
3598	4.177296695137415
3599	4.506170947134349
3600	4.15337745885105
3601	4.25005747886267
3602	4.284947736965161
3603	4.215121594962831
3604	4.444976347349427
3605	4.540525195295159
3606	4.198555591912843
3607	3.9964194900729497
3608	4.306253850338888
3609	4.226871101497187
3610	4.1055117343263365
3611	4.410249835931175
3612	4.24632064717075
3613	4.712155542304532
3614	4.335003395773436
3615	4.322560537609587
3616	4.520736902371867
3617	4.222374756443902
3618	4.656395101329976
3619	4.389702363516316
3620	4.351571034667861
3621	4.39939722123531
3622	4.5653663335364065
3623	4.607207420054056
3624	4.358477140486384
3625	4.7006706170722925
3626	4.4859159230858925
3627	4.377291540944577
3628	4.0243091281133205
3629	4.492035853276357
3630	4.634478391850835
3631	4.226607449730032
3632	4.230306750995284
3633	4.469966497262253
3634	4.102047034815099
3635	4.377312615324314
3636	4.274571386995212
3637	4.319246869227633
3638	4.196919889677261
3639	4.04700235145191
3640	4.089109749458173
3641	4.078238374784863
3642	4.248017963321081
3643	4.354870730337724
3644	4.490617044689159
3645	4.169472468774111
3646	4.600543611920471
3647	4.044206037616583
3648	3.997819726590466
3649	4.2935043232990004
3650	4.329352369248732
3651	4.422547005019382
3652	4.366656084756539
3653	4.501409395749608
3654	4.529490993010707
3655	4.214837559632052
3656	4.3473652184224365
3657	4.396646358726339
3658	4.580263924045734
3659	4.152447438367163
3660	4.41871335450722
3661	4.006073896204245
3662	4.14104876600756
3663	4.117752572630002
3664	4.028043461435854
3665	4.1068023041115325
3666	4.078065056636329
3667	3.715948073382988
3668	3.9341041639466843
3669	4.376471110351357
3670	3.995891729056101
3671	4.168315142691529
3672	3.6903441674422734
3673	4.165138937721681
3674	4.032437898060786
3675	3.899193089162882
3676	4.40792914899575
3677	4.396653153698265
3678	4.008941841164691
3679	4.046728303776899
3680	3.9014209927099324
3681	3.9488325008683955
3682	4.152707047827522
3683	4.57161019726449
3684	3.8286205356064995
3685	4.106720306957424
3686	4.122757244783229
3687	4.271397735766288
3688	3.8685625891467095
3689	3.9737061350090044
3690	4.183374384254626
3691	4.024837969206165
3692	4.054831397805259
3693	3.7293773231396683
3694	4.214020369863344
3695	4.127537382595785
3696	4.797179870979262
3697	4.144625372691743
3698	4.072538582541446
3699	4.0669283215720835
3700	4.2301469031337895
3701	4.240348824823805
3702	4.148237144842097
3703	4.401215813135746
3704	3.755918435415987
3705	4.21324204646651
3706	4.015084232820841
3707	4.596142664038724
3708	4.60980984105528
3709	4.107916437662479
3710	4.28844078346595
3711	4.439402230032816
3712	4.2286517765350755
3713	4.341483214431248
3714	4.386969107233388
3715	4.299316076429707
3716	4.15587010215016
3717	4.234606199911802
3718	4.279380453667564
3719	4.54235130000109
3720	4.599475712320301
3721	4.200028504737532
3722	4.440455193213296
3723	3.986969976367428
3724	3.751105090618703
3725	3.965789662663148
3726	4.088578160522982
3727	3.926210506956438
3728	4.457253207622321
3729	4.234742119103057
3730	4.019110026350298
3731	4.262588812602668
3732	3.941184284643415
3733	4.250004473325504
3734	4.337777981387912
3735	4.277175085413658
3736	4.261892364877043
3737	4.063263565290087
3738	4.230693845727554
3739	4.172928943870844
3740	4.320620355233975
3741	4.245677190899932
3742	3.884365404148746
3743	4.144200739673465
3744	4.088281946600179
3745	4.022806752160242
3746	4.265561465199034
3747	4.344411102290778
3748	4.481454288643205
3749	4.221735408959095
3750	3.9590370714924217
3751	4.116401107197393
3752	4.280764293137776
3753	4.341135048076434
3754	4.455694099099774
3755	4.795122536046253
3756	4.433373564690559
3757	3.915897786958906
3758	4.129417639268874
3759	3.5783886677521917
3760	4.166900093181034
3761	3.8950865311705494
3762	4.299303006933681
3763	3.6300280141171917
3764	4.1181480821385685
3765	3.957806145281241
3766	4.021751118038875
3767	3.827318285007882
3768	4.047878582739486
3769	4.0022682672604795
3770	4.029546289752024
3771	4.336946442815252
3772	4.277234273187401
3773	3.9697867273706353
3774	4.204449899852104
3775	3.840887463231709
3776	3.657795512578263
3777	3.8920443888513048
3778	4.212160620768017
3779	3.794177063466574
3780	4.322017889140708
3781	3.9543626249976085
3782	3.951433835246415
3783	4.122679373205637
3784	4.321317815096472
3785	4.581775061945207
3786	4.41654504878112
3787	4.4739289990620525
3788	4.253069588195287
3789	4.670918751018135
3790	4.280368859510641
3791	4.084538504390658
3792	4.203838256593177
3793	4.122569235721009
3794	4.482523384096293
3795	4.391046286772089
3796	4.129517163054997
3797	4.107778891604263
3798	3.9579327028568514
3799	3.830635656992803
3800	3.983307362912302
3801	4.580468644052646
3802	3.9892947060156088
3803	3.9980626670519763
3804	4.764915326694431
3805	4.463494039547991
3806	4.160489614160322
3807	4.2453976773070545
3808	4.4026300924918935
3809	4.322282350989966
3810	4.17719049908805
3811	4.354371259523764
3812	3.8823799295227808
3813	4.012315195019004
3814	4.339742737834605
3815	3.9544253192361887
3816	4.153892685518165
3817	4.321272864326423
3818	4.010928772184183
3819	3.90411671405307
3820	4.214774330793801
3821	4.452932363329073
3822	4.144410273544011
3823	4.012340512754407
3824	3.8931045469513768
3825	4.117143058045788
3826	3.9235645633630933
3827	4.353923147869476
3828	4.180778459496548
3829	4.4113228399359645
3830	4.081342901460159
3831	4.1786129790150985
3832	3.9652950688313573
3833	4.2184170338301765
3834	4.2826785966505465
3835	4.017607601761455
3836	4.225749196177924
3837	3.9329316224789848
3838	3.867038701491073
3839	4.145637502913447
3840	4.10329459591251
3841	4.092399673313137
3842	4.584330566885007
3843	3.846792558895198
3844	4.448272090790342
3845	4.463554646460112
3846	4.2152400744131855
3847	4.4283036184269005
3848	4.261717029464995
3849	4.005613136136439
3850	4.222105347735612
3851	4.307552541910575
3852	4.477986451564877
3853	4.113432539217058
3854	4.223772174193679
3855	3.9592525342514477
3856	3.9189150966292523
3857	4.0615403466474795
3858	4.087994807732135
3859	4.32458198033205
3860	4.161585500829704
3861	4.08797934967667
3862	4.285909060463526
3863	4.3723941836311235
3864	3.8503460347306437
3865	3.94660223223315
3866	4.068515058020116
3867	4.144826432392762
3868	3.9556834530872456
3869	3.967927130998576
3870	4.149849109720702
3871	4.216921602588438
3872	4.430685160848218
3873	4.299738520390122
3874	4.316573175122775
3875	4.313641968615911
3876	4.5332310250544525
3877	4.388895980784748
3878	4.212670478606283
3879	4.2875725692705275
3880	3.7679035016193962
3881	3.9132162338753123
3882	4.436129585143775
3883	4.108285299913937
3884	4.250222757468664
3885	3.98073251126153
3886	4.00851637951957
3887	4.2982879501175715
3888	4.562873924494147
3889	3.9155841618585105
3890	3.9645846743577353
3891	4.173315080169422
3892	4.169597017790033
3893	4.3967631116741765
3894	4.719966216577333
3895	4.327912235600519
3896	4.245705760859746
3897	4.312756996705338
3898	4.146859253626984
3899	4.348560632414385
3900	4.397419119757397
3901	4.382615805617995
3902	3.8535684321883985
3903	4.232082361957149
3904	4.238685737114457
3905	4.149558949674343
3906	4.000046447450716
3907	4.280785637052228
3908	3.9972051019550974
3909	4.385231958111632
3910	4.676449269816837
3911	4.3446075822557795
3912	4.489943746924216
3913	4.09656350892703
3914	4.462513026724117
3915	4.3102423720238985
3916	3.8699018692773772
3917	4.316886995768038
3918	4.043347712063365
3919	3.961420688715679
3920	4.114928665053808
3921	4.14409842229356
3922	4.412540490658345
3923	4.463554623365807
3924	4.263598533956384
3925	4.0846424248845326
3926	4.427108713431281
3927	4.327874129572988
3928	4.4202387445706925
3929	4.499801963579721
3930	4.2106388967999555
3931	4.004332732377533
3932	4.446854495249885
3933	4.618369535858144
3934	4.452928092056197
3935	4.5336443260268835
3936	4.385010008572829
3937	4.296673829745329
3938	4.609374956127518
3939	4.453112070434082
3940	4.128737383355551
3941	4.127922987230251
3942	3.981886217129987
3943	3.789944360366938
3944	4.393274277811442
3945	4.378853591182505
3946	4.392529627761643
3947	4.3695063312487745
3948	4.269008011435818
3949	4.378057632181812
3950	4.43362085990682
3951	4.417213753219333
3952	3.91380156226483
3953	4.494112859830387
3954	4.713484353506002
3955	4.099088127727449
3956	4.281453706454857
3957	4.309727661913133
3958	3.8395844156572747
3959	4.228138689485047
3960	4.067591337660283
3961	4.577715051692185
3962	4.256362865798676
3963	4.377690059050241
3964	4.453637842152361
3965	4.358407644137433
3966	4.6668472828800995
3967	4.723311474176775
3968	4.42442910668321
3969	4.121841679893722
3970	4.39634650652995
3971	4.3509423452863665
3972	4.205082684427902
3973	4.414540700841592
3974	4.298422274283399
3975	4.263909825282141
3976	3.9870375408309546
3977	4.238488337473894
3978	4.252686548609814
3979	4.456265500251733
3980	4.519831394419125
3981	4.3715265746345855
3982	3.9922570856325743
3983	4.489190748527278
3984	4.388582643590485
3985	4.1603830646856945
3986	4.334508107476258
3987	4.362296793146329
3988	4.031824744905148
3989	4.234668812784128
3990	4.4778133502757305
3991	4.231419630692275
3992	4.159829140961406
3993	4.07620912182565
3994	4.0456369860763886
3995	3.916130697475848
3996	4.455522012686037
3997	3.91585134258169
3998	4.200862021161711
3999	4.245038811554575
4000	4.221010902645725
4001	4.288622322889756
4002	4.49776478316364
