0	2.444854231574421
1	3.0384825897579097
2	2.1560615849662574
3	2.531439214328505
4	2.390723123440456
5	1.8302130802385779
6	2.1581611450706886
7	2.8603413252518464
8	2.850657025639939
9	2.530643904744311
10	2.4344116390722395
11	2.494152301165588
12	2.5049204169602066
13	2.4065333515438345
14	2.515462767670041
15	3.044194046484185
16	2.40510912911201
17	2.5187157635292152
18	2.5695459486643606
19	2.029144237698909
20	3.115364145204219
21	2.6826653726948853
22	2.1985970850633483
23	2.4868770413119
24	2.8990364550695524
25	2.869647359299955
26	2.2959746652188477
27	2.296264890588807
28	2.915345534618746
29	2.352445601872005
30	2.356290471281441
31	1.8040728502035241
32	2.649974893191073
33	2.536597400933328
34	2.1965362631940826
35	2.7678791257947757
36	2.1818955874575763
37	2.8490580755905435
38	2.6080663690858326
39	2.9172722979090646
40	2.508662607329266
41	1.9624067695432308
42	2.495013044363471
43	2.449036260268942
44	2.8450663299754897
45	2.752034369575349
46	2.7417731724776986
47	2.187678333365304
48	2.1788931254581634
49	2.4488691463341365
50	2.4591551318927936
51	2.5111972677471193
52	2.1851914778038966
53	2.8239731623763777
54	2.5771796542317698
55	2.0243052703849553
56	2.3181594759706723
57	2.5137908798601973
58	2.254540350706863
59	2.3027402131973864
60	3.1013094737412263
61	2.953897823717759
62	2.752268890295031
63	2.753636117523002
64	2.9678571393681565
65	2.4740572172241784
66	2.2790315884664807
67	2.0012357717897427
68	2.2970758431951808
69	2.5015666732325856
70	2.1513645784770405
71	2.6265194261035796
72	2.1875570653065934
73	2.1837944336945787
74	2.5875116603627775
75	2.2119626949717
76	2.551823748658535
77	2.7985115864556263
78	2.7519979814865043
79	2.2395681949862754
80	2.4602931241318955
81	3.0246430951300236
82	2.6021413496636567
83	2.3283002525170335
84	2.7873219526582758
85	2.7437579194726647
86	3.0269043999134624
87	2.6879611272996935
88	2.41942352666809
89	2.7600121174077517
90	2.5469964522231496
91	2.638677692588895
92	2.37069123590628
93	2.728264888692352
94	2.8352073667675737
95	3.447799039841317
96	2.2734537706265128
97	1.8458359207906363
98	2.6398551751207413
99	2.8912618907380514
100	3.0086972321443555
101	2.926607013649385
102	2.9537456210982684
103	2.645321561210647
104	2.5093626234916626
105	2.183467913790469
106	2.498272187014163
107	2.8783744782070695
108	2.5162037040188987
109	2.634153353903792
110	2.5179850666538766
111	3.4952087287425493
112	2.456991011321984
113	2.6343516459773224
114	2.872279010478021
115	2.831757471717737
116	2.838701433091716
117	2.4815359503431225
118	2.59348967719062
119	2.901538595134968
120	2.3454745506258616
121	2.857540821926398
122	2.532037241798869
123	2.68231710250722
124	2.4638323667293127
125	2.8399102494678132
126	2.9629727684987626
127	2.2125461769332397
128	2.2443624953305266
129	2.19548768991877
130	2.6298838164514238
131	1.8628370380080865
132	1.1647421771062558
133	2.0005857473428357
134	2.716722365973707
135	2.5041849383014974
136	2.588122962953087
137	2.859547897727342
138	2.234922139618046
139	2.7124593793090472
140	2.7509243617633
141	3.2636547284976323
142	2.672082460572232
143	2.537327555112737
144	2.3113185964264016
145	3.207588786917542
146	2.4853238615027737
147	2.716462686003741
148	2.4459859987711012
149	2.6552223566488946
150	2.7567886559713157
151	2.615116208871365
152	2.8124103533303404
153	2.6237360916159864
154	2.659188441273839
155	2.5814038861998965
156	2.375019143185062
157	2.809428590775625
158	2.5641865887170097
159	2.668225754672614
160	2.5410897269418875
161	2.7640994659970852
162	2.733676674702195
163	2.505204387136955
164	2.3307196262131
165	2.4854967515207003
166	2.6608258088551384
167	2.088376470441484
168	1.947467965294813
169	2.147000956555138
170	2.236257012990573
171	2.7002776272306828
172	2.8235137541919095
173	2.87709346921005
174	2.3965033902435433
175	2.691448939997895
176	2.422274234722856
177	2.647170270305333
178	2.498326056744921
179	2.4997904611528656
180	2.1277048133078598
181	2.580714406671135
182	2.1712430042605884
183	2.4979646782347995
184	2.3827717152733734
185	2.4096007129416357
186	2.8759371584785063
187	2.721552125041004
188	2.603423377076388
189	2.1657541077683073
190	2.4981171135996307
191	2.5526987762316162
192	2.5919544007111965
193	2.397819679864092
194	2.9055310361884366
195	2.695239233619514
196	2.274912359278826
197	2.493335103184173
198	3.021932887831403
199	2.182953815446197
200	2.8505078981987264
201	3.0662987116383986
202	2.7335150893592575
203	2.8937018599161815
204	3.0558689362433884
205	2.8330031258169273
206	2.67262959881925
207	2.7394289169417543
208	2.5124516267562145
209	2.581798741736488
210	2.6049462634154463
211	2.890387623015036
212	2.5769390059839936
213	2.185581456379922
214	2.463161450882159
215	2.381054576590733
216	2.1453349254250056
217	2.4214275372951186
218	2.110833437417911
219	2.340311404313265
220	2.6198522808243667
221	2.222753908476104
222	2.2623668783219264
223	2.7728242434922894
224	2.7130726269877585
225	2.770784468502225
226	2.9148509421959394
227	2.582472973640649
228	2.485157000016899
229	2.7310449121795886
230	2.8774689635433917
231	2.9512538960940637
232	2.627153362014308
233	2.597436147290173
234	2.650684454327484
235	2.91662924037256
236	2.679732325472794
237	2.7429381451500054
238	2.48478933486775
239	2.518340033307432
240	2.4721017096017843
241	2.9429617007259266
242	2.4256499225758112
243	2.6002287777975512
244	2.9803018618991026
245	2.8839463464907107
246	2.5845496147738127
247	2.6620482174562277
248	2.8769255886818055
249	2.812037480929438
250	2.5332931503972325
251	2.57259192886143
252	3.105763811945837
253	2.8098237199965506
254	2.7282728888170524
255	2.62944778461001
256	2.665685402329395
257	2.5816630564426255
258	2.890512639485636
259	2.7651647508402717
260	2.9115863364986168
261	2.9294033152024124
262	2.7449161781084626
263	2.9151898054453342
264	2.995713150634474
265	2.3066440186647204
266	2.5220756935000863
267	2.6585172494317915
268	3.0121079760429823
269	3.0634818930059504
270	2.431107890705503
271	2.4447480440532607
272	2.4848903151070045
273	2.8162694591210244
274	2.4648474349513503
275	2.8667153257906297
276	3.1374523403553947
277	2.5325281445506396
278	2.3803966235719667
279	3.2146155408623764
280	2.8020939321635994
281	2.552731463731148
282	2.5497615329749856
283	2.9070392196213968
284	2.6942664431653633
285	2.2564887845475834
286	2.11675599654211
287	2.3890769532254845
288	2.9185752017534115
289	2.634474824263017
290	2.6954956954753655
291	2.4632735645441435
292	2.6263335178171805
293	2.745707173589971
294	2.537113430614886
295	2.2552214799892596
296	2.1911766193421927
297	2.9795126297540966
298	2.140673924523703
299	1.9407373988664693
300	2.5708994941830725
301	2.3771291100636653
302	1.965946477991742
303	2.463124294074598
304	2.7603409676360275
305	2.246708354783714
306	2.1935289937778766
307	2.5242441658171
308	2.7900855581624846
309	2.2308204961758595
310	2.4699906369493907
311	2.6888838932468393
312	2.744857053847899
313	2.5891569140346555
314	2.7234714631322547
315	2.3683077251365043
316	2.3612231050544787
317	2.466247025529813
318	2.1382444152291176
319	2.253270206807159
320	2.356399622134381
321	2.476485254654805
322	2.700980946184537
323	3.0386700448453476
324	3.3481809706441372
325	2.3089661858953643
326	2.2732320034052718
327	2.2132423955199068
328	1.9991209070122824
329	2.77595226860641
330	2.3491793752348413
331	2.4226580437224197
332	2.715574312846927
333	2.6732281549623913
334	2.853374633229255
335	2.5330445690777186
336	2.8279910282865233
337	2.3295408559668487
338	2.7499379203930254
339	2.5842265640764546
340	2.6548976979671965
341	2.92624507302895
342	3.0529621134378395
343	2.622243866534581
344	2.6518321104586233
345	2.0336345304164674
346	1.93434843164791
347	2.7397226989231185
348	1.8656529950949556
349	2.1939560057382335
350	2.262054581229721
351	2.506804021314672
352	2.1292425408974585
353	2.1394366067774593
354	2.5855263227993124
355	2.6396642770567995
356	2.773894163354854
357	2.323840716636395
358	2.7013465404241574
359	2.982270451683725
360	2.6027665225657213
361	2.504293036966408
362	2.3531432367028073
363	2.2991237679763095
364	2.8133022655412567
365	2.547024260187587
366	2.62635914918947
367	3.09301251861951
368	2.6959631968218316
369	2.964250326036005
370	1.9939653413031408
371	2.3523387719235784
372	2.1532050452682445
373	2.1130411907599784
374	2.158772369085862
375	2.2215788195084354
376	1.5246188515799617
377	1.7313131717265877
378	1.6326619152905917
379	2.1397878344192085
380	2.4251026364168635
381	2.406731290419125
382	2.5068783209351753
383	2.307623821280167
384	2.482635758221171
385	2.714152244972568
386	2.8579566055275967
387	3.108896932609142
388	2.6630425256853307
389	2.5024599643974375
390	2.3264561346493484
391	2.218668154574273
392	2.373635964400811
393	2.0290176893961407
394	2.1832483213190224
395	2.5267950245172184
396	2.5427321868591024
397	2.4527424604830257
398	1.8611615385017277
399	2.8323843944161626
400	2.7690707733513116
401	2.778208380808735
402	2.540378203553113
403	3.220388200738549
404	2.952780424731804
405	3.045020532867395
406	2.5454675459363147
407	2.9989734761285676
408	3.1318859425916874
409	3.1046775834975415
410	3.011869335547397
411	2.962337309794415
412	2.786974560060112
413	2.7479554110276228
414	2.5335143376012645
415	2.4778350481788705
416	3.050653121273692
417	2.3382403937108798
418	3.1309059621946354
419	2.4568229166734916
420	3.2725969479856696
421	3.068019548900562
422	3.4098317058801015
423	3.3835918730192303
424	3.2686309759088816
425	2.122667679404627
426	2.6765442506129715
427	2.834010093904202
428	2.5474080297080466
429	2.9123220962296794
430	2.6447027822317173
431	2.5214622128926494
432	2.92843158406384
433	2.2909142823685067
434	2.6304441015282043
435	2.668738605051806
436	2.488106869811478
437	3.0693211891231638
438	2.723603118719722
439	2.9049343851967375
440	2.743018277916828
441	2.4241647895183847
442	2.897275402250359
443	2.72568363238183
444	3.179305726949693
445	2.7536005302423567
446	2.6736023224016687
447	2.5446266662100028
448	2.935080395853275
449	2.7483502388829666
450	2.52782060993331
451	2.931531214166875
452	2.4893654169412422
453	2.7101827449602243
454	3.569226664996762
455	2.667570138091775
456	2.7633245875176007
457	3.0443317210506216
458	2.3714951565514166
459	2.2712920497069238
460	2.439960639303835
461	2.8494925154266415
462	2.6441910338028265
463	2.5949728950138273
464	2.6801844942967485
465	3.000735991428543
466	2.4445606601288365
467	2.622921402951634
468	2.136183030992683
469	2.28844731531842
470	1.982162206979609
471	2.0908657325659172
472	2.48789125961174
473	2.343357925491481
474	2.081613902259202
475	2.1569907579736545
476	2.8000576849792256
477	1.8288112863893733
478	1.9346523536788482
479	2.0906222352049664
480	1.7258776024602378
481	3.3251406358864193
482	3.52973922695219
483	2.894970041502653
484	1.600571024534786
485	2.3704004525507627
486	2.58276455388285
487	2.7465703612703467
488	2.378656961108249
489	2.6264656582253454
490	3.1426976198262793
491	2.888222398784177
492	2.5802101560657245
493	2.7959009253230005
494	2.7754557097648997
495	2.461556766236998
496	2.529398690726552
497	3.3480131034133436
498	2.492202990339977
499	2.522157011571618
500	2.682649199981463
501	2.631359474341434
502	2.7730588884209895
503	2.969997682217382
504	3.2162074373692215
505	2.947098942244778
506	3.3526672119825953
507	3.089612364020646
508	3.198407705024917
509	3.131132784714938
510	2.9608794938053786
511	3.3632509192079385
512	3.063799406394888
513	2.532576134648419
514	2.8234527236701616
515	2.7726005501826507
516	2.68640002560805
517	1.7188014009754622
518	2.3508804788096302
519	2.376225054027274
520	2.9247274733059245
521	3.259624192371583
522	2.6983615720861986
523	3.020376709667014
524	2.5154474323150047
525	2.953907714988357
526	2.5597214453744925
527	2.7695217272230903
528	2.33914397893854
529	2.530736315513489
530	2.7273799498227933
531	2.739289195064251
532	2.7432345822314907
533	2.8194358870780714
534	2.5532490072757574
535	2.595011982550381
536	2.575729579422943
537	2.4598725511731105
538	2.1382657149870234
539	2.4550507020675716
540	2.7051894155378857
541	2.5264210165837215
542	2.2466555056389717
543	2.123974315275142
544	2.842917025600518
545	2.9889667378191915
546	2.8044342692555073
547	2.9730985927108886
548	3.339799073289804
549	2.3338148153314364
550	2.575219933301647
551	2.5508910768647572
552	2.5152853717173325
553	2.7403201379070357
554	2.649173336386209
555	2.933170207972821
556	2.567632262669531
557	2.6369946266053055
558	2.8742663188623476
559	2.64349289615851
560	2.7489176607256827
561	2.8281311628312977
562	2.729747015902624
563	2.2890582828293726
564	1.9604314029767822
565	2.582177485044681
566	2.2252112757816116
567	2.6848468370385836
568	2.695810016224396
569	2.4904703762807774
570	2.6289624105098865
571	2.374210972283588
572	3.036421656491376
573	2.491979127539986
574	2.7965172202221034
575	2.7297477415051885
576	2.656875777802919
577	3.2383981006123026
578	2.566721278712932
579	2.978861381790158
580	2.838093704049373
581	2.480018686529563
582	1.8305016419293587
583	2.3253463689632006
584	1.9384315140432695
585	2.413653497800509
586	2.648756610347801
587	2.404382407334329
588	2.1715758372863636
589	2.6895411115129453
590	2.639143966340804
591	2.608802334691023
592	2.929756206567276
593	2.522225801641692
594	3.4960358582955813
595	3.353438173214665
596	3.1081139324478637
597	2.4317228602147756
598	2.7574440495160317
599	2.7701159413252707
600	3.6751546385227636
601	2.2220049147571292
602	2.2917256861140953
603	2.383270521465962
604	2.7143405517855195
605	2.6064347040543847
606	2.4856177903171193
607	2.5573674373651554
608	2.348008104771706
609	2.69494464071461
610	2.6353487593542035
611	2.8378225513818682
612	2.8521155252371386
613	2.8281085143882163
614	2.5106391671758903
615	2.793541762301382
616	2.6549224596299177
617	2.6594593113385847
618	2.780391629251147
619	2.7481943969600793
620	2.6516479620524636
621	2.5871731832133222
622	3.026682080594666
623	2.868213991905042
624	2.4113085737163145
625	2.798914402019368
626	2.478624665134805
627	3.2644112946063677
628	2.732071790558686
629	2.7978726725902994
630	2.3730099706679173
631	2.8263128775772266
632	2.7510533059353555
633	2.884180472962237
634	2.3868738407904653
635	2.384762963349227
636	2.2556085993296815
637	2.26955657846903
638	2.348934682065623
639	2.9545966494486686
640	2.972602964057734
641	2.8967573040893657
642	3.1921885958924876
643	2.869564486001298
644	3.02254689012296
645	2.5592466840074
646	3.467435430565488
647	3.2051554820112758
648	3.1008852879557915
649	2.508763622116417
650	2.2303852703157414
651	2.8978095519163967
652	3.0028759794022974
653	2.3904856060642863
654	2.2951943595358446
655	3.2049290311152676
656	3.013471450714867
657	2.9829703726344263
658	2.218648442650664
659	2.68350915047074
660	2.7501269836776183
661	2.4849523598791987
662	2.7837149122971363
663	2.4158910043083694
664	2.439885020544064
665	2.4509668937160485
666	2.879110479859628
667	2.8859135831406824
668	2.468116981280027
669	2.718736774615872
670	2.740063364157261
671	2.3460700402754266
672	2.831362768911033
673	2.660755764027628
674	3.1545907081998523
675	2.986456082418032
676	3.2079293093735544
677	2.913808908130999
678	2.8175859230377918
679	3.2077300899664083
680	3.0015082063754854
681	2.6786268375714
682	2.8859366878959456
683	2.7901071314324866
684	2.5784404607795284
685	2.829949389664261
686	2.641297008494577
687	2.5390719797090124
688	2.5758573446793296
689	3.047538628619244
690	2.9697775234555874
691	2.7432975946187255
692	3.177070058239342
693	3.0242660665122996
694	2.8829882910669444
695	2.9062145622272286
696	2.9666589711670386
697	3.100042695018032
698	3.1162897986556586
699	3.013041927122399
700	2.707918120167462
701	3.085230449853724
702	2.889819843418366
703	3.4095897476980226
704	3.0814429217895594
705	2.8670787117268364
706	2.7513110278908957
707	2.9370450727585378
708	3.0871438220167575
709	3.092841485925242
710	3.2791185988236577
711	2.7724796845394213
712	3.3880995167473174
713	2.5451693204332195
714	3.1135574565823823
715	3.3555815797981885
716	3.0315222119124203
717	3.3046258320304895
718	2.696207510386074
719	2.68978163212241
720	2.4664403981573404
721	3.3610921462043737
722	2.9469411283652973
723	2.603715563697947
724	2.7444771945509503
725	2.4295607421494303
726	2.7604998636381346
727	2.8706223665537838
728	3.3872932566494476
729	2.941204534170165
730	2.7160872556999647
731	3.3217761834575277
732	2.494172887165773
733	2.8450955431314235
734	2.9773919632200165
735	3.646486656190727
736	2.8001374402846175
737	2.746383331867145
738	2.9789033973372443
739	3.14612291860058
740	2.786144055591148
741	2.927368383790254
742	2.9310090172750805
743	2.7107901966459393
744	2.99745240074948
745	3.0387930002676455
746	3.1099580786602026
747	3.074563272775255
748	2.9658088777033162
749	2.8079451850897788
750	2.801095260946933
751	3.1399460580884315
752	3.25722001554929
753	3.392004166963568
754	3.2087203935674937
755	3.8769480438698314
756	2.98953878256845
757	3.0476853716594383
758	3.290306489378532
759	3.1185809996660026
760	2.9359820344256313
761	3.058554016534579
762	3.0488365473763643
763	2.8428916216126097
764	3.283328420369834
765	2.927574191785637
766	2.989404006006294
767	3.0497766333103464
768	3.0672257079341265
769	3.006159407746419
770	2.9605509542093977
771	3.681512648361666
772	3.2888202745767288
773	2.569066594827445
774	3.1110555300976888
775	2.9470550926536676
776	3.2113017541472435
777	3.071055315764427
778	2.852930713177508
779	2.5730576802735774
780	2.859080204898544
781	3.1829910524536356
782	2.597951021594993
783	2.9243666152787084
784	3.3544064943305925
785	3.334294094764124
786	2.7643934750954733
787	2.9202732794925486
788	3.1534984952585896
789	3.0869136216017554
790	2.8220440667796933
791	2.4382264775285276
792	3.124720074681364
793	2.768723381411874
794	2.6765193035578103
795	3.708016303581225
796	3.2824814168980323
797	3.178799184217597
798	2.597882948658354
799	2.6126612232748094
800	2.475968519798456
801	2.9176287295840555
802	2.7885094621721387
803	3.0728910068282733
804	3.310184994396645
805	2.4603531566869115
806	2.6440577076468896
807	2.8559859304990285
808	2.7731414115534423
809	2.872469172898993
810	2.5952702499959157
811	2.618699869681471
812	2.9581088406254152
813	2.7145081383213387
814	3.001472784626785
815	2.771681392249894
816	2.686131211358409
817	2.405826821978184
818	2.864616949951289
819	3.6204907630144736
820	2.9410897367588893
821	3.4741753279667273
822	2.9684872967014413
823	3.0347060401219097
824	3.1559196980922493
825	3.2870701596572087
826	3.209585351862016
827	3.4704103963506725
828	3.114313168837969
829	3.0708931906014074
830	2.8290698651244095
831	2.5536321015319907
832	2.817918695271482
833	2.9116155639561865
834	2.5558663045011545
835	2.8522693998764153
836	2.5645474854217953
837	2.4664124306329795
838	2.9981156945991008
839	3.0047581788362456
840	2.785372558188846
841	2.901723961002363
842	2.776849296969071
843	2.3998781904481277
844	2.86191655518827
845	2.740743834445593
846	2.6128446259543034
847	2.6082909415930153
848	2.623467078932123
849	2.8246018627220133
850	3.062714094519016
851	2.744790129358366
852	2.826123766920135
853	2.980931285060107
854	2.935074975777471
855	3.1956306935528396
856	3.056110981967276
857	3.1273315480533284
858	2.7894485778503864
859	2.771254677963696
860	2.7906165372576908
861	2.862305937081206
862	2.260892476999417
863	2.8177710443172743
864	3.092509344986512
865	3.054811252720627
866	2.824990082579263
867	2.4582657620556034
868	2.7987634369137893
869	2.301081432510185
870	2.446772919199697
871	2.7672906254708516
872	2.9638528288795407
873	3.407363935309229
874	3.1127969895466086
875	3.086319365282481
876	2.5763951456241605
877	3.0264867102977706
878	2.374804510231098
879	2.991575897582124
880	3.126429270841528
881	3.2363261531867566
882	2.5257814024571594
883	2.8779799154446875
884	3.0677036724814535
885	3.0929849131509974
886	2.9046805602248047
887	2.6987287652389305
888	3.0583695008940945
889	3.4842677408890217
890	3.3662777710296417
891	3.3861726948764224
892	3.6379234792099084
893	3.0733822954436043
894	3.0354160625123936
895	2.415441730161072
896	2.835750345708135
897	2.4543529890992475
898	3.0879583334247176
899	2.9120047647656038
900	3.5718430319270333
901	2.637862800309588
902	2.3606791546895223
903	2.469563803766617
904	2.8130094739048337
905	2.817442743436759
906	2.5543846250555133
907	3.0378385844368756
908	2.8253606254589463
909	3.3023874029763487
910	2.996388116744404
911	2.9238202356474434
912	3.288601437619989
913	3.340143487235491
914	3.1877978881472235
915	2.9568971079712782
916	2.960738087709884
917	3.014350288529987
918	2.5440856396956444
919	2.6056679919207775
920	2.529744130446201
921	3.0334560802034227
922	2.748374444184015
923	2.644239665910151
924	2.942625252481389
925	2.6760040026821352
926	2.9003574382077817
927	2.628322768681188
928	2.375169510952829
929	2.984114983401648
930	3.088599100630738
931	2.7028782565614313
932	2.5785521801502247
933	3.225005530665458
934	2.9445043334414795
935	3.0378068511738587
936	2.8030168811346052
937	3.068935442829871
938	3.134121805625787
939	2.670519309492812
940	2.9976930114431277
941	2.362663099115203
942	3.0504841715192126
943	2.9455485958021113
944	3.08569499884796
945	3.1727226016983265
946	3.376430359341307
947	2.8596213481375647
948	3.492366048555818
949	3.4815965072627906
950	3.086400874595459
951	2.921638348112065
952	2.8971687144733056
953	2.90734292975968
954	3.52824203095097
955	3.253223196879472
956	3.4426189957575466
957	3.317368211105456
958	3.7040699265191304
959	2.7040209487491635
960	2.8356528380543295
961	2.524423254527695
962	3.350967637146194
963	2.912513280340627
964	3.0372821562180876
965	2.81529874031914
966	2.8528260710788422
967	2.899528664966191
968	3.3018679876553048
969	2.7586546450889924
970	2.910839775625816
971	3.082650139993819
972	3.4119121786443856
973	2.9143897274461286
974	3.091163672520442
975	2.691419889761951
976	2.594983544591945
977	3.5485537275525223
978	3.1089962176902666
979	2.6105208427532434
980	2.9421867840255556
981	2.543749071486985
982	2.894791116758877
983	2.673373792571146
984	2.8228300162172246
985	2.9167320583571925
986	2.986075944852967
987	3.007408561125322
988	2.826124723125108
989	2.835193381055391
990	2.729903442106037
991	2.716400656376316
992	2.5231902563246105
993	2.5070654211307684
994	2.6745756473596582
995	2.7826585714292165
996	2.6026976578561016
997	2.676697929510957
998	3.156305057483102
999	3.271511499280981
1000	3.3242335801920673
1001	2.683914346535763
1002	2.9529224817117115
1003	2.6881782036924515
1004	2.6430805694545416
1005	3.080688100395102
1006	2.857410403364085
1007	2.23687186122698
1008	2.610218577795052
1009	3.177213173610707
1010	2.433127066360024
1011	2.3691774203103737
1012	2.746374867163706
1013	2.491415134550278
1014	2.3545738395815614
1015	2.377264935442685
1016	2.3933765643501306
1017	2.540137945371755
1018	2.6396682857225406
1019	2.1607166874659374
1020	2.3707107884904333
1021	2.8234485373195404
1022	2.6434928103264155
1023	2.3571807584992728
1024	2.9138886591895745
1025	2.5046755013713353
1026	3.0931061376123736
1027	2.8655386158375555
1028	2.729346487386644
1029	2.5452991138758847
1030	2.9919426285327613
1031	2.4643354408625107
1032	2.509203312301631
1033	2.763493252726214
1034	2.814166459251596
1035	2.6204276311205428
1036	2.4576600207497257
1037	2.747075028346313
1038	3.443939480374519
1039	2.920843757916888
1040	2.799546619016674
1041	3.3282318795234973
1042	2.557023299612807
1043	3.024292631311986
1044	3.334517190945191
1045	2.9025572201189256
1046	2.939561229502461
1047	2.8199497533524114
1048	2.646390682067227
1049	2.9727746849006484
1050	2.4509170709527743
1051	2.2011662001461705
1052	2.5380254234176887
1053	2.5619964995978433
1054	2.543405819157885
1055	2.6543520417831905
1056	2.6945250485675416
1057	3.2225603961978293
1058	2.5630627399842565
1059	2.782596070741681
1060	3.076597279506249
1061	3.327713194610335
1062	3.019336961997474
1063	2.6424539114239534
1064	3.095596606451327
1065	3.0118449696326093
1066	2.4703693773382573
1067	3.4435392197147543
1068	2.5619256767703464
1069	2.866798029847267
1070	2.5859014796344093
1071	2.7212303154457747
1072	2.4839308466935073
1073	2.1767905824676617
1074	2.7419749309443198
1075	2.347771829853629
1076	2.540184366791561
1077	2.2371479210651835
1078	2.0224282065584633
1079	2.2141418508119917
1080	2.240041091249285
1081	2.4557870172493628
1082	2.386934868977044
1083	2.7022418813836198
1084	2.6005051561452195
1085	2.0683775217979536
1086	2.498606524436765
1087	2.070862971939867
1088	2.7778036042327323
1089	2.397009410982478
1090	2.99302003606991
1091	2.872713262991419
1092	2.8880563375999255
1093	3.0201299071259227
1094	2.5958504972791885
1095	2.679484429297181
1096	2.343576352098493
1097	2.809339707252158
1098	2.611165772989183
1099	3.1763708589107353
1100	3.178285071455564
1101	3.0502539359066443
1102	2.883026180952696
1103	2.9391092115186574
1104	2.781256281985604
1105	3.091693466068301
1106	3.0369148447606347
1107	3.093356671018567
1108	2.9289063843447334
1109	2.8418124923114774
1110	2.6380378257192603
1111	2.749227258967285
1112	2.775339694584176
1113	2.7025993196924682
1114	2.8467223683588756
1115	2.719091003043238
1116	2.9133064068622314
1117	2.6367993197437762
1118	2.813215954017258
1119	2.9945740892108597
1120	2.7489387045040887
1121	2.523404306249028
1122	2.9039203001304923
1123	2.9413947224575465
1124	2.708978808684098
1125	2.8011765174964265
1126	3.082707736138702
1127	3.3830358285570847
1128	2.9446748670821066
1129	2.867654034529667
1130	3.4149015709190857
1131	3.1963288954026474
1132	2.621836954056163
1133	2.609717244904879
1134	2.588117990365648
1135	2.8308093357826043
1136	2.77595658891602
1137	3.07874699628539
1138	2.3836543956507232
1139	3.0188455794448408
1140	2.623081334114828
1141	3.02232458319219
1142	3.0889855587121215
1143	2.771181716678077
1144	3.7296004127439866
1145	3.2651053223346773
1146	3.2352038001167593
1147	3.182750311649416
1148	2.7119918743582865
1149	2.5249199259388573
1150	2.969723047529391
1151	3.015759550206257
1152	2.8950273629985626
1153	2.9626324688841303
1154	2.660484072182617
1155	3.105384567670868
1156	2.7480504296605575
1157	2.7655826170279307
1158	2.8430782904783576
1159	2.5251671493294063
1160	2.0198574443882915
1161	2.22107921337499
1162	2.782692723107939
1163	2.648223973889454
1164	3.491865941558187
1165	2.8615465184693702
1166	2.7477403746791516
1167	2.80027183150756
1168	3.1248416792452
1169	3.3873777660815425
1170	3.2803951312373667
1171	3.0149215156621745
1172	2.9576741454029354
1173	2.5942034052196954
1174	2.242568363325474
1175	3.52159393221199
1176	2.6481492945890115
1177	2.7893986607411634
1178	2.7074721681022154
1179	2.371981845182642
1180	3.141100852950101
1181	2.669635291170572
1182	2.2494429088396224
1183	2.740499308406793
1184	2.6147802513783156
1185	2.777187017455489
1186	2.3212058477085713
1187	2.447185599773225
1188	2.4001822167553106
1189	2.678768154235593
1190	2.7048641256142734
1191	2.590062413875769
1192	2.734743284738925
1193	3.0488763372831977
1194	2.7047100510381528
1195	2.408630599511392
1196	2.611320908060793
1197	2.5128750920714387
1198	2.5516688370779828
1199	2.9590789882558086
1200	2.1457511167153807
1201	2.6268514561882683
1202	2.224880712785898
1203	2.7733178824510043
1204	2.6708747038370513
1205	3.284293607732351
1206	2.6271771731806166
1207	2.577719943208625
1208	2.3865181986824777
1209	2.6121985907903675
1210	2.5076197766222545
1211	2.67954565461167
1212	2.621692302490628
1213	3.064847735504253
1214	2.57740796045504
1215	2.739650695266847
1216	2.851325413723079
1217	2.397204429011437
1218	3.1232133416657435
1219	2.9555488891770985
1220	2.180337280904267
1221	2.5093530935423325
1222	2.5451508150051185
1223	2.6429608718535267
1224	2.5975380547867557
1225	2.9856231548250056
1226	2.3426394805532795
1227	2.9548251558744574
1228	2.463483736901683
1229	2.325332266928519
1230	2.1986314198328487
1231	2.369720268807315
1232	2.4419584980877684
1233	2.414255900195874
1234	2.3135340511203153
1235	2.6158991519761177
1236	2.479530784744733
1237	2.544371974344902
1238	2.707112367293607
1239	2.952507885756197
1240	2.9027716732585174
1241	3.0896042781549617
1242	2.108522557053499
1243	3.061880371738087
1244	2.158155701383917
1245	2.3143758169618667
1246	2.183659730971945
1247	2.154665368053224
1248	2.608920643424889
1249	2.777027444863077
1250	2.5428940586635576
1251	2.6594987161236903
1252	2.309064593546294
1253	2.658411204247963
1254	2.264912323283656
1255	2.5051038143568785
1256	3.2190705826041057
1257	2.6049011789606973
1258	2.85942703443456
1259	2.148549544786145
1260	2.4505727683793217
1261	2.6974849778177856
1262	2.3611766855110723
1263	2.589337735546253
1264	2.2804256656423525
1265	2.5069395072565075
1266	3.0930581044580574
1267	2.3080020350307517
1268	2.563096578056317
1269	2.3271819065868367
1270	2.31001547004708
1271	2.4565947930922394
1272	2.8386409573340035
1273	2.5569429584090164
1274	2.0952276156631147
1275	2.8972361109629348
1276	2.8147840203265764
1277	2.8328407815280525
1278	2.7127832542704744
1279	2.5719731522426392
1280	2.1666365396380476
1281	2.6063071093087093
1282	2.4745147610101643
1283	2.123227126243685
1284	3.1256037216999113
1285	2.4883773341866413
1286	2.789167934488406
1287	2.769129200929186
1288	2.432274098783426
1289	2.7626136106338812
1290	2.609486275228837
1291	2.1151018183871337
1292	3.1366970990058363
1293	2.757530788611123
1294	2.9221162261328635
1295	2.801645925454083
1296	2.6647326171408916
1297	2.72378970819211
1298	2.9011440768625354
1299	2.2204925766867283
1300	2.7267352020560587
1301	2.697145201195977
1302	2.786163023721111
1303	2.545084166486595
1304	2.0401252779367725
1305	2.2877443154329944
1306	2.6163523970701403
1307	2.340734825490923
1308	2.623995909405274
1309	2.530048005064185
1310	3.2531521158537724
1311	2.2343642565680613
1312	2.6580779409277477
1313	2.654524036367578
1314	2.7460385314491074
1315	2.5386883552315753
1316	3.1673063575707774
1317	2.556117787311351
1318	2.457536286702452
1319	2.6494104889413546
1320	2.6828653780982794
1321	2.5566566610191708
1322	2.4449051485955735
1323	2.3819070867279915
1324	2.2473286915002966
1325	2.59231295876086
1326	2.6060296234436584
1327	2.733705445471861
1328	2.860773405430527
1329	2.5952928089345413
1330	3.1220909335430664
1331	2.616542482581643
1332	2.497093358719455
1333	2.3046184680948034
1334	2.4345604631167843
1335	3.288933024803313
1336	2.500745152141597
1337	2.5489408073490094
1338	2.9166593779960093
1339	3.30625274955193
1340	2.510973160082252
1341	2.746369942825794
1342	2.6722360563997873
1343	2.654472720223204
1344	2.1379700462610507
1345	2.588508074160896
1346	2.3647366786498356
1347	2.904617001130011
1348	3.029257761847581
1349	3.010668662548561
1350	3.108496261664342
1351	2.9092571934214972
1352	2.81001330025919
1353	2.5995980339075024
1354	3.224464216914196
1355	2.3142937119183618
1356	2.600406931965374
1357	2.7750687764619286
1358	2.6422091306153925
1359	2.4316115111956185
1360	2.570286363898132
1361	2.800037408876512
1362	2.867434249438748
1363	2.5272032846116184
1364	2.8849865911171984
1365	2.920265610164481
1366	2.28472159662116
1367	2.4269475829175877
1368	2.366354866163217
1369	2.4752658253733215
1370	2.819821816873137
1371	2.46728138884359
1372	2.4854209219489527
1373	2.723146361350444
1374	2.9670373749694035
1375	2.2115879280912534
1376	3.3148236648105756
1377	2.6495474255191995
1378	2.8879605641483197
1379	2.609077029018188
1380	2.6420761883409445
1381	2.575915816183688
1382	2.6657988186194874
1383	2.6925697138563445
1384	2.338881385825917
1385	2.35260475200452
1386	2.3537632090822345
1387	2.6159054951189917
1388	2.8328574948433065
1389	3.0046096922365573
1390	2.82299201057033
1391	2.782711493480914
1392	3.3337592950329715
1393	2.5769330648547886
1394	2.6768465765571436
1395	2.6717453311966137
1396	2.716496140512176
1397	2.925228877221394
1398	2.639494941979383
1399	2.8495544926129184
1400	2.2194121824916957
1401	2.150273230651604
1402	2.614500980760536
1403	3.1821855754499655
1404	2.743596175992487
1405	3.0341296737354466
1406	2.8532875170786136
1407	1.9678100304474593
1408	2.5952214770960538
1409	2.4282941144890913
1410	2.555430215787928
1411	2.865402548911221
1412	2.9099500376677283
1413	3.2040544418208436
1414	3.030597038527852
1415	2.74295887121227
1416	2.8450321646899774
1417	2.4382417820983253
1418	2.842651435205984
1419	2.6725398870530714
1420	2.5914446109725
1421	2.8678825901960736
1422	2.855232278701183
1423	2.6603437962615133
1424	2.3355631625497666
1425	2.595155935933599
1426	2.925279669640905
1427	2.7863320330081045
1428	2.7713043961936887
1429	2.8772287519386417
1430	2.9687164851372922
1431	2.941913330114096
1432	3.1937401563194854
1433	3.22191943638976
1434	2.9727778292008313
1435	3.237663414788541
1436	2.5052272858017655
1437	2.5464325179649134
1438	2.466426430848235
1439	2.4969156449076846
1440	2.839098447214834
1441	2.564243964357452
1442	2.692876333032004
1443	2.5050935518040824
1444	2.557359579102643
1445	2.882660637959842
1446	2.522597108419935
1447	2.9132833038913732
1448	3.1788205209511298
1449	3.154073620157876
1450	2.926689943379774
1451	3.1729041111426515
1452	2.541614634596308
1453	2.609133405221077
1454	2.7677140855695113
1455	2.4957327838779104
1456	2.529491591693047
1457	2.7931994781686984
1458	2.6754677479119566
1459	2.7017193478838246
1460	2.7789540658139904
1461	2.397381119654086
1462	2.0899857002328903
1463	2.4826349996161547
1464	3.1389771400273436
1465	3.0282887160175496
1466	2.9909047856582487
1467	2.827491065139461
1468	2.754797911300229
1469	3.0621315978208057
1470	2.703358401902027
1471	2.870517512428535
1472	2.749608125897223
1473	3.003136170933594
1474	2.8023521082125686
1475	2.9500247233887915
1476	2.9372357829981772
1477	2.663097169675734
1478	2.5874465236889415
1479	2.555385220518587
1480	2.334936086425783
1481	2.4300693438292975
1482	2.665475423680414
1483	2.56384381601301
1484	2.5431786467472053
1485	2.6408947020127878
1486	2.927296429993947
1487	2.812877471346905
1488	2.8672310113292614
1489	3.0716283148913877
1490	2.305682202946982
1491	2.8853063000214347
1492	2.791898897430794
1493	2.2020261912003316
1494	2.409907093782847
1495	1.9401654046443266
1496	2.716452358552136
1497	2.59614476136047
1498	2.4253948934339595
1499	2.6023242332971535
1500	2.3986363024672213
1501	2.2527403494424383
1502	2.917909312154541
1503	2.6675203950617217
1504	2.139351891362357
1505	2.8754614359076616
1506	2.7331050470789644
1507	2.269017889499945
1508	2.8003912015080474
1509	3.3345944579758378
1510	3.097396142274318
1511	2.343858933499688
1512	2.991978217881082
1513	3.062481327816206
1514	2.5902884742456904
1515	2.3608649489625444
1516	2.6190762359091413
1517	2.865784683309252
1518	2.6700475242087274
1519	2.116794847776613
1520	2.493454434200792
1521	2.4160133141834006
1522	2.7093437998783023
1523	2.0410583519299923
1524	2.366611289126212
1525	2.7631859342540146
1526	2.4705459034453616
1527	2.9682477279759962
1528	2.346558947463954
1529	2.7088759601146086
1530	2.744217957640498
1531	2.4460329980953004
1532	2.3834959983249555
1533	2.365490612662612
1534	2.29145259985611
1535	2.8347489841547455
1536	2.5125519137331938
1537	2.2396076085189174
1538	2.458291665670682
1539	1.8507145552594857
1540	1.830323663920215
1541	1.993620132554232
1542	1.860779438010417
1543	2.1305538754047015
1544	2.311344340869198
1545	2.433745707413965
1546	2.4865279202048116
1547	2.071753605971204
1548	2.2197886215615794
1549	2.1181266798054335
1550	2.3196773184039827
1551	2.571734231487407
1552	2.5660291810731204
1553	2.918897463685494
1554	3.1777249798066074
1555	2.920249541268783
1556	3.1160762374251925
1557	3.1560683549784954
1558	2.9444865452494766
1559	3.0230841150656773
1560	2.82006854318087
1561	2.854914656821586
1562	2.8880465282442835
1563	3.2109457854520693
1564	3.0867558976170892
1565	3.2584353610031354
1566	3.4644699797450724
1567	3.1953583280444646
1568	2.637209750958359
1569	2.8454902465180454
1570	3.0799743695010355
1571	3.380536305799021
1572	2.588673452267051
1573	2.8931453916886007
1574	2.641969225982151
1575	2.9358383027799846
1576	2.097260880463644
1577	2.638265540407376
1578	2.546400659344397
1579	2.369836186818999
1580	2.384949953310497
1581	2.4180287315587923
1582	3.1955459172595075
1583	3.2225205824299246
1584	2.1839724875628925
1585	2.638169679975471
1586	2.6777129953345256
1587	2.364275912351021
1588	2.3052055016918245
1589	2.6058011409359443
1590	2.6938089153461586
1591	3.0918481528240194
1592	2.5323871476470203
1593	2.700756023840261
1594	2.9270503566623733
1595	2.52881412005521
1596	2.7030105545819834
1597	2.600905997666519
1598	3.0790287093333197
1599	2.6629848239770184
1600	2.4522736732406893
1601	2.4511837310712385
1602	2.1424875010016993
1603	2.4249256695895287
1604	2.297631788999923
1605	2.604904720588449
1606	2.6536432271997636
1607	2.753067975629219
1608	2.392749086130764
1609	1.9613154805118425
1610	2.412710044483724
1611	2.5943196917601683
1612	2.627853378740205
1613	2.505618356213106
1614	2.897414232312783
1615	2.2078647525759743
1616	2.8093191484238744
1617	2.6654477731289097
1618	2.4361605541219395
1619	3.0807564468751067
1620	2.4403594112659555
1621	3.1667267431237627
1622	2.826243191961505
1623	2.935161540409496
1624	2.9626197053543812
1625	3.0301778550569423
1626	2.782785317258737
1627	2.499879304617501
1628	2.7206753906501273
1629	2.4521248453248603
1630	2.954842173594274
1631	2.4170996051020346
1632	3.1159396904978762
1633	2.8420837294769337
1634	2.549323384660103
1635	2.750332075167146
1636	3.030026589308317
1637	2.9017752110138173
1638	2.6530695047747876
1639	2.8635317135124705
1640	2.650629677791538
1641	2.967485468681312
1642	2.736874861090922
1643	2.853849814376111
1644	2.9557928744759563
1645	2.7771411459059725
1646	2.746720856166496
1647	2.629881143390916
1648	2.769818325008861
1649	2.740143279130245
1650	2.5397492650595654
1651	2.750362729181895
1652	2.910471398300439
1653	2.668588446721047
1654	2.5697289676167845
1655	3.417558461659393
1656	2.6553309422760503
1657	2.6758456070841654
1658	2.7151271378803283
1659	2.781380370403492
1660	2.2433164380547392
1661	2.6434622476085323
1662	2.4761201424027304
1663	3.070114621017663
1664	2.8613011992605535
1665	2.8820902425878767
1666	3.081638231822377
1667	2.7072749254924964
1668	2.6248257313166037
1669	3.072594325722626
1670	2.6282924886100028
1671	3.158783219610497
1672	2.8959697820573638
1673	2.8239273011817585
1674	2.59520472741523
1675	3.1043951783137747
1676	2.5817924915584083
1677	2.7806066418886024
1678	3.13183496532841
1679	2.6653830324032444
1680	2.4867164270685413
1681	2.8324161044332277
1682	2.5883959538236847
1683	2.6504673971159143
1684	3.1912840874785084
1685	2.8502848411522304
1686	2.6771212984722474
1687	2.7355510870326287
1688	2.7534832895170216
1689	2.8217601941296504
1690	2.708223763850924
1691	2.155299111983481
1692	3.326248587968651
1693	2.543181205667471
1694	2.4656682682115805
1695	3.244051567490157
1696	2.472417368941197
1697	2.876004698382997
1698	2.9313210396568876
1699	3.3417221410850413
1700	2.9605895509573252
1701	2.4157762743898146
1702	2.8635201363014824
1703	2.8420355125699794
1704	3.0905646056033143
1705	2.7493713267610573
1706	2.9661050162836395
1707	2.5173781275434077
1708	2.3746302799692525
1709	2.18264300679303
1710	2.806629423952158
1711	2.4227598816283944
1712	2.39872131467851
1713	2.5789380277104
1714	2.350715222670309
1715	2.999046697149827
1716	2.7918959788949196
1717	2.866626503820044
1718	2.575342368640288
1719	3.310627024005691
1720	2.6990245912241555
1721	2.3669410541075755
1722	2.897730363258577
1723	2.2846076811884624
1724	2.447441385595323
1725	1.7187545057113138
1726	1.7103425192313253
1727	2.248966947551497
1728	2.7329031950789084
1729	2.1300582679579176
1730	2.419415898565285
1731	2.5977885852071796
1732	2.1733953389860106
1733	2.7384741767464593
1734	2.5720011415290682
1735	2.7826857292461904
1736	3.199356322003396
1737	2.192193646043013
1738	2.9042387643744654
1739	2.346667185268172
1740	2.4013391554313044
1741	2.6105565715797563
1742	1.9205203115472655
1743	2.1836757999855716
1744	2.5870293050729307
1745	2.6898163383565037
1746	2.440451561069781
1747	2.5392859617335466
1748	2.4729584715280346
1749	2.8430867324931106
1750	2.2731422881974828
1751	2.723756563537631
1752	3.247161877560441
1753	2.8383315624111294
1754	2.729309105279347
1755	2.964604931386165
1756	2.8523947748533436
1757	2.727074028392966
1758	2.9170093096088747
1759	2.8098365744553244
1760	2.665962803567127
1761	3.048062880966142
1762	2.54995074993742
1763	2.6274011731635896
1764	3.1724045397990426
1765	3.3336226811381175
1766	3.1539364855485377
1767	2.7739144493201513
1768	2.676848480465517
1769	2.8845593590915493
1770	2.6761205920922517
1771	2.4963868641284592
1772	2.5995740027155394
1773	2.6394795288298973
1774	2.8863217271302797
1775	2.6927304114786663
1776	2.9580602182137063
1777	2.7259320479922797
1778	2.9964178991352393
1779	3.2422764352401634
1780	2.9139058780197744
1781	2.9599457171433103
1782	2.9183362126118566
1783	2.7144816648035457
1784	2.7969457241043147
1785	3.2515228306582573
1786	2.779143610957667
1787	2.82914256691068
1788	2.887978520914755
1789	2.8602961200236683
1790	2.8169354093899615
1791	2.9326187796044327
1792	2.740295859915977
1793	2.7283134757000207
1794	2.622578850260478
1795	2.6202841665331214
1796	2.882639864945431
1797	3.5023705903829456
1798	2.867924927293731
1799	3.09917211972687
1800	2.5735714883831466
1801	2.7323444992341352
1802	2.80993350307281
1803	3.2793059025556133
1804	2.8136763820556734
1805	2.8980367560152716
1806	2.4681697889649796
1807	2.954185257520797
1808	2.7849998341850113
1809	2.7042146319364138
1810	3.292690611898049
1811	2.481009785590735
1812	3.171560125432763
1813	2.780311940441731
1814	2.6882724713066275
1815	2.695032157245835
1816	2.962618573051035
1817	2.766259026726002
1818	2.673726781748435
1819	3.0039911672117503
1820	2.9020073154487367
1821	2.564004730534314
1822	2.5119673698718583
1823	2.559620310206554
1824	2.368787173802577
1825	2.5442185448463026
1826	2.9140073816424796
1827	2.64210594941026
1828	2.365455170277439
1829	2.91141758846332
1830	2.300880128823658
1831	2.257941521258328
1832	2.679576896583284
1833	2.8377231782507097
1834	2.961169523669403
1835	2.410533572316933
1836	3.174944240581744
1837	2.8557220388362627
1838	2.6650957040812018
1839	3.0085838461965624
1840	2.882395607839857
1841	2.533169304578446
1842	2.884412221914424
1843	3.060325867711737
1844	3.013927934018317
1845	2.7041742421955792
1846	3.0865433792058106
1847	2.5075039605781555
1848	2.9584714911572427
1849	2.8450446578232005
1850	2.1377905870499436
1851	2.43330632804328
1852	2.316342682311181
1853	2.6001264550475525
1854	2.771705532848847
1855	3.052925069190843
1856	2.8669940466057384
1857	2.8105091891956877
1858	2.6514945975914697
1859	2.921431348250422
1860	2.307333509741347
1861	2.6099611201073127
1862	2.6701990490941787
1863	2.596303302364171
1864	2.4532895286645493
1865	2.8680642947357846
1866	2.5869839697267425
1867	2.2241615583701284
1868	2.639269988172353
1869	2.690320345028547
1870	2.42941342944985
1871	2.7435332617119585
1872	2.3605259641482577
1873	2.4402587024950653
1874	2.5695685091088336
1875	2.5474414024739698
1876	3.0103818956128303
1877	2.670417147132535
1878	2.5904277003388843
1879	2.70892728899264
1880	2.717367604854557
1881	2.575427432898407
1882	2.4452767220286717
1883	2.6571822859352427
1884	2.5460228252757817
1885	2.6864685469811778
1886	2.7308210589370785
1887	2.7707338576428566
1888	2.951441554732402
1889	2.8756605727074387
1890	2.403519675400083
1891	2.7091199655118294
1892	2.420759090910278
1893	3.011680068219996
1894	3.280692432392847
1895	2.5919932459975885
1896	2.7397282867022645
1897	3.4615488208663323
1898	3.051201721419725
1899	3.222241360148479
1900	3.3851243631494743
1901	2.8025108547970823
1902	2.6398970025775688
1903	2.928012063779393
1904	2.5050249989013667
1905	3.0703543239147866
1906	2.437601700998682
1907	2.622124557777359
1908	3.39315836567481
1909	2.837048502940679
1910	2.51075950168553
1911	1.9655853687903038
1912	2.0768483342123725
1913	2.712818750369453
1914	1.7840754192954122
1915	2.5224134885475427
1916	2.5252544221736937
1917	2.5011185696812257
1918	1.9704007217227766
1919	2.9713175444838633
1920	2.2339922722074466
1921	2.3919854584345703
1922	2.0361897169547807
1923	1.8561529523175948
1924	2.0909794072593577
1925	1.5285132685147262
1926	2.0032373421676906
1927	2.371168130184918
1928	2.4587884613676265
1929	3.1144413013916825
1930	2.3903189965226876
1931	2.5736891881585184
1932	2.5990192863665458
1933	2.514230177707132
1934	2.393268994648855
1935	2.574142419470911
1936	2.5509764764405527
1937	3.127869825980497
1938	2.7654008087927497
1939	2.720425053990658
1940	2.797008443931568
1941	3.151716231413984
1942	2.8539153791513616
1943	3.010652979643483
1944	3.1004804887971726
1945	2.7674755895709
1946	3.0528902047887376
1947	2.941423493563117
1948	2.8462932686245392
1949	2.595291316727788
1950	2.5579882932924387
1951	2.711664339585253
1952	2.7072022004507263
1953	3.0411684133446477
1954	2.9210340697004784
1955	2.7482116664122866
1956	3.250751672837375
1957	2.4707158248208425
1958	3.153298606849276
1959	3.1408000010354944
1960	2.799204433990259
1961	2.4137998440887145
1962	2.9195442242392255
1963	2.9439104394723423
1964	2.602075219478586
1965	3.3805815675954274
1966	2.9840525103669204
1967	2.6659725529237326
1968	2.907134630419068
1969	2.7297283345110714
1970	2.971770766908986
1971	2.7533406437217165
1972	2.5582579753352532
1973	3.0775098177058964
1974	3.273253048038413
1975	3.391818842990471
1976	2.837723724447931
1977	2.972218666901187
1978	2.481045947515558
1979	3.1645864375467987
1980	3.3312813519913576
1981	3.000727772498119
1982	2.7460822244031586
1983	2.645255497993576
1984	2.2666221053048843
1985	2.141134627508078
1986	2.730642284366515
1987	3.171831487247794
1988	1.910125572863775
1989	2.3952990575247397
1990	2.2007851806048957
1991	2.3978058683401993
1992	2.2192515257458063
1993	2.750776688131825
1994	2.448494724625414
1995	2.8231243228000737
1996	2.669727025758732
1997	2.8847465475828518
1998	2.4690356063983834
1999	2.4781315567579862
2000	2.403831001602857
2001	2.7913519843688044
2002	2.7825884238166374
2003	2.6370180732719217
2004	2.7511170494269455
2005	2.7023072249219564
2006	2.480737241372192
2007	2.763874843377337
2008	2.757513014444588
2009	2.6617036106000183
2010	3.2407301545830434
2011	2.5644484681289437
2012	2.8635562871108253
2013	2.8255673334939106
2014	2.6033758453321956
2015	2.3092897258924676
2016	2.0181271362034705
2017	2.9887516636938742
2018	2.432941459532325
2019	2.130583684872103
2020	2.4105386869367758
2021	2.6738824409371857
2022	2.318491203586528
2023	3.321449968325907
2024	3.195637850218792
2025	3.1492350041553747
2026	2.795529725714231
2027	2.448352128199743
2028	2.6928049733797055
2029	2.8629693896617856
2030	2.951692336576965
2031	3.007177599592532
2032	3.0061044745197596
2033	2.768078280600229
2034	2.480656365779997
2035	2.5746079826474384
2036	2.438083037069054
2037	2.3808176005948334
2038	2.6411237695498255
2039	3.0064335651463834
2040	2.4531581262839723
2041	2.6357048566252246
2042	3.0528451526431857
2043	2.8060881818802788
2044	2.762894037521393
2045	2.7650271210855464
2046	2.9515666788482293
2047	3.0607908206783425
2048	3.4352799094733357
2049	2.976527134153536
2050	2.9025454753486497
2051	2.49639181608982
2052	2.5104300349573303
2053	2.6385766064657488
2054	2.729907789865726
2055	2.4357089176825837
2056	2.938901746487794
2057	2.770804891829405
2058	2.8387381461799186
2059	2.4707736206029765
2060	2.8087735909383675
2061	3.384335040751913
2062	2.9569041903913686
2063	3.076362338978511
2064	2.557963101530629
2065	2.553533930683016
2066	2.656966241242447
2067	2.550640897278723
2068	2.179617551892003
2069	2.3516400436204785
2070	2.9929008269992874
2071	2.982835177946327
2072	2.8706925363845075
2073	2.6526299558632376
2074	2.9098727808840423
2075	3.083816140337266
2076	3.189090785940795
2077	2.8374766360777106
2078	3.000576931729628
2079	2.306885297231077
2080	2.4137480984897977
2081	2.708799344161918
2082	2.7496907007378
2083	2.9035344713957496
2084	2.6955108747035643
2085	2.804839753087327
2086	2.7613006892220016
2087	3.3049195296591107
2088	2.7459279432143235
2089	2.5817066598178307
2090	2.9857690455281407
2091	2.359584246180046
2092	2.5851699412164217
2093	2.902435814687128
2094	2.4993489450229727
2095	3.1104645315046966
2096	2.810409521572082
2097	2.469731418297517
2098	2.4470301444874014
2099	2.706967088690554
2100	3.122088090454031
2101	2.8020361262350932
2102	3.1327168419119635
2103	2.8925960214396147
2104	2.5353629851297654
2105	2.7207727471143546
2106	2.8004261891382973
2107	2.653438934493119
2108	2.797401243314504
2109	2.825792247924757
2110	3.1563855881286194
2111	3.136411691975754
2112	2.8906835610909303
2113	2.675160918614908
2114	3.0189929595523446
2115	2.9263687647249914
2116	2.884119141701476
2117	3.035168183876213
2118	3.0975261595375745
2119	3.136554555547709
2120	3.3521608902672924
2121	2.5870570841601452
2122	2.564552497055267
2123	2.5292479738216964
2124	2.8184616801610427
2125	2.9378408023466513
2126	2.7904068888817832
2127	3.211087799855581
2128	2.826537024586407
2129	2.594984769945686
2130	2.7909542504069718
2131	2.424223679582534
2132	2.9951080037374043
2133	2.345287530781351
2134	2.62212460262326
2135	2.6221342434701445
2136	2.8261901169212758
2137	2.571598435971117
2138	2.8946948669364843
2139	2.8431919311519644
2140	2.6735839422051892
2141	2.5356563296879417
2142	2.49311220160367
2143	2.744129434686806
2144	2.6477052754042716
2145	2.6610062098058864
2146	2.445280143759869
2147	2.2524980476306116
2148	3.0629769483758116
2149	2.9547477485267923
2150	2.773720142550261
2151	2.9474738316410014
2152	2.3392610794607664
2153	2.009290284320687
2154	2.6137224288777894
2155	2.9673128053454954
2156	2.640957844798047
2157	2.5162236674361473
2158	3.1239682932324935
2159	2.821863462657366
2160	2.9093619084594313
2161	2.6331962317358992
2162	2.8601850271002887
2163	2.7651556029598177
2164	2.5161730853183184
2165	2.33624192954706
2166	2.8197291019142776
2167	2.9489703735890536
2168	2.3293045121242484
2169	2.7192734037430797
2170	2.4701741972976223
2171	3.0042133351344544
2172	1.9629397722732251
2173	2.333509794320234
2174	2.4426371916578833
2175	2.7635814580413367
2176	2.2778808009488976
2177	2.613700747985172
2178	2.381605797292452
2179	2.853245956358948
2180	2.635235850975424
2181	2.1169350161222176
2182	2.4647009391648194
2183	2.922933968731945
2184	2.642822368346379
2185	2.871433119922897
2186	2.7841010118809897
2187	2.789219270999909
2188	2.508167993926449
2189	2.769356809194876
2190	3.1696822063122116
2191	2.8481552155365844
2192	2.717316019735686
2193	2.833358341153538
2194	2.1596834298656655
2195	2.5860549799584964
2196	2.633431880884471
2197	2.433286652390419
2198	2.412698166122541
2199	2.78908795581842
2200	2.667548156833024
2201	2.6319972150548208
2202	2.5590704506773165
2203	3.1975441197409973
2204	2.4714506369094438
2205	2.7238167184036035
2206	2.489460892730349
2207	2.7263008217746414
2208	2.61518727485734
2209	2.693191790288081
2210	2.0547262977168574
2211	2.179320690668026
2212	2.20144949707361
2213	2.4039051637669644
2214	2.082999939835359
2215	2.0406557627712107
2216	2.127986340015945
2217	2.6297216117683786
2218	2.5929318850840306
2219	2.073822187268745
2220	2.336146898341863
2221	2.6931904591240765
2222	2.0007772933908865
2223	2.262239114956005
2224	2.26937320335943
2225	2.8516500639593367
2226	2.915241755516345
2227	2.956935703357567
2228	2.763734149787951
2229	3.132988662933682
2230	2.5623238598710283
2231	2.7095370701453905
2232	2.7160886326448552
2233	2.6127804025573367
2234	2.6370843053108923
2235	2.6368471299841305
2236	2.5489700394010306
2237	2.59994712213268
2238	3.21698085207806
2239	2.754332738669492
2240	3.0350057448538186
2241	2.915381188253426
2242	2.7517447440290623
2243	2.891742487294228
2244	3.52514405854788
2245	2.701608994612967
2246	2.624393483505462
2247	2.9127252907510948
2248	2.8790050375188407
2249	2.6917578425174127
2250	2.991086026814579
2251	2.9467653853011906
2252	3.2262779666300596
2253	2.630043660336099
2254	2.577994633357692
2255	2.8844310889471423
2256	3.1128087059489635
2257	2.969986248518894
2258	2.802104349638651
2259	2.439645622249034
2260	2.344508768910337
2261	2.193542179058677
2262	2.3795109064040876
2263	2.4405318313296567
2264	2.873875434321021
2265	3.401526140889919
2266	2.6289956043986966
2267	2.6683578501878156
2268	2.6862967526647368
2269	2.6746287612821287
2270	2.3139961831291167
2271	2.413332585633014
2272	3.28829377072722
2273	3.003982902274326
2274	2.8423839489223974
2275	2.8103019391177564
2276	2.9372545122788383
2277	2.9872936366694898
2278	3.0267294563164944
2279	2.7023533769830625
2280	2.5251646785836446
2281	3.0240048289950163
2282	3.1645324378443753
2283	2.924072038888979
2284	2.5547978491378225
2285	3.368916427513813
2286	3.0084920351760265
2287	2.4270850592868283
2288	2.825314833304698
2289	2.72769489510046
2290	2.601726277572773
2291	2.672978257138448
2292	2.80811867449083
2293	2.6791636904978247
2294	2.6092192827657565
2295	2.6086407346250997
2296	3.330691878321352
2297	2.8362175336443585
2298	2.804888725433779
2299	2.387305604667068
2300	2.325168990804572
2301	2.554547032451508
2302	2.369064046496619
2303	2.5211368000171634
2304	3.0147013245021603
2305	2.597168274378626
2306	2.8714220231891407
2307	2.716659308882205
2308	2.3611863273840226
2309	2.7601947260683506
2310	2.5193625117373175
2311	2.975810566885734
2312	2.6524715563450063
2313	2.6801375841781896
2314	2.476671016783519
2315	2.9863314180283247
2316	2.822355461413111
2317	2.7225879154407457
2318	3.090485957467406
2319	2.905172951523864
2320	2.861910121385805
2321	2.8498478280592052
2322	2.9886199823210298
2323	2.398456629813757
2324	2.686732147830869
2325	2.4756157831362136
2326	2.9394815671366894
2327	2.9294603575103926
2328	2.466387725754608
2329	3.09310625695111
2330	2.879403177064869
2331	2.671256837351456
2332	2.8699000596040394
2333	2.831297094493494
2334	2.6378299152698284
2335	2.272287801399484
2336	2.6565474356952725
2337	2.4794072766134314
2338	3.3204569263750496
2339	2.5356674137773543
2340	2.9265327263889596
2341	2.677027129311034
2342	2.3921133096055573
2343	2.7763790345579276
2344	2.497991436246408
2345	2.252598393067803
2346	2.6900014139205006
2347	2.2511511066119656
2348	3.0565544261523088
2349	2.7922555996280503
2350	2.572887276014267
2351	2.638028599831766
2352	2.7485933202934474
2353	2.894691808240445
2354	2.732513027377281
2355	3.355152900582715
2356	2.626860563181487
2357	2.7677192148427654
2358	3.0828254047213455
2359	2.698271405699664
2360	2.211209598814869
2361	2.674311344241278
2362	3.2958681610237335
2363	2.646329231765563
2364	3.0296658185815004
2365	3.0161912780773075
2366	2.7169797306757895
2367	2.6598852992665867
2368	3.205091889312263
2369	2.7641681720228153
2370	2.9573464806346936
2371	2.827776542240591
2372	3.143086128664796
2373	2.711762689437383
2374	2.839837236903433
2375	2.998669772756243
2376	2.9342008491734
2377	3.340332931664849
2378	3.429252894347745
2379	3.308153229649534
2380	3.387320856629583
2381	2.466183291692742
2382	2.9880450636179843
2383	3.1145014727956934
2384	3.0545371214150463
2385	3.039897376578347
2386	2.725549585594601
2387	3.1774217330286563
2388	3.090155339627361
2389	2.809128186310745
2390	2.3991847195135323
2391	2.7951686881604
2392	2.772987232543915
2393	2.704630188707505
2394	3.169900522579484
2395	2.7466860669141933
2396	2.806886021045589
2397	3.391472761873873
2398	3.418177443904608
2399	2.499344361523609
2400	2.7955394152178776
2401	2.835193625010085
2402	3.276291846884991
2403	2.887681351936542
2404	2.74143738300078
2405	2.4742940171673973
2406	2.8050275350679716
2407	2.4847948363790633
2408	2.218379594557058
2409	2.834921439075961
2410	2.9518387104711628
2411	3.566443750784084
2412	2.807370604454628
2413	2.7753745966134407
2414	2.3947411303546695
2415	3.1333442746260305
2416	2.9711838024824346
2417	3.316528650046323
2418	3.0106661803642667
2419	3.013635689719928
2420	2.8777104544321057
2421	2.974240398827772
2422	2.7699347475890965
2423	2.8218856873757057
2424	2.40393624575752
2425	2.779408636119328
2426	3.125929133067199
2427	2.7878746711934177
2428	3.0181825651709238
2429	2.6497246781468733
2430	2.639608555121712
2431	2.6652743822483473
2432	2.8922689531314343
2433	2.948009034638184
2434	2.9735444340899093
2435	3.3048393623739423
2436	2.2526332105915046
2437	2.546221589813418
2438	2.622778813188999
2439	2.9706057119880445
2440	2.6077538957373347
2441	2.7017012936185307
2442	2.796119216440803
2443	3.313032016544595
2444	2.98623431037284
2445	2.943222866160044
2446	3.139182097666286
2447	2.045115485347565
2448	2.9018125249702904
2449	3.2654151649718965
2450	2.833504070941862
2451	3.263435809321151
2452	2.8065032118541247
2453	3.0258996869923243
2454	2.6046623647080445
2455	2.914615957288011
2456	3.034940943295896
2457	3.115927873618662
2458	2.9543238327292607
2459	2.677294459482854
2460	2.9763628615953235
2461	3.1313344702922454
2462	3.076472422340608
2463	2.404749488676266
2464	2.9866701206950563
2465	2.829496426594456
2466	2.7478316167805406
2467	3.242600137060249
2468	2.8570633931687937
2469	3.1721924813869684
2470	3.2493570605760844
2471	2.9849701374153748
2472	3.1596253608920453
2473	3.4472027663956664
2474	3.3025018852888293
2475	3.2273754266141013
2476	3.231436693450026
2477	2.788831178323042
2478	2.7185563299658173
2479	2.970878882111651
2480	2.3160914160722026
2481	2.991017000388057
2482	3.2289893274759196
2483	2.9037774372161564
2484	2.8688140306187915
2485	3.50402295096246
2486	2.521338111522977
2487	2.9879666666688873
2488	2.838606229785016
2489	2.5406882444226864
2490	2.7520280466057376
2491	3.27861625339939
2492	2.869226429307509
2493	2.594660579034993
2494	2.6552666688370925
2495	3.2632315810284216
2496	3.516611839330545
2497	2.8879872493800174
2498	3.040987916488806
2499	2.8205430630712565
2500	2.7448131105190927
2501	2.9515040021668466
2502	2.425334169926344
2503	2.5482335964937137
2504	2.451554995593823
2505	2.948057283791488
2506	2.4687782455624365
2507	2.5978196349249463
2508	2.7153381632063724
2509	2.7743609755400147
2510	2.9461838115408345
2511	2.6267944017860576
2512	2.7866048118935924
2513	2.055098475103731
2514	2.3007292887399466
2515	2.8352459117252975
2516	2.6241414864972503
2517	2.5424619965300326
2518	2.326046924065435
2519	2.2324508453340455
2520	2.3859255456578965
2521	2.8398211261536095
2522	2.779858025711418
2523	2.4365120481304414
2524	2.784163700465169
2525	2.775413724006046
2526	2.4268876398646855
2527	3.4647664249851413
2528	2.531623014435654
2529	2.9073280792265166
2530	2.7366919541455292
2531	3.0555531597653123
2532	3.281430709041754
2533	3.0518196746346686
2534	2.907457119295179
2535	3.144698103267321
2536	2.6149825456854248
2537	2.7060463676939497
2538	3.367066829435702
2539	3.181233134280734
2540	3.5117564659405422
2541	3.16981282725882
2542	2.72175415729356
2543	3.0537452833515077
2544	2.9895623926249204
2545	3.362969639080178
2546	3.5434075822668505
2547	3.3458017212845172
2548	3.421862115596052
2549	3.25634438368139
2550	2.9829724122259096
2551	3.2025664771005844
2552	3.3159630583714628
2553	2.6358678050816318
2554	2.992978681587154
2555	2.8615670501434813
2556	3.272311877018482
2557	3.792809550108895
2558	3.3642398678188794
2559	3.8583798511329044
2560	3.040093139938205
2561	2.8915114278645357
2562	2.8453485518447623
2563	2.9200701458351603
2564	2.8157964009158407
2565	2.847267774532573
2566	2.7912277232375686
2567	2.731060226485329
2568	3.0420410309348993
2569	3.1413067206494185
2570	3.4963063910766152
2571	3.5439262117262156
2572	3.8313568845985295
2573	3.622861859122597
2574	3.439185664765459
2575	2.8873665000388917
2576	2.9449797697968205
2577	2.32468096610573
2578	3.4559756079746276
2579	3.231785734005838
2580	3.023719153580506
2581	3.735104095479671
2582	3.617980769497521
2583	3.037136241354278
2584	2.1181434079813664
2585	2.4737699555887094
2586	2.132361128951208
2587	2.1155340740160034
2588	2.271250403954666
2589	2.2697856145438107
2590	2.109127679234313
2591	2.7032656684112975
2592	3.6663947176442697
2593	3.3336829186063066
2594	3.5415935330179025
2595	3.393201350059668
2596	2.933239218715955
2597	2.8853710513558077
2598	2.787519764655463
2599	3.3146735345095477
2600	3.4550272144892715
2601	3.203008765499134
2602	3.191523331347976
2603	2.9815554581164925
2604	3.1988293572673347
2605	3.4943142289840905
2606	2.8936613566958926
2607	3.5802161511072286
2608	3.3469813493961427
2609	3.522499281749144
2610	2.9206846868128578
2611	2.813234087574041
2612	2.875660717892497
2613	3.2362036470544373
2614	3.386694454127858
2615	2.7903502009800327
2616	3.0889499668306297
2617	2.3940251376213735
2618	2.726629495209839
2619	2.1122116243224998
2620	2.517778442612465
2621	2.738171414567133
2622	3.1354340339340974
2623	3.030913813212048
2624	3.5448260145879846
2625	2.874198790055062
2626	3.413085111524613
2627	3.2504919387440623
2628	3.042691068285841
2629	3.404970823605142
2630	3.508242105255812
2631	3.124345110559652
2632	3.3168921104020503
2633	2.3700184888977684
2634	2.717880382027843
2635	2.7967084851336197
2636	2.3624064359082615
2637	2.582232815884512
2638	2.457615931297214
2639	3.089722407580798
2640	2.2764572344744494
2641	2.7122881400897847
2642	2.7773100130045645
2643	2.9024205570806982
2644	2.68026873517866
2645	2.800894591264003
2646	2.59854209238808
2647	2.5057684602863053
2648	3.224605395631233
2649	2.9235512368170484
2650	3.3893440139939557
2651	2.443990148355735
2652	2.335285881490353
2653	2.917157639969588
2654	2.5215967488563074
2655	3.0491047468406602
2656	2.345395245017345
2657	2.5931350853274147
2658	2.661092941355734
2659	2.673165624212194
2660	2.959392160410353
2661	2.5914517703250604
2662	2.647146219594486
2663	2.9142026240034657
2664	2.3069205294309407
2665	2.746129125328888
2666	2.6955101474558405
2667	2.1962494942218145
2668	2.1802735901367343
2669	2.565527983624545
2670	2.701406736829406
2671	3.1117183928839776
2672	3.1121629804432107
2673	3.3433554479305427
2674	2.5158586115706743
2675	2.874413997035548
2676	2.7495053837613135
2677	3.227720788051821
2678	3.2064194076347543
2679	3.0004444557351397
2680	2.70279985185068
2681	2.94243325501062
2682	2.6078400671038375
2683	2.603216575192983
2684	2.4527033207458837
2685	3.0132257750009424
2686	2.8349917735579364
2687	3.0722613511925574
2688	3.6145005306616587
2689	2.624978129678932
2690	2.4643878187485546
2691	1.9837550256869358
2692	2.7237940033138006
2693	3.0906118773756397
2694	3.2157715216189784
2695	3.1517479476215313
2696	3.2511124389698893
2697	2.881740700620998
2698	2.9124024520552387
2699	3.1791962675956555
2700	3.596078911672737
2701	2.886619497533556
2702	3.3072169583241426
2703	2.819197758449977
2704	2.7918089264342
2705	2.993024363828766
2706	2.7503814698774613
2707	2.892673974389889
2708	2.7576271446726373
2709	2.635919184312515
2710	2.9660960439781303
2711	2.7642968639890584
2712	2.6824468273300575
2713	2.8531991514549015
2714	2.978169160500564
2715	3.073253848670504
2716	2.4382361033374575
2717	2.651398094784095
2718	2.051797775763445
2719	2.7105122681222777
2720	2.7397342265799893
2721	3.360816827798496
2722	2.672727526278116
2723	3.316390038113633
2724	2.567709939572707
2725	2.847635884848679
2726	2.906161763422357
2727	3.1331186903243093
2728	2.5288667472190496
2729	2.930432699526338
2730	2.667087777712299
2731	2.936399113198946
2732	2.854972158700695
2733	3.0778874314462983
2734	3.0419368723729514
2735	3.180954950279628
2736	2.8996027441399264
2737	3.1587188066628933
2738	2.863525830315939
2739	2.8893940969571963
2740	2.676540499197341
2741	3.097363216205347
2742	2.9973519717017507
2743	2.910463367844206
2744	3.05970529220948
2745	2.648543745652446
2746	2.6996322939146675
2747	3.11802398699682
2748	2.9558442425132525
2749	2.7684994105958367
2750	3.0738449920230755
2751	2.865989644212913
2752	2.8088539511065784
2753	3.0086283624215993
2754	2.8910507868350233
2755	2.674855124523491
2756	2.681529715486699
2757	2.648017803955154
2758	2.405721648126293
2759	2.5698560146137646
2760	2.5830820171641475
2761	2.809762343059859
2762	2.877880095775164
2763	2.790693644928008
2764	2.7373747835843263
2765	2.933499231722964
2766	2.7442782069778273
2767	3.2089623626131005
2768	2.834022154609696
2769	3.159369295072966
2770	2.857213060086901
2771	2.6496191433288416
2772	2.7032600382896264
2773	2.6410675070599003
2774	2.6549190981515034
2775	2.6433978052351375
2776	2.3937017520381283
2777	2.7109908961984357
2778	2.7495753699713537
2779	2.647179082878261
2780	2.8821560522822534
2781	2.655420834812088
2782	2.779097306507373
2783	2.419389627960283
2784	2.7044938410426553
2785	2.9085172286848135
2786	3.415008467227798
2787	2.491563316989882
2788	2.7557681703356556
2789	2.7231516894647876
2790	2.5850319958483468
2791	2.788761446557122
2792	2.800597699103243
2793	2.7231112601370384
2794	2.894817826064034
2795	2.5020359169512245
2796	2.7377428169208704
2797	2.275652748998282
2798	2.260459001860638
2799	2.3428487333515333
2800	2.3685717081660442
2801	2.4199160851442683
2802	3.100324510343517
2803	2.7152248905204077
2804	2.7378626394837986
2805	3.4778607934746963
2806	2.771554040226041
2807	2.7484205983076953
2808	2.911187287055363
2809	2.7098044251822158
2810	2.991317450611317
2811	2.463552276649909
2812	3.1391374883630334
2813	3.3049813973049313
2814	3.2992190102782146
2815	2.453518952794866
2816	2.4098733544642914
2817	2.936363496955275
2818	3.0566574193517355
2819	3.298487024926007
2820	2.363969986762615
2821	2.551126869961799
2822	2.773827582960216
2823	2.815547010215714
2824	2.9625506752046182
2825	3.0299747834965958
2826	2.471054208070499
2827	2.987120682904667
2828	2.510141843690232
2829	2.352031697057743
2830	2.7862005237677323
2831	2.799724320873818
2832	2.6189531468208687
2833	2.277113149033928
2834	2.0475836344947203
2835	1.9854975440880578
2836	2.0686043956180704
2837	2.772825659980996
2838	2.4661450376324305
2839	1.7145112950152062
2840	2.5437709697974964
2841	2.9100175504750316
2842	2.5897227551169952
2843	2.5638121722376535
2844	2.405767215752672
2845	2.531253462870857
2846	2.6295253844144564
2847	2.8018493980185757
2848	2.9225243513848325
2849	2.474381045073644
2850	2.794254869053454
2851	2.8218697707263805
2852	2.6667005782666178
2853	2.3100555262253555
2854	2.552623465052239
2855	2.1142290428037045
2856	3.028946453069711
2857	2.900799387028721
2858	2.732878520703899
2859	2.811591705322069
2860	2.9030920686348622
2861	2.3969572777796273
2862	2.848395659876968
2863	2.664810987423501
2864	2.8396983387970134
2865	2.879015051601366
2866	2.5631479406253015
2867	2.980713299937956
2868	2.612316097093827
2869	2.5985742162701158
2870	2.708257082655778
2871	2.8591270996160776
2872	2.8083059941211563
2873	2.974794681635088
2874	2.8044012944625933
2875	2.7466204961694696
2876	2.711029189274841
2877	3.12838807401852
2878	2.9357282955068933
2879	3.2154243881388953
2880	2.993561531901416
2881	2.8588148436971457
2882	2.9829114207135388
2883	2.633778508906118
2884	2.5133552790967206
2885	2.555474419922226
2886	2.7842327919258976
2887	2.296175007821985
2888	2.6002303418065598
2889	2.257452698766264
2890	3.311634599734678
2891	3.1516261981295695
2892	2.5465206790106745
2893	2.608370049175836
2894	2.5605752151021863
2895	2.414144028148164
2896	3.3264846185527075
2897	3.0055442952103175
2898	3.0808454252799184
2899	3.486612422132186
2900	2.7969925722478517
2901	2.8701428695368936
2902	2.321064846210849
2903	2.966091141689043
2904	2.5339956353072663
2905	2.8873692455927675
2906	2.5198013895239084
2907	2.4304810542977475
2908	2.792386922313442
2909	2.914766459217625
2910	2.640593833581905
2911	2.942784081683899
2912	2.8711378502281595
2913	2.744103157690604
2914	2.8074904145104234
2915	2.5995241232473845
2916	3.147193767522959
2917	2.512140250412582
2918	2.3125649771770598
2919	2.9036201701410382
2920	2.527501588549444
2921	2.687502680205175
2922	2.865186329387223
2923	2.5879260489415206
2924	3.0571165898729773
2925	2.874627675686591
2926	2.785721777260298
2927	2.4547574231752574
2928	2.742573911791859
2929	2.769513239504707
2930	3.0007483927998435
2931	2.631497172043075
2932	2.806931182823151
2933	3.041640933923323
2934	2.9951020327578073
2935	3.097722490405145
2936	2.7049871683361224
2937	3.201746425354393
2938	2.8310863721386044
2939	3.276837612831059
2940	2.7347406436787063
2941	2.667776980180685
2942	2.5019072467448606
2943	3.095434832179585
2944	2.150936360002934
2945	2.6683658256970264
2946	3.075245398853521
2947	2.4027752782639547
2948	2.924881819670256
2949	3.09664028169394
2950	2.76204614274441
2951	2.625416934295487
2952	2.4402829675828044
2953	2.633361551342566
2954	2.5719165609836883
2955	2.5078344789295217
2956	2.3266591409057553
2957	3.0378066166600983
2958	2.7707320057981364
2959	2.3540535486012466
2960	2.9666617256171577
2961	2.887477912831152
2962	2.9809193244347307
2963	2.7065554529198907
2964	2.4135146631102327
2965	2.444135308632683
2966	2.9189121396635596
2967	2.4071509789866576
2968	2.2386877396950706
2969	2.0691426651167526
2970	2.951522215159043
2971	2.6338129253662306
2972	1.9853390739905508
2973	2.3606224596395773
2974	2.0745316718393334
2975	2.48811771255989
2976	2.2632872615724615
2977	2.708312711282926
2978	3.099679655865247
2979	2.69029605062213
2980	3.0079290938023533
2981	2.8702754080788817
2982	2.747500539522796
2983	2.7266566933217917
2984	2.567423204181073
2985	3.0347433132380264
2986	2.9737349025325486
2987	2.9880578867012586
2988	2.920358129869364
2989	2.9247174133896965
2990	2.3559281348747323
2991	2.73964011226522
2992	3.0122010665052534
2993	3.1380821901663296
2994	3.122878421530088
2995	2.5209382859443137
2996	2.8160652585074057
2997	2.54961081235967
2998	2.77118750931471
2999	2.7480350775657914
3000	2.7962341894425577
3001	2.6226901789948487
3002	2.5592809122848754
3003	2.6010435945096977
3004	2.438739195965763
3005	2.9154780401728257
3006	2.9418913112878897
3007	2.3605335081425656
3008	3.2292038019425413
3009	2.6460744954083393
3010	2.6604090313088404
3011	2.5731874039979177
3012	2.8218485941987685
3013	2.596506722069971
3014	2.9125763868057035
3015	2.946115842225206
3016	2.750920870831033
3017	2.526371988647883
3018	2.6538976475741776
3019	2.7654426120808093
3020	2.638438697889564
3021	2.9342619323578014
3022	2.8970477544332613
3023	2.9919568334956455
3024	2.6380909689999075
3025	2.6991457989688383
3026	2.3710069300077996
3027	2.531308947945454
3028	3.4418385564598495
3029	2.8166403304952556
3030	2.4101566380267396
3031	2.800104012439388
3032	2.618950293780144
3033	2.5919351010347382
3034	2.641074688462524
3035	2.7683509376559554
3036	3.118727435105797
3037	3.214477995558081
3038	2.4368733796579654
3039	2.5083137269640328
3040	2.6051628629955017
3041	2.5084151273801654
3042	3.0206417076141
3043	2.423759340589706
3044	2.802459871380082
3045	2.3456844803395724
3046	2.601125399015845
3047	2.7469673689396763
3048	2.568750505878129
3049	2.5117302206992393
3050	2.7062353864674407
3051	2.389032115882876
3052	3.1989110153744478
3053	2.734531606132572
3054	2.560591704139684
3055	2.3339701836755355
3056	2.6671463650941045
3057	3.133267527874069
3058	3.041468217290198
3059	2.7635136675665968
3060	2.8475452085050774
3061	2.8382936815671096
3062	2.6134567698852877
3063	2.89258751389263
3064	3.333849768420843
3065	3.140940399207611
3066	3.130443448642486
3067	3.201026611379245
3068	3.0198983687108703
3069	2.530065572872947
3070	2.697810412892339
3071	2.9614144290974016
3072	2.799615536026228
3073	3.3104195022325547
3074	3.0608310479910155
3075	2.633373908522087
3076	3.426245197257359
3077	2.645928325476356
3078	3.0024289085265603
3079	3.061499700792444
3080	2.50129510137092
3081	2.4896103043266162
3082	2.6648923892157
3083	2.550198097608094
3084	2.7580635298534766
3085	2.595284279644292
3086	3.1491105714915943
3087	2.717375138690746
3088	2.8978780757146376
3089	3.021478234564513
3090	2.1469982647394246
3091	2.2772351451369395
3092	2.122380098505529
3093	2.1630923726602918
3094	1.9255264659776894
3095	2.092597009410823
3096	2.0836552763275855
3097	2.174088001905159
3098	2.410169198267592
3099	2.197608306952377
3100	2.14310254859159
3101	2.5000080700421425
3102	2.513668983415969
3103	2.5673003911558063
3104	2.4856424639844157
3105	2.7155229052901477
3106	3.149471976004279
3107	2.8396585907821055
3108	2.8869935810646727
3109	3.0165459232965848
3110	3.0918968545872536
3111	3.013620270800081
3112	3.087390758558651
3113	2.9659066576802053
3114	2.631472684608626
3115	3.193790609300616
3116	2.473312075419382
3117	2.8277145505459527
3118	3.146289575690226
3119	2.941858278714946
3120	2.8888607019593464
3121	2.8508833878765345
3122	3.1261210324758855
3123	2.642435065907018
3124	3.0603268165385558
3125	3.058656220049563
3126	3.0695614323648495
3127	2.888261766237923
3128	3.0994040599191086
3129	2.66911503955222
3130	2.719809918258357
3131	2.896052083777254
3132	3.2741181583637182
3133	3.0373434056207453
3134	2.5414593453248036
3135	2.968106224519693
3136	3.0971134524283817
3137	2.902820306620735
3138	3.0715000590799666
3139	2.8753821169053464
3140	2.746619758063477
3141	3.0349133675208644
3142	2.930288299921298
3143	2.9483492416251136
3144	2.9600800746931206
3145	2.901110170580275
3146	2.2615072351164365
3147	3.302719233045355
3148	3.3075931983669267
3149	3.1859621475210385
3150	2.6624770673489047
3151	2.6706629657698078
3152	2.8030145049979516
3153	2.488009121563881
3154	2.5451209244399418
3155	2.364960577810944
3156	2.5492426879842234
3157	3.1950883351294888
3158	2.4723867970944755
3159	2.7958086269773186
3160	2.8373809657462874
3161	2.574675380842025
3162	2.7913328765539513
3163	3.131615480542662
3164	2.6906650119574915
3165	2.677464956834225
3166	2.6957511201097977
3167	2.8800766307967383
3168	2.5405548944770944
3169	2.1304794283499078
3170	2.683543961684505
3171	3.105259212894956
3172	3.0823324261054093
3173	2.6399644696066678
3174	2.4865569111665953
3175	3.015655941363687
3176	2.9108929013066476
3177	2.9969722308316538
3178	3.4402295149671547
3179	2.683039764380749
3180	2.803984760361499
3181	2.5066131655371167
3182	2.499678111365854
3183	2.4237291577566444
3184	2.7490360512505174
3185	2.448753445161603
3186	3.1441242914317464
3187	3.289964951624206
3188	3.2302878113320865
3189	3.022194558729706
3190	2.776484359327004
3191	2.8617503850933326
3192	3.1587899485031135
3193	2.7305763823297524
3194	2.682109877436607
3195	2.810228261191825
3196	2.4448236077267755
3197	2.3914611113783324
3198	3.205417274331076
3199	2.9902776762027545
3200	2.592988098688011
3201	2.813376492906045
3202	2.58770602904562
3203	2.3730552268373404
3204	2.995759448548396
3205	3.3335848394089456
3206	2.7021611951858873
3207	2.6102412756606705
3208	2.8433737800742125
3209	3.1865322378769836
3210	2.466497410033393
3211	2.4860845867346946
3212	2.362555561523038
3213	2.3589426814872017
3214	2.720763939822008
3215	2.5698267449093137
3216	2.826589615191476
3217	2.485132426386427
3218	2.5258112119096094
3219	2.823151204757364
3220	3.1280390840926224
3221	2.613051411466828
3222	2.8570777911141874
3223	2.804793980176843
3224	2.8074956650244083
3225	3.0122717339081073
3226	2.643830381254711
3227	2.822508881327979
3228	2.7458420850448473
3229	2.692559476454043
3230	3.022000996391271
3231	2.6831314698236564
3232	2.792873558467797
3233	2.9983830754883396
3234	3.228786229313263
3235	2.538090006505583
3236	2.5300379672641213
3237	2.775934325770655
3238	2.856036604151516
3239	2.839283037844682
3240	2.982772725960025
3241	2.9355434935904476
3242	2.8809383756576374
3243	2.245789118101764
3244	2.671856572076357
3245	2.5519983457845252
3246	2.329401858750175
3247	2.5880225145655418
3248	2.2451354234640966
3249	2.402018476675026
3250	2.7225189742763134
3251	2.755366398638831
3252	2.7111939296555607
3253	2.906596664499724
3254	3.29123858946489
3255	3.315808494112206
3256	2.505336340466226
3257	2.6499997705139915
3258	2.6847585481046754
3259	2.6369014691570145
3260	2.5926328658117845
3261	2.891946735611054
3262	3.148914531737513
3263	3.076980268062191
3264	2.0829750646334166
3265	2.449103386761765
3266	2.690981957612404
3267	2.7594364259971793
3268	2.458553209353161
3269	2.9528050080947597
3270	2.866005664677433
3271	2.9523950461675406
3272	2.8390352908781407
3273	2.5079358470799806
3274	2.5577035698040356
3275	2.509141565780872
3276	2.74497486914287
3277	2.6522642167136943
3278	2.6757723867893923
3279	2.7856791456304446
3280	2.7815983329307987
3281	2.75423255544316
3282	3.347462807663086
3283	2.7925661483438757
3284	2.765634953777679
3285	2.305945737872868
3286	2.600080191164036
3287	2.5568187418970676
3288	2.742930386362267
3289	2.8651667220769115
3290	2.753926511252427
3291	2.66402605556077
3292	2.4809215852324895
3293	2.4558595235231584
3294	2.548378489078582
3295	2.808714209780828
3296	2.8457032705877285
3297	2.534519669576599
3298	2.84071097975797
3299	2.340563715462544
3300	2.4404457011427145
3301	2.4654968326973075
3302	2.343151411897744
3303	2.84989066882625
3304	2.844974786868168
3305	2.4424165464817538
3306	2.6807755066674606
3307	2.498571972217638
3308	2.595511249447154
3309	2.9233673808782417
3310	2.387910046306431
3311	2.187631257113237
3312	2.1897310380272508
3313	2.4475238436065307
3314	2.249296237661339
3315	2.330575167961133
3316	2.9832408671090076
3317	2.3670296964560724
3318	2.256581658953683
3319	2.57230481681139
3320	1.7815740876597232
3321	2.039620173389168
3322	2.673351969973399
3323	2.0994515637267415
3324	2.2561640027420724
3325	2.198453978235312
3326	2.4939538492924385
3327	2.685331125107448
3328	2.532316183823541
3329	2.8351826222467746
3330	2.515419479933692
3331	2.3744615012992853
3332	2.5593376831809302
3333	3.01684841468565
3334	2.8390674304958234
3335	2.675331867808572
3336	2.513926725460088
3337	2.6040366704607116
3338	2.902678293143012
3339	2.959611207763569
3340	2.5833100771239743
3341	2.5891893375416744
3342	2.215549891531205
3343	2.9580442757693435
3344	2.973839745667112
3345	2.896209411755685
3346	3.25754659673826
3347	3.326833023469785
3348	2.764558817816272
3349	2.7364789586901592
3350	2.9624449112361018
3351	2.9812349216894583
3352	3.1067349602559533
3353	2.296229784063193
3354	2.6408531105413924
3355	2.259910167869238
3356	2.3603811031401762
3357	2.3080267112820656
3358	2.6993002110916184
3359	2.615051575785438
3360	2.593083966016796
3361	2.502707464258099
3362	2.7271767401751017
3363	2.557530320812045
3364	2.605580723883037
3365	2.5965162819142296
3366	2.5256941842555802
3367	2.8535492565566725
3368	2.539324042201879
3369	2.4849345935700127
3370	2.8586746860536354
3371	2.9418962392406733
3372	2.6048322653266913
3373	2.68864803618556
3374	2.8562270340983456
3375	2.3158479649348855
3376	2.479705340871952
3377	3.129466533319413
3378	2.596929737005505
3379	2.689707327958951
3380	3.1588263276335806
3381	3.529573546648227
3382	2.7892135703756313
3383	2.7265691315514875
3384	2.562859598406739
3385	2.6668036596775138
3386	2.8914385856058393
3387	3.1156530854301536
3388	3.1563953024317373
3389	2.913658368835164
3390	2.795831187271975
3391	3.1486024648478135
3392	2.424865092827873
3393	2.4494203687346765
3394	2.226161756593772
3395	2.024378789232903
3396	2.6733971703272177
3397	2.3519043507577333
3398	2.5855361388608
3399	2.7713520966439127
3400	2.691271874851259
3401	2.6217988549319413
3402	2.2260401196103374
3403	2.802212441269808
3404	1.9848464762410603
3405	2.7019410716230112
3406	2.7309084734213767
3407	2.886960771705223
3408	3.085828852047768
3409	3.075190499023946
3410	2.856975070911072
3411	3.150005211629477
3412	2.573553923094312
3413	2.93501151933424
3414	2.796912270624411
3415	2.955764330812082
3416	2.9621629041498854
3417	2.7880906259514635
3418	2.63017450329138
3419	2.908125640668498
3420	3.2508395577274376
3421	2.6088204942668494
3422	2.38982440990213
3423	2.532059425724012
3424	2.4895887673171746
3425	2.5168048057056898
3426	3.2792493863869994
3427	3.1565778510065035
3428	3.253006994021395
3429	3.024503186743002
3430	2.93795357439822
3431	3.164063112895718
3432	3.109279444765679
3433	3.008766477979941
3434	3.1266078095116168
3435	2.5844128796386525
3436	1.955462048827107
3437	2.4758392580810185
3438	2.209643879479635
3439	2.8263441642785145
3440	2.7621612173759726
3441	2.5671352349107175
3442	2.8354130065235257
3443	3.174009016906184
3444	2.778794601426464
3445	3.2066610064347656
3446	3.2968359298977705
3447	2.8326456934058504
3448	2.98628176798734
3449	2.8539951643743935
3450	2.5954414132730195
3451	3.051756061048503
3452	3.3254146732896137
3453	2.6170357119770125
3454	3.3093736137541443
3455	2.820266802022846
3456	2.876740007964666
3457	2.743240611806904
3458	3.5751112887320398
3459	3.1025145198120327
3460	2.8656394991366865
3461	2.1795890681574823
3462	2.908948927384755
3463	2.5351331008686833
3464	2.9359066334454487
3465	2.6611490196144234
3466	2.9335851324299025
3467	3.1157594136648195
3468	3.1593031557940723
3469	2.9878976711076826
3470	3.097848480968262
3471	3.598161899112192
3472	2.7659448216741342
3473	2.8168839594584174
3474	3.036488939944814
3475	2.8416226145182897
3476	2.610597023764421
3477	2.7175802888023117
3478	2.5784807064192212
3479	2.3102779700436153
3480	2.15671474222423
3481	2.612078306311306
3482	2.6278137973984683
3483	2.8973419781443615
3484	3.3273387488599404
3485	2.805244158012198
3486	2.9017629928959328
3487	2.163517384095912
3488	3.136623028342094
3489	3.0813944526087536
3490	2.6934984666754835
3491	3.0469041813762456
3492	2.993571818105614
3493	3.4143743581546953
3494	3.2249173496639347
3495	2.83538252955194
3496	2.6117081316378
3497	2.8313633687033155
3498	2.5032581367313065
3499	3.1662274452373214
3500	2.8010197467426776
3501	2.1825413294774436
3502	2.8707620902066737
3503	2.737305139141473
3504	2.787822925530961
3505	2.7869577005269384
3506	2.821254140555693
3507	3.2781923088498663
3508	3.2421363973400887
3509	2.7446334852004926
3510	2.9428337718749735
3511	2.889621421209039
3512	3.2568167094362908
3513	3.2532903285604013
3514	2.754777179233616
3515	2.6058975104027335
3516	3.0181122998621963
3517	2.915400682370043
3518	2.39927808480644
3519	2.7121063856279473
3520	2.576889245698271
3521	2.5941639922295994
3522	2.83541482251084
3523	2.8185121838756473
3524	2.726947431741599
3525	2.4043105454801283
3526	2.354456879814781
3527	3.0080554069629373
3528	2.883300615489315
3529	2.6664453421020102
3530	2.922304297692719
3531	2.397798365807033
3532	3.1681035062535132
3533	2.849925787976942
3534	2.5093326991365594
3535	3.295503855568603
3536	3.148544487460331
3537	2.798720494861656
3538	2.937021367865293
3539	2.3493156311821615
3540	3.0132218852764177
3541	2.6474446268796097
3542	2.415539836495483
3543	2.363981161713485
3544	2.6666453237276335
3545	2.6491635881173954
3546	3.327758500974567
3547	2.9663738434683116
3548	2.615409005163887
3549	2.9734974602199897
3550	2.65977551732839
3551	3.1796172077915177
3552	2.5592960173855444
3553	3.187765934837578
3554	2.710615093111101
3555	2.559026296612278
3556	3.024443298020877
3557	2.404574444051606
3558	2.310683890436559
3559	2.4345211933402497
3560	2.3547769978415145
3561	3.0846360190187787
3562	2.611333438530998
3563	2.785497325773047
3564	2.962832153442537
3565	2.852658060628803
3566	2.5573908380203783
3567	2.3192272525783917
3568	2.555381550992126
3569	2.480113529235274
3570	2.379469976751788
3571	2.675111194340313
3572	2.5590589520082436
3573	2.465548025034447
3574	2.6623147736675343
3575	2.4079490111415436
3576	2.3669040495391998
3577	2.7999920943838648
3578	2.5429487339784123
3579	2.847281261340198
3580	2.6451417376858086
3581	3.1473103618655225
3582	2.67939215980194
3583	2.7649992707844193
3584	2.6789773396414467
3585	2.4810900768465762
3586	2.430306613248617
3587	2.4664725634970552
3588	2.9576558031500637
3589	2.872732393896908
3590	2.5688446192616965
3591	2.4166663416045098
3592	2.923474622476291
3593	2.363158420895212
3594	3.0345108402796224
3595	2.3160283070258063
3596	2.368606464571416
3597	2.288987903891151
3598	2.8303805217475633
3599	2.9603845381384373
3600	2.2807562473102156
3601	2.4497091749061695
3602	2.3368319124152857
3603	2.4204758984162615
3604	2.440018825088497
3605	2.6930104520789477
3606	2.3061560342956584
3607	2.7358812591131882
3608	2.7512004162050565
3609	3.0781083301156396
3610	2.421231374421653
3611	2.9288396002363903
3612	3.017711469545254
3613	2.9397312759594874
3614	2.6465379317593176
3615	2.3694589366207626
3616	2.562710645759829
3617	2.66701006429866
3618	2.9704641795742797
3619	2.639188503987137
3620	2.8320396476907974
3621	2.819764076684792
3622	2.7199252309902984
3623	3.434508219925123
3624	2.757350789381775
3625	2.7342956166209844
3626	2.5962784522979723
3627	2.756156034259846
3628	2.5509609134596536
3629	3.122974480615274
3630	2.7580421715852483
3631	2.7634264337930943
3632	2.5306164993437976
3633	2.9295981466900236
3634	2.3273424465412424
3635	2.82913444935811
3636	2.406910145266479
3637	3.0744931156510833
3638	2.422386510799412
3639	2.1442305273028825
3640	2.415619054286122
3641	2.5748955338037884
3642	2.73593938448503
3643	2.751204521991182
3644	2.5854261348165575
3645	2.5429062447623463
3646	2.723995385305483
3647	2.331192778354459
3648	2.432443757385855
3649	2.4386063171732872
3650	2.507175585470483
3651	2.2526915181417104
3652	2.408080458355167
3653	2.46645848436309
3654	2.6096728672131437
3655	2.5902367852943
3656	2.4786762033636567
3657	2.637684058022522
3658	2.603788708145949
3659	2.342613248925842
3660	2.4125324965332573
3661	2.4853184220447826
3662	2.504528777161835
3663	2.116747537675784
3664	2.1710327443348683
3665	2.548558288236265
3666	2.5956075509367
3667	2.5019592961268855
3668	2.218326381277314
3669	2.672882677568507
3670	2.6518129740746623
3671	2.127702072965661
3672	1.6885841404838535
3673	2.2404576875739246
3674	2.4936943736588497
3675	2.143513677437149
3676	2.8263735666871037
3677	2.286628887444281
3678	2.0281162320568566
3679	2.7640867223092793
3680	2.3217756622898102
3681	2.3224846185977768
3682	2.832496399918048
3683	2.7135322397667827
3684	2.6777177867838042
3685	2.6717241784841272
3686	2.873069877163315
3687	2.3841022022385863
3688	2.240396372327346
3689	2.3563930218671456
3690	2.5313131303917693
3691	2.2837259363382407
3692	3.1481671062858188
3693	2.674951345278654
3694	2.5910739340565607
3695	3.1624022410532007
3696	2.917652497159129
3697	2.8506868436591506
3698	2.6543229545710245
3699	2.9706371450349534
3700	2.733388301269266
3701	2.7498708537564918
3702	2.255914707687703
3703	3.301303789933881
3704	2.2140833011919856
3705	2.3618470095152153
3706	2.121016611980589
3707	2.832307197886184
3708	3.461218965671238
3709	2.175652194595658
3710	2.4501724858954246
3711	2.518702875100583
3712	2.3251465320883473
3713	2.448543162531249
3714	2.4939563809533802
3715	2.782006887584062
3716	2.3202916696545564
3717	2.370206845723252
3718	2.877946166246439
3719	3.2844269807088935
3720	3.090509621517565
3721	2.6252821619390967
3722	2.5975583422647452
3723	2.1883402491594586
3724	2.910804059039425
3725	1.9224693762380896
3726	2.6793026071779558
3727	2.3727135604542506
3728	2.7874521722033934
3729	2.5005440998527737
3730	2.350740125049966
3731	2.7553225230584584
3732	1.912794648622675
3733	1.9659196311180633
3734	2.0942016671647465
3735	2.010356396433108
3736	2.3141124137527567
3737	2.1693731973540653
3738	2.524054745399542
3739	2.7746939467768055
3740	2.7999718480034774
3741	2.3090367755075714
3742	2.535933429942146
3743	2.1395715760846654
3744	2.571496672754516
3745	2.7370855600694735
3746	2.9480560752413556
3747	2.3235139024517686
3748	2.948462779684574
3749	2.7046796089614427
3750	2.3973295555217304
3751	2.4660256652652026
3752	2.5198464296862353
3753	2.6898144335304974
3754	2.535409810281815
3755	3.2093160609672515
3756	2.4986184051059763
3757	2.627673218661122
3758	2.7336244285759532
3759	2.233745601135376
3760	2.5663016042973816
3761	2.6479481812986996
3762	2.787930182612628
3763	2.205178827611461
3764	2.664544758302636
3765	2.4034731964088065
3766	2.5852131433533874
3767	2.338713690691345
3768	2.6810346399202905
3769	2.4642096910455864
3770	2.2636744706223575
3771	2.5635908577117936
3772	2.356739288530381
3773	2.7340275097387123
3774	2.757392185817422
3775	2.661589791584929
3776	2.568776150004842
3777	2.6189217353006287
3778	2.190517456005362
3779	2.5532252501540835
3780	3.2418985758260215
3781	2.3734202276452336
3782	2.485403287859504
3783	2.6010186311915677
3784	2.521912507432055
3785	2.7927306469607167
3786	2.898492033600694
3787	2.8269099400104287
3788	2.4825309222421463
3789	2.87424017184493
3790	2.568033420490397
3791	2.6753167036990417
3792	2.097350242220601
3793	2.27181535539699
3794	2.6873665360876933
3795	2.670793423774878
3796	2.6677287172578628
3797	2.451213509829733
3798	2.1204661938272324
3799	2.384259235040541
3800	2.4069913930217126
3801	2.790025434152716
3802	2.759635619257843
3803	2.349060415681092
3804	3.2608336228871293
3805	2.086428724937094
3806	2.391820677163589
3807	2.1985005073961887
3808	2.296360412229211
3809	2.2313511076681882
3810	2.6212344569895665
3811	2.6080017466865995
3812	2.1864342981291793
3813	2.192183845856235
3814	2.2491898558076926
3815	2.073089073904362
3816	2.1583171562803485
3817	2.7999933899181206
3818	2.127699231999214
3819	2.0906567260393323
3820	2.117351399028309
3821	2.6565232076060363
3822	2.2147540121326417
3823	2.0413210902658836
3824	1.4790285191485437
3825	1.9390543358168029
3826	2.31105297799984
3827	2.5598157683637
3828	2.6977526733594424
3829	2.5703933741297487
3830	2.7574280469044283
3831	2.2008364574254027
3832	2.4476418255225014
3833	2.2243769097810158
3834	2.6678740714059836
3835	2.1897266017881973
3836	2.2688840320824353
3837	2.28939311925641
3838	2.1485867548483655
3839	2.2309220209834772
3840	2.1592779651627945
3841	2.3023758518999156
3842	3.0176030895714785
3843	2.91192765775079
3844	3.0082482020390677
3845	2.8565144654881562
3846	2.139416764269466
3847	2.3045880571939175
3848	2.800862519523996
3849	2.3603568324915405
3850	3.0854523277084223
3851	2.371791623121832
3852	1.8973790102448758
3853	2.3896988442885623
3854	2.221740685255204
3855	2.498321790958505
3856	2.469019034317994
3857	2.4962814729129765
3858	2.3852094572647253
3859	2.5260409347187105
3860	2.4364050647593625
3861	2.559892840587195
3862	2.7935780027934234
3863	2.4973605720924703
3864	2.635992138011756
3865	2.6967505062578714
3866	3.353914116623396
3867	2.73655955930278
3868	2.3055875113963378
3869	2.2955790393716375
3870	2.426331585791613
3871	2.192444729381733
3872	2.2554786460370666
3873	2.2249257977686705
3874	3.111152578813505
3875	2.491258230382714
3876	2.2954066124844212
3877	2.519688514557038
3878	2.3300563051416217
3879	2.560443031044725
3880	2.582184407730536
3881	2.4579838527827973
3882	2.5780344790419623
3883	2.5932143618545824
3884	2.5201814664086997
3885	2.6605886784308916
3886	2.276982550396799
3887	2.6321733438307002
3888	2.42647824146409
3889	2.2966965603822285
3890	2.45905997173161
3891	2.554608238964006
3892	2.405279235336142
3893	2.8105406549156666
3894	2.928688373497297
3895	2.7953149118455127
3896	2.6512860671953677
3897	2.310580898746126
3898	2.5801444167223155
3899	2.4254432382587297
3900	2.245400040596402
3901	2.7109070956409447
3902	2.4228364546776424
3903	2.6604420906301036
3904	2.385901476746183
3905	2.9739769218485894
3906	2.7232848335894757
3907	2.622079513548173
3908	2.014494504429138
3909	2.4851053415164603
3910	2.729452630744685
3911	2.391060708010047
3912	2.348848909598428
3913	1.846798310557877
3914	2.537132124653294
3915	2.4052597845912667
3916	2.103760259877157
3917	1.6102767063231875
3918	2.4472607475948664
3919	2.206539449545171
3920	2.440962868158048
3921	2.4706509762935847
3922	2.588730423672931
3923	2.74389919091314
3924	2.4304763955891913
3925	3.1627950956151722
3926	2.52951444446269
3927	2.6414801925678364
3928	2.7522652163391803
3929	2.981390271958705
3930	2.810727571701088
3931	2.341346951345739
3932	2.5244159280140623
3933	2.8996942475279575
3934	2.60064462542632
3935	3.203993144703098
3936	2.9880178561324353
3937	2.78727762241989
3938	2.586496043206399
3939	2.810008350877072
3940	2.6319764049646155
3941	2.0454646096361087
3942	2.329199694691254
3943	2.273383243026461
3944	2.4506322132213447
3945	2.2315076266224
3946	2.904892593011941
3947	2.3181516662320294
3948	2.8187876591615626
3949	2.1131597863070497
3950	2.364554581912351
3951	2.0855561669645333
3952	2.6259441812612616
3953	2.2001924561065334
3954	2.3665652085373554
3955	2.1277764000175914
3956	2.2718472977282045
3957	2.8299709135623003
3958	2.0713700810476285
3959	2.7079820487242614
3960	2.5526819052392526
3961	2.484196486986887
3962	2.546592354223021
3963	2.88139750532363
3964	3.166112976337956
3965	2.822334543230388
3966	2.9284757746451615
3967	1.7002515455625593
3968	1.8469408721416558
3969	2.5398104639449253
3970	3.0911954946365445
3971	3.2486542799335396
3972	3.188979360246138
3973	2.4787179435803255
3974	2.918944876962247
3975	3.2284043869504577
3976	2.7181590298106415
3977	2.882699267684126
3978	2.9986562096480642
3979	2.99184807174435
3980	2.8226272510700166
3981	2.678012396966743
3982	2.7147243743119094
3983	3.0888097472832956
3984	2.119994566452068
3985	2.234979529010087
3986	2.3850511276468302
3987	2.543169296894312
3988	2.104977216340993
3989	2.3393069962054747
3990	2.9887150367116644
3991	2.2764298137817454
3992	2.7733236237443886
3993	2.243255349812447
3994	2.7288705594007556
3995	2.4519073634700925
3996	2.855363096851071
3997	2.8789157556762786
3998	2.483637409752527
3999	2.5286440153569796
4000	2.1983488552373402
4001	2.6755639381278793
4002	2.8052667605357646
