0	47.81454391904303
1	45.50054651290225
2	42.72693061648099
3	41.86822069390518
4	40.84042409785164
5	40.9881818492466
6	40.03216832406575
7	40.410054981703475
8	42.08042085041195
9	42.80420164528804
10	42.03483748746237
11	42.334610062094704
12	42.41835480695979
13	43.41736476130433
14	41.55946303255879
15	43.32234123311956
16	43.74065850802052
17	42.92459479025249
18	42.51248403398555
19	43.18883749987688
20	43.06103495882239
21	43.20219174463148
22	43.849592153295205
23	43.78263245304525
24	43.34999664130885
25	43.546002421720424
26	43.50436728732648
27	44.52262023306118
28	43.49122084807148
29	43.85468580477255
30	42.9763477851002
31	43.89881480313031
32	43.998482969620376
33	43.640489473560734
34	43.40356538193697
35	43.521263266868594
36	43.87074285696183
37	43.51978996086518
38	44.27942055922597
39	44.129735672656395
40	43.57214095851844
41	43.41094648184905
42	43.379924567811564
43	43.726565558552345
44	42.82092498040022
45	43.63395179976804
46	42.549038442555975
47	43.27406481057205
48	43.187747067433676
49	43.06118717750782
50	44.08518473690643
51	44.434595543756004
52	42.962281757034674
53	43.02479612909498
54	43.470112560055505
55	44.0784616989032
56	43.692684107869226
57	45.21264290596393
58	44.746050363930614
59	44.64504827532388
60	43.397950787465106
61	44.17385691019868
62	44.0646019224802
63	43.14558614163141
64	44.49620917489859
65	43.58447150934553
66	44.10747767516201
67	43.864334804715874
68	44.10595212298749
69	44.37435980532504
70	44.26826538053611
71	43.13177742651406
72	45.18236080828798
73	44.35579100208802
74	44.19301257581117
75	43.757056258947664
76	45.361159162558174
77	43.69799071252976
78	43.199301365607525
79	44.307884484035334
80	44.226730742986234
81	42.860500112566804
82	44.40032797415653
83	43.85131142211119
84	44.146680734585765
85	43.96116680456829
86	43.824051047052286
87	44.74977638653325
88	43.68109636087693
89	44.3721424951096
90	44.57253408533097
91	43.48569332499185
92	44.112882686027795
93	43.0222616853215
94	43.955836659049815
95	43.34840867826566
96	43.19838668935747
97	43.585920532598514
98	44.504858875858694
99	42.60078545617899
100	43.77286298430645
101	43.82041893970188
102	44.23230618333551
103	43.544650285628514
104	44.08549693001629
105	43.746438819358175
106	43.92174136737723
107	43.56910911466874
108	43.612740518252274
109	43.6417073564933
110	43.71254068679901
111	43.03402869203641
112	44.2561598527125
113	43.347573479398726
114	42.70903020651208
115	43.78654320102836
116	43.61073366828281
117	43.09651856739285
118	43.13068353231721
119	42.82343930179043
120	44.36255873709708
121	43.156198925852244
122	44.170295829322995
123	43.96331900630849
124	42.9247182879797
125	42.85405895017765
126	43.44179849878172
127	44.3330180777456
128	43.83302748438319
129	43.95463362980892
130	43.2191927487209
131	43.85164789796711
132	43.95853438791871
133	43.35737206654719
134	43.45320993795395
135	43.66651343955169
136	43.749281358525536
137	42.92593576201656
138	43.11767806019997
139	44.32247940170224
140	43.16215792238383
141	43.39952503124487
142	44.064267250917915
143	43.217352588418905
144	43.26144787487805
145	43.522082524594005
146	42.8325690798592
147	43.45193051703123
148	43.837755163608996
149	43.44230082862243
150	43.758187075113526
151	42.64267876176746
152	43.17898360657403
153	43.37711361849963
154	43.10826198036274
155	43.42965785792106
156	42.75393556785567
157	43.452713823943526
158	43.48549626288744
159	42.26237973474126
160	42.76225796616544
161	43.84800774921783
162	42.83972141038233
163	42.87667348456675
164	42.548705180014935
165	43.09863703063385
166	43.53130370009809
167	43.692158423723754
168	43.45474918798314
169	43.791353828402556
170	44.550791799977446
171	43.29695874945315
172	42.56775752206099
173	43.21459637859496
174	42.725618863319255
175	41.83386494008717
176	42.54452724545914
177	42.497449989077936
178	42.92823474798047
179	43.22775475275114
180	43.99183773254633
181	43.64374799843886
182	43.30562551600664
183	43.872677314348266
184	43.80308443681883
185	42.514276433933695
186	43.5319125805832
187	43.86371345367754
188	43.14568849796356
189	44.78902109486597
190	42.95769049500359
191	44.03905048304659
192	44.19806226846187
193	43.90704870384731
194	43.62076265151792
195	43.95381900618904
196	43.08130551415885
197	43.53596039831288
198	44.13874846641882
199	44.006215158241204
200	42.398676190157914
201	43.57781240327401
202	43.737197693276755
203	42.814920505503466
204	42.30664655568024
205	43.425247664882185
206	42.79260485640929
207	42.84442020845185
208	42.11208969246276
209	42.711243719105696
210	43.27427923527272
211	43.48620086708422
212	42.89936849560562
213	43.471046087400794
214	42.74713333236765
215	43.89269960963853
216	43.11635752399874
217	42.60777362290794
218	43.387213650206775
219	42.69889873115896
220	42.55176655011831
221	42.82075351193229
222	42.99313121983519
223	43.852590660960935
224	43.3818161160588
225	43.560608680641046
226	44.79150423930382
227	44.099636729643784
228	43.41595869793598
229	43.167732038936684
230	43.116620619743294
231	42.83289598895602
232	43.54586286769628
233	43.5730254464593
234	43.88678115103986
235	43.383847749982415
236	43.157243490098516
237	43.10098735510444
238	42.37596387388874
239	43.07375514519383
240	43.33413774235051
241	41.908233471190016
242	42.230600337429586
243	42.76027772059039
244	42.34137667673984
245	43.508438932771654
246	42.686087394422515
247	43.98179478477453
248	43.19520202767214
249	43.32339113894993
250	43.89729477995892
251	42.95793071076906
252	42.338560078765155
253	43.52063755939289
254	42.96125053424367
255	42.92076153658451
256	44.33064971920403
257	42.894378629128276
258	43.59456116946167
259	43.190569017599955
260	42.59895138599855
261	44.264423583173496
262	43.54070817212035
263	42.97448115005878
264	43.67221667366968
265	42.0966892531383
266	42.953688349843425
267	43.92514979177059
268	44.409649879394145
269	41.96665564969501
270	43.88283631399989
271	43.37880042616399
272	43.814346835156684
273	43.2764425976908
274	43.268387935293944
275	44.64723505304137
276	43.15202144435764
277	43.73161009911181
278	43.78044477998822
279	44.20834979721701
280	44.632843706799264
281	44.111477790383816
282	42.89876963303695
283	42.654998620283735
284	44.63596656276784
285	43.35141927390274
286	44.2542633796778
287	43.85117638456235
288	43.86420086231021
289	44.29681158334165
290	43.44759672140911
291	44.10207248650846
292	43.88160909527068
293	43.74463097999477
294	44.833631613469294
295	44.533448543353124
296	43.628691114750595
297	44.27653644658876
298	44.454003142591
299	43.234664770013936
300	43.28110777160999
301	42.11986830183382
302	43.93123669282835
303	44.09334027763362
304	44.41878782752094
305	43.7944164292409
306	44.372058264154454
307	43.7757515809811
308	43.62962358688091
309	44.36475540034587
310	43.27847981535875
311	43.64050222630599
312	43.42311338266514
313	44.14731236705925
314	43.87048032369391
315	43.87843578666114
316	43.37422215969844
317	44.04883753772476
318	43.198794840869894
319	44.542949227062465
320	42.68895022814228
321	44.26199732144154
322	43.44553080026735
323	44.25610161049311
324	43.85708492793079
325	43.26524656298599
326	43.83747272464399
327	45.435401237418574
328	44.274992808539565
329	44.48034348508892
330	43.510731488169505
331	44.565539486672265
332	45.19235501123933
333	43.780506322848304
334	44.05902419613709
335	44.461881961745945
336	44.52226043159791
337	44.31945972273644
338	44.14880718316419
339	44.545159298845164
340	45.02810810066598
341	44.624594262439395
342	44.40534149424851
343	44.98387488810239
344	44.24164767635772
345	44.402486808391195
346	43.744754028469345
347	43.26953267384686
348	44.539223535199305
349	43.89453837193599
350	44.04839847381405
351	42.86389300867598
352	43.675216937017574
353	43.49035175982394
354	44.01544908393791
355	43.67686268646653
356	41.82974609413536
357	42.7878762989313
358	42.777789880426816
359	42.62135255121662
360	43.24107990271681
361	44.11384587858879
362	43.657421704704
363	43.45502152747036
364	42.90448616495509
365	42.53673661685129
366	44.56466235259061
367	43.52417191991954
368	43.350346590299466
369	43.605550797086664
370	43.627155038907354
371	44.50537645354016
372	43.15096530950056
373	42.835492618889184
374	42.55448758297777
375	43.625993518136376
376	44.11590677023056
377	43.26644316553499
378	42.712403453966054
379	43.08431047345576
380	42.46979924662915
381	42.453147572777105
382	42.64622141652533
383	44.50563058010678
384	42.911043154093406
385	43.62878198696916
386	44.591259492751654
387	43.24410233445602
388	43.121089062178505
389	43.53251544101606
390	43.48018722827779
391	42.68113952388653
392	43.92619838123079
393	43.347347631858035
394	44.500244397686465
395	45.002956343080506
396	45.344324681292576
397	44.175824342594204
398	44.43063316126386
399	43.981575399540866
400	43.916348529065424
401	43.94358603715921
402	43.70191270965271
403	44.15673929466813
404	44.1601318267312
405	45.211731166386905
406	43.72911183377271
407	44.020506803130935
408	44.050341165825365
409	42.84749132332038
410	43.200918218837266
411	44.196670601187535
412	45.0915180303738
413	44.829514806889705
414	44.69323587336731
415	44.79926544244764
416	44.93966353873681
417	44.31147882918322
418	44.4835140990984
419	43.99489950444257
420	43.58269704356058
421	42.50639318761123
422	42.920140775501025
423	44.42840902956989
424	44.613880917548514
425	43.86743196680314
426	44.04951911242978
427	44.4626964765121
428	44.64952869588364
429	43.6030320977486
430	44.06360373062076
431	43.51536065639664
432	44.09509235307777
433	43.83268106488863
434	44.16263995499008
435	44.59511937013663
436	44.596522897541355
437	43.10337551912701
438	44.207387362068204
439	44.787106083862135
440	43.098606195150055
441	43.14685998921679
442	43.325648735435415
443	42.657684092095565
444	44.00372526641385
445	43.78363364397546
446	43.56586693464592
447	43.171166069677334
448	43.42627029659955
449	43.20558185406831
450	44.34018006510702
451	43.816530440158886
452	43.96869176702768
453	44.14668724971833
454	44.32875601908154
455	43.586589744644094
456	43.43649622957383
457	44.14501022155831
458	44.07413325034655
459	44.57122296595378
460	43.692320110429456
461	43.54244827950062
462	43.27880835293525
463	44.025043138139566
464	43.65419503133491
465	42.409485606923816
466	43.7246191893663
467	43.774628103340326
468	44.80203224154749
469	44.033670288056086
470	43.8107396403224
471	43.603137122471345
472	43.53503431409816
473	43.67624815151219
474	43.23018071997465
475	44.500991397377184
476	43.721664435183776
477	44.210372556861266
478	43.56423520933064
479	43.69803745323487
480	43.89685568846029
481	43.7403472378195
482	44.332868416199354
483	44.43107182303069
484	43.52532420697326
485	44.420255804949264
486	44.673336183424226
487	43.63639588396362
488	44.68641514798644
489	44.046088670102435
490	44.123782200427925
491	43.660746444276285
492	43.94301582611118
493	44.54803165671055
494	44.32966296483136
495	44.13771185393579
496	44.270800748388716
497	43.732634366432315
498	43.558917511048975
499	43.966576922454955
500	43.557018567838035
501	43.17696158523112
502	43.55948528106704
503	44.39937084933326
504	44.15944317895733
505	44.523998378997014
506	43.47961300728988
507	43.41622962394439
508	43.259882445511316
509	44.31779347212228
510	43.70736236410293
511	44.711207246912146
512	44.432035426522035
513	43.147215438637055
514	44.25762885883221
515	45.3327806269864
516	45.57282753767089
517	44.91955607451531
518	45.087146064440645
519	45.01684264399536
520	44.24751861974343
521	44.13774240569256
522	44.53892019101465
523	44.630847822190354
524	44.16084378907322
525	44.420291935244116
526	44.329071123882166
527	43.60391067073574
528	44.17527365512033
529	44.82237013413342
530	44.31850724190636
531	44.214967897920175
532	43.852093849936786
533	44.23349333395925
534	43.91299503429275
535	44.23886804772139
536	42.98029274271294
537	43.2986476890257
538	43.92794499010041
539	44.34408004138838
540	44.40264485912169
541	43.298464473180495
542	43.533345826905645
543	44.2969861393051
544	42.72147609602679
545	43.815595844604935
546	44.29513080564335
547	43.98663012881674
548	43.37337443129015
549	43.14338197251757
550	44.451293895095304
551	43.67693390284173
552	44.58931070669152
553	44.16520957840422
554	44.91950998331598
555	44.59517669806575
556	44.41946749331157
557	44.17621286271305
558	44.417900934443225
559	44.543516135691384
560	43.669044466978896
561	43.789385512175485
562	44.41725857452211
563	44.91313084678718
564	43.64377737717698
565	43.915827793682475
566	44.129651848591514
567	44.23672261933731
568	44.09431677990624
569	43.7648941231946
570	43.95782052895771
571	44.22167598111056
572	43.99069440759838
573	44.41776864113509
574	44.42984694555159
575	45.172359428298826
576	44.36073519922236
577	44.36451447034723
578	43.1696366254748
579	44.03003543376292
580	44.1689931831058
581	44.164499539957106
582	44.332389994915886
583	44.25542484024512
584	44.23399389335754
585	44.13025639064514
586	44.17595630082196
587	44.1337511742504
588	44.12940205705816
589	43.139823638514294
590	43.66551018470046
591	44.10604112916458
592	44.29669033071939
593	44.04913532530457
594	43.49930246717959
595	43.89634147642301
596	43.912088223743865
597	44.835858092175286
598	43.758933847828516
599	44.082690142978564
600	43.63891570034661
601	43.304328993776615
602	43.909403669142996
603	43.48213707594321
604	44.341867899498176
605	44.000893688272434
606	44.55397356129766
607	43.56731592400974
608	44.19990062585706
609	44.335275849749536
610	43.532452156371605
611	44.333364180162036
612	43.58025972963998
613	45.547828682839636
614	44.47858831648082
615	43.47742492838248
616	44.05872549993597
617	44.01558399405696
618	43.63698402254571
619	43.90504312037265
620	42.83551934876364
621	44.379755615341494
622	43.72877876229457
623	42.79649960691462
624	43.47708875496261
625	43.15410874275722
626	44.48662419983564
627	44.12039535320723
628	44.50711435315864
629	44.15122812253981
630	43.98780642827255
631	44.17667642825234
632	43.63810220956376
633	42.90426922784178
634	44.079823909305276
635	43.323679565478436
636	43.26542748210253
637	43.14403424896632
638	42.67462274249505
639	44.18960615953985
640	45.04976625695142
641	44.65285363637557
642	43.8953813666422
643	43.375964976773716
644	44.77806418912804
645	44.91095433636497
646	44.86703156667756
647	43.36085621398138
648	43.90378039531037
649	44.52831748069382
650	44.1938512583181
651	44.720851451560115
652	43.127862545768394
653	44.10904365686803
654	43.649190403889776
655	43.77893924362417
656	45.13690998729234
657	43.95794282471001
658	44.34232974770278
659	43.889255827590404
660	44.59867016251708
661	43.83376848725351
662	43.26982980621299
663	43.732166967990736
664	42.796172389164
665	44.12589888577404
666	44.24490540575885
667	43.34314003845532
668	44.666924522696725
669	43.739172724528416
670	43.39839399669765
671	43.77108418952679
672	43.55936820345278
673	44.065316206936366
674	43.829814090512315
675	42.06579162946901
676	43.09654678495638
677	44.13204715054095
678	45.297308325223035
679	44.50924783298457
680	43.95915725278506
681	44.606244384191676
682	44.72387414505473
683	44.78419297566839
684	44.19157439789747
685	43.544044100728684
686	43.156885077956595
687	43.30256438872343
688	44.460187139438986
689	45.33466651960634
690	45.255358050870385
691	43.488965299296325
692	43.64680045605461
693	43.551088927435785
694	43.80269524606842
695	43.980051205292355
696	43.42501766137963
697	43.43219975625917
698	42.699204341079515
699	43.27552496146697
700	43.85916444738826
701	43.44818297721137
702	43.10072511710146
703	44.60204499844082
704	44.04392928734684
705	45.2319237055008
706	43.159242942119455
707	43.17589786327092
708	43.64095817454395
709	44.74257621263311
710	44.62491673602177
711	43.46454718012323
712	43.77360110892659
713	43.2922295509705
714	45.64745032724529
715	43.8315451315451
716	43.97708227066709
717	43.799895607538005
718	44.346612502912045
719	43.55867779273856
720	43.70732085488621
721	43.56262788104025
722	44.41574419172783
723	43.334249053283386
724	43.591361047674525
725	43.918476076168034
726	44.88548072381976
727	44.1373784831615
728	44.65352000496437
729	44.49040752498974
730	44.28467721502909
731	43.52377945598983
732	44.09543760305994
733	43.43837401828852
734	43.337769726714654
735	44.39500368331002
736	44.279417664330715
737	43.96922313702669
738	43.08852925625642
739	43.26647889612373
740	43.089544744870636
741	43.716987439529206
742	43.36055313684814
743	41.770780343581016
744	42.75787782294774
745	42.862994212213415
746	43.985831841254765
747	44.6061519398993
748	43.94058625098904
749	44.252758291994496
750	43.94359689937622
751	44.26895155868043
752	43.884112526031146
753	44.734651613153325
754	44.37010272362094
755	43.700888408702
756	43.36474446753214
757	43.59195729897998
758	43.74458517842348
759	42.97734459691572
760	44.26872191568809
761	44.02408350863285
762	43.58376723650511
763	44.02401010218573
764	43.48103583860803
765	44.125830552172275
766	43.31173095542035
767	42.802387270714604
768	43.40574754652735
769	44.250560007308906
770	43.68955255162222
771	43.77703792563924
772	43.8092321724963
773	45.06572465210689
774	44.64285950555862
775	43.91834460174784
776	43.432324195332804
777	44.43952520469722
778	44.42986468420247
779	44.14302880050146
780	43.850966778849035
781	43.16885853344187
782	44.213461893711745
783	44.23603055351569
784	44.12339892989934
785	43.980128779338145
786	43.95637522384456
787	43.25270250586727
788	44.455677560110566
789	42.79377539261413
790	43.725176712996586
791	42.53611250508405
792	43.05819037244911
793	42.415713516429015
794	42.90921347815983
795	43.45165145005275
796	44.29082089736349
797	44.45014761247281
798	43.97411908210963
799	43.866554541416534
800	42.86545737192833
801	43.71977436796005
802	43.92064121947947
803	44.21397453040869
804	43.57023537596566
805	44.36626168819694
806	43.80496634727479
807	44.429245957748584
808	44.55875194487505
809	43.34358512823051
810	43.49216398605266
811	43.07329511375447
812	44.46660421508209
813	44.14339128474618
814	44.691563768679906
815	43.74932139774209
816	43.478116724354514
817	45.14362316327498
818	43.872154365937114
819	44.60658054678453
820	44.368264206575894
821	43.99642098299275
822	43.61127173459919
823	43.851433314111404
824	42.8373152790367
825	43.53856851809013
826	43.619860222157584
827	44.08341438364461
828	43.78340227983547
829	43.35890980895114
830	43.230397993180404
831	44.10544355764285
832	43.69271950100675
833	43.99409465225014
834	43.30260567112351
835	43.488717746201175
836	43.89333418203009
837	43.52636220710651
838	43.664925492202805
839	44.25620830007508
840	43.51734597902499
841	43.99831685856756
842	43.549284244199214
843	44.24599952517984
844	43.87161263919011
845	44.802801015255284
846	43.311153927772686
847	44.56991040767262
848	43.36655439432998
849	43.94643133057494
850	44.52714653148753
851	44.05522208370893
852	43.941494615079336
853	44.287518953930146
854	44.0090201197815
855	43.057664135709764
856	43.948782242834106
857	42.90938999182959
858	44.846475821447584
859	43.48098531235947
860	42.58441491498635
861	44.378226029824155
862	43.94442059375022
863	43.55316820370134
864	44.16915099862984
865	43.91128111787035
866	43.452910324424145
867	44.48481509693085
868	44.838416464018074
869	44.16567342376725
870	45.77921947535932
871	44.18859759258118
872	44.24333241690734
873	44.08592497287195
874	44.784320489618466
875	45.03931935318333
876	45.22572406474589
877	43.67289804284489
878	44.44069766822064
879	43.87548262618419
880	43.93546883343349
881	43.084088205505225
882	44.39178087727039
883	44.55708116035338
884	43.86599226342461
885	43.8394852008759
886	42.862043303673595
887	43.475799891855985
888	44.12161214379143
889	43.932633434829
890	44.55407075194048
891	44.22628813028789
892	43.74923738547006
893	44.97784417081092
894	44.582035150700335
895	44.252201207229625
896	43.650715311190005
897	45.03345903801957
898	44.454501445910545
899	43.89983171349083
900	44.35993657749011
901	44.96320673725522
902	43.9076994529827
903	44.16998379886233
904	43.78346943513148
905	44.07129192774521
906	43.92187044333787
907	44.551945204800056
908	44.82625707717269
909	44.77781531647073
910	45.23341327201239
911	43.9469970686381
912	44.63420319776389
913	44.392852918073764
914	43.62164387800601
915	44.514936239512316
916	44.37800013359555
917	43.987157824648435
918	44.435876486227095
919	43.511690320454335
920	43.876120690719574
921	43.72998711406852
922	43.9872777964752
923	44.48657017066765
924	44.82629651678915
925	44.17884966780528
926	43.94500619869923
927	43.91343332323705
928	43.73293620527406
929	44.05096046882678
930	44.56840076339169
931	45.88724134125908
932	43.04699999355777
933	43.72036792286232
934	43.596393465980164
935	44.177073428095966
936	43.1378172335838
937	43.66105206482309
938	43.80153508565592
939	44.22963841798311
940	44.993182906404385
941	45.39060079606511
942	44.102019628500386
943	43.73967100138827
944	43.698348947777276
945	43.161228373131216
946	44.375944552094374
947	45.21023065638825
948	44.10279582267862
949	43.50633351874474
950	44.0523747434018
951	44.73338681217246
952	43.540596234846504
953	43.12012822160361
954	44.54940664611865
955	44.581792300405645
956	44.28346546261564
957	43.7411723157371
958	43.376273770801355
959	43.60068493867744
960	44.58051991647738
961	43.98788278684988
962	43.62274016182677
963	43.54047338487446
964	42.91932303896023
965	43.859831212240806
966	44.05378789526325
967	43.901338835270934
968	44.04708395911261
969	44.19171252483416
970	43.66619020303199
971	43.8797037651457
972	43.65924926414323
973	43.21928016750194
974	44.21369509760126
975	43.97700320246125
976	43.37234132578367
977	44.641561351860496
978	43.72632435819885
979	44.090010943469395
980	44.84327498048968
981	45.2057480209204
982	45.06163201634551
983	44.24248330995375
984	45.133070855066144
985	45.08516028757878
986	44.04490549546847
987	44.61733764089045
988	45.1510931030687
989	44.9149027069916
990	44.09400001408633
991	44.02340359215305
992	45.05157224106115
993	44.51064308087016
994	43.95500948449529
995	43.67228718402599
996	44.038790325336315
997	44.329979765806044
998	43.522351931156614
999	43.969590639651265
1000	44.162311076298074
1001	45.25108853098359
1002	44.807364610235375
1003	45.6207914580529
1004	44.29451180274976
1005	44.964902869600465
1006	44.083522078508246
1007	44.67213935386546
1008	44.5783200258307
1009	43.76119615399296
1010	44.40695235116075
1011	44.57120951686102
1012	44.68047168543286
1013	43.91629123787716
1014	44.4930109363922
1015	43.3277345686381
1016	43.705374210568074
1017	44.167821191220845
1018	44.2657953417253
1019	44.66993460799488
1020	43.450256783732065
1021	43.98328575526084
1022	43.69994398270766
1023	43.51449375268775
1024	43.736211114481854
1025	44.573485718807376
1026	45.14059181956135
1027	43.67174978610551
1028	43.256754259170904
1029	43.948603422575935
1030	43.23613683421284
1031	43.57059822122567
1032	43.96200752528631
1033	43.83187119742165
1034	43.94077959549186
1035	43.754585412970435
1036	43.51605258402028
1037	43.76104651005687
1038	44.758217778846934
1039	44.86514399104766
1040	44.4780629094664
1041	44.35232512347158
1042	43.00176941612462
1043	43.57536886290977
1044	44.365407831105436
1045	44.51347212158352
1046	43.68714171020267
1047	44.44661483626311
1048	44.34022417427304
1049	45.06575501742519
1050	43.81839188616075
1051	43.68932959899026
1052	43.17447121411268
1053	42.56351995950857
1054	44.01577266962508
1055	44.387520038778035
1056	42.81233946865059
1057	43.685970775274654
1058	43.753463727222936
1059	44.457162704232424
1060	44.169586918919336
1061	42.89513337684634
1062	42.176786277191304
1063	43.81462702579093
1064	43.51920907047076
1065	43.662967875810395
1066	43.89621830163405
1067	44.57807518280919
1068	44.01347825545482
1069	43.609713113061765
1070	44.066297488459234
1071	43.72198582477132
1072	42.62514896019736
1073	44.49031418275265
1074	43.23129061140635
1075	44.79036153429794
1076	45.04784746038874
1077	43.13365879336203
1078	44.31661029203681
1079	44.83072608862371
1080	44.120720402264894
1081	43.791275412059804
1082	44.62494584538527
1083	42.574377885871094
1084	43.4900274042956
1085	43.8460077228435
1086	44.426276369309164
1087	44.887362993026066
1088	43.041224401864994
1089	44.04785948063939
1090	43.93387741137161
1091	44.4479570469719
1092	43.70538524690081
1093	43.366411823339384
1094	43.76167820194932
1095	44.94695712288715
1096	44.06354899849073
1097	44.777538352211565
1098	43.875500005241754
1099	44.1984719465853
1100	43.82990019533321
1101	43.095245583005024
1102	44.198231210634965
1103	44.390456004439706
1104	43.266411180510076
1105	43.559261960927344
1106	43.166031692482065
1107	44.095007419103425
1108	43.52049439766344
1109	45.052917237543674
1110	44.24348438322031
1111	43.98926457216561
1112	44.02765694895693
1113	43.67806324980988
1114	43.50830434747963
1115	43.820618848978924
1116	44.85817962170819
1117	43.98568818257704
1118	44.31717234439868
1119	43.38068038879067
1120	43.56126896558158
1121	44.09292404504098
1122	44.13639267956857
1123	43.63717419092824
1124	44.01725982605155
1125	43.503962462001724
1126	44.13409349212109
1127	42.93926156552409
1128	44.90295408776828
1129	42.79074181823042
1130	44.013028157121795
1131	43.60117933949424
1132	43.09495387187849
1133	43.7860804356497
1134	43.42037629190109
1135	43.77441370383709
1136	43.83741299892657
1137	43.34030497140082
1138	44.92885589817681
1139	43.77983171812285
1140	44.57243846366011
1141	44.59843872306919
1142	44.31070644850483
1143	44.139491383021706
1144	44.40629620441791
1145	44.9333602038146
1146	43.37087757390421
1147	45.043791772901756
1148	44.79049709815537
1149	44.080244543136914
1150	44.21067069191988
1151	44.236440441557406
1152	44.89496185281644
1153	43.89812395081078
1154	44.14153809551159
1155	45.1482801908905
1156	44.02351520522554
1157	45.33674650710875
1158	44.39538025538347
1159	44.88422032850411
1160	43.60149153887438
1161	43.567338597628066
1162	43.45344824774535
1163	43.07890375791894
1164	44.12447739609384
1165	44.1142576747942
1166	44.65035314747692
1167	44.23522341140348
1168	45.219502777178825
1169	44.282282004906925
1170	44.10475569533089
1171	44.733012112025534
1172	44.316320434696785
1173	43.432122872643156
1174	44.80753574784176
1175	44.49737138181151
1176	44.71657210749139
1177	43.7246439648549
1178	43.24582265306468
1179	44.64404760699892
1180	44.728664691633725
1181	44.04941179126535
1182	45.0985957098476
1183	44.62330338801021
1184	43.42301966031826
1185	44.019622285412765
1186	43.64472547818903
1187	43.332156833206525
1188	44.35628328350052
1189	44.95466332655324
1190	43.42804864359269
1191	44.26534731412319
1192	43.30598659888218
1193	44.04766896409053
1194	43.64960934089152
1195	44.350449049412596
1196	44.63122438724395
1197	44.42968695248037
1198	44.637467682489586
1199	44.51809804646471
1200	44.681747602696525
1201	44.03974883489607
1202	43.76833522017801
1203	43.4241041000848
1204	43.957609999961
1205	43.688104909899764
1206	43.69130430308766
1207	44.48651131653591
1208	43.2560699526659
1209	42.824847880798956
1210	43.727627082286496
1211	43.13070063297264
1212	43.19470895892808
1213	44.37996867672751
1214	43.33946348502251
1215	44.80519037556074
1216	43.93688268171912
1217	43.673826463166115
1218	44.07456611392969
1219	43.60327600812875
1220	43.861188571063046
1221	44.316431809684055
1222	43.90731717353388
1223	43.78011643169227
1224	43.09244483307222
1225	43.88065611918548
1226	45.17143025147096
1227	44.87327151477155
1228	43.249496694026526
1229	43.12491348960041
1230	44.66159465911634
1231	43.82127072576236
1232	44.13333214622716
1233	43.6853287985502
1234	42.67701506986003
1235	43.626772553126386
1236	43.661359526095325
1237	43.770442987955654
1238	44.21356988464547
1239	44.61979557604425
1240	43.99091221469943
1241	43.87332256011696
1242	43.5179715853248
1243	43.69276866496563
1244	44.17179990697584
1245	43.49849579537522
1246	43.19333246540721
1247	43.786644193152966
1248	43.48352241288193
1249	43.254944461325984
1250	44.07367186756448
1251	44.42018989795494
1252	44.963979868705
1253	45.26603224163511
1254	44.687126502310804
1255	45.90748029614048
1256	45.10205086333438
1257	46.11773344222186
1258	44.80752973003438
1259	44.860610896972254
1260	44.06595690688956
1261	45.13875746649706
1262	45.279143939598484
1263	45.36079845962825
1264	44.548991650586785
1265	43.74794145963965
1266	44.55147570487377
1267	44.59949941241779
1268	44.22055789059056
1269	43.33543009726047
1270	45.073226230312684
1271	44.494971273004836
1272	45.003298646419495
1273	45.89473908168958
1274	45.26488051673231
1275	43.457219787676635
1276	44.25156848867671
1277	43.52512081733155
1278	45.39181859755587
1279	45.25925060671949
1280	45.143631110934436
1281	44.75031193054089
1282	44.28333324785277
1283	44.98707487027856
1284	45.11323101378324
1285	44.81772902568581
1286	45.74098347945574
1287	44.251328646877106
1288	44.0169488726579
1289	44.517207759084414
1290	45.21529352073474
1291	44.09918387319376
1292	44.59388380504791
1293	44.314119184598916
1294	43.99970576490616
1295	45.814489451978424
1296	45.922757343860866
1297	45.16260784738019
1298	45.460128148628236
1299	45.75563877630558
1300	43.87419367941549
1301	45.2463787542102
1302	45.385720865614715
1303	44.5778392840239
1304	44.82407248138603
1305	45.7658857722886
1306	45.08971369048171
1307	44.72624774408783
1308	45.24443224318648
1309	44.697933785462986
1310	45.793766114755925
1311	45.8444650462402
1312	44.1405173616689
1313	45.52158327225958
1314	44.67305605667582
1315	45.341374435520834
1316	45.17146610339854
1317	44.18802752083405
1318	45.563906016521415
1319	45.24220545580722
1320	43.267092111814584
1321	45.72282621884812
1322	44.57282927766805
1323	44.8826559153654
1324	46.41141886992702
1325	43.77496320927051
1326	43.536436099207236
1327	42.7016282070884
1328	43.323796365953555
1329	44.64037273931986
1330	44.48462689500987
1331	44.81539193756139
1332	44.170438219369416
1333	44.127103420716125
1334	43.773302580548496
1335	43.402689534728566
1336	45.11126688929819
1337	44.170242510073905
1338	44.84034531756269
1339	44.671897707822204
1340	44.722924982280475
1341	44.66354419124302
1342	44.00144214548462
1343	45.440529732197824
1344	44.92251131312738
1345	45.22191923539393
1346	45.750126438497745
1347	44.82221094579798
1348	45.54394244733459
1349	45.47528795593472
1350	44.37329272283406
1351	43.838997171561225
1352	46.16662440815607
1353	44.745968795498406
1354	44.75745151071539
1355	44.24404830814684
1356	44.66374092930791
1357	44.881793281933085
1358	44.73463279770109
1359	45.72202710018428
1360	45.01726425304362
1361	45.179267109671756
1362	44.97023522592105
1363	44.725576996236974
1364	45.356231724496105
1365	44.438879080768096
1366	45.12330002334512
1367	44.22303301415368
1368	45.37460892616242
1369	44.72094099087761
1370	44.24142671387392
1371	44.442782129428174
1372	45.2588612412498
1373	45.828436007698464
1374	44.70992582955171
1375	45.25130210242292
1376	45.14385291482229
1377	44.71494518064614
1378	44.97708681168176
1379	43.737646231458875
1380	44.8592213675781
1381	45.06424764602066
1382	44.35925601745121
1383	44.71717157047313
1384	44.70600141039216
1385	44.19623407572498
1386	45.04867331327859
1387	44.223840613616964
1388	43.96528388382891
1389	45.23541412283564
1390	43.40416683884738
1391	45.05674509263461
1392	44.37866830626786
1393	43.89890275871904
1394	44.476872801615535
1395	44.37842647482299
1396	44.382855754973015
1397	44.406897437569654
1398	43.35893331761657
1399	43.79459464313531
1400	44.51476816023688
1401	44.77231279758256
1402	43.84371005131159
1403	43.93275465383811
1404	44.38897917264403
1405	43.99006285377741
1406	43.91963025723396
1407	43.40789137754565
1408	44.22028183235648
1409	44.33411119925432
1410	43.25684382486366
1411	44.603760884106386
1412	43.82743153134688
1413	43.464208101529906
1414	43.61667920770679
1415	43.22732365326596
1416	44.14725587468061
1417	43.00932166916932
1418	43.056761655523836
1419	43.941437652415374
1420	43.05572253469909
1421	43.9169962263845
1422	43.197993920531886
1423	44.1642040763508
1424	43.39653248095225
1425	43.94174849553883
1426	43.42327470377076
1427	43.96688368039174
1428	43.42025319967958
1429	44.994787051267764
1430	43.32931950796202
1431	44.20970637900177
1432	43.97748878573512
1433	44.51234421291171
1434	43.90875968632381
1435	44.5430885008857
1436	42.9780035176632
1437	43.021791247460975
1438	43.454206612399595
1439	43.97009353774107
1440	43.77847348579959
1441	43.935348432876644
1442	43.12480944202014
1443	43.91583359880592
1444	43.18823572594274
1445	43.407762242606466
1446	43.7579729413606
1447	44.21125529774497
1448	43.807123848177035
1449	43.77778721969599
1450	44.461620715884166
1451	44.041213941555235
1452	44.369108592674586
1453	44.65330363272263
1454	43.956105525687214
1455	45.254892887297345
1456	44.37307634582224
1457	44.74220718627641
1458	44.58615344275716
1459	44.78272672905353
1460	44.063842915641374
1461	44.53493590792198
1462	44.199193643578596
1463	45.568129796165394
1464	44.57756505845796
1465	44.71720197160468
1466	45.596616165192245
1467	44.41176982712549
1468	44.8640254788994
1469	44.049045598386876
1470	44.171108710840095
1471	44.5062372194604
1472	44.641325177143045
1473	44.0483993207696
1474	43.019833854416575
1475	45.07704316856802
1476	43.95793473281414
1477	43.968868201675235
1478	43.66580656575067
1479	44.91969378160882
1480	43.50757295498989
1481	43.272760537068024
1482	43.162763686660526
1483	43.82884354087858
1484	43.051478260767404
1485	44.433882296312596
1486	44.00566670681435
1487	44.26137526123865
1488	44.19876001017579
1489	45.41363375385775
1490	43.43051672612652
1491	43.83181662229621
1492	44.57445602652552
1493	44.80659663634069
1494	44.269254127260794
1495	43.749077106373804
1496	42.955244583713686
1497	43.08571905133398
1498	44.8476885147953
1499	44.26126872881984
1500	43.9291876868768
1501	43.900944905769435
1502	44.49986531765276
1503	44.279030087395306
1504	43.51248826704212
1505	43.914764756061764
1506	43.64886213821224
1507	44.378524096830866
1508	44.57849254721749
1509	44.29677914286772
1510	44.330334953593216
1511	44.66822182660919
1512	44.961698550894866
1513	44.13462751210733
1514	43.759032002710065
1515	43.99561472582738
1516	44.15714796584549
1517	43.95791351733127
1518	43.57658072414853
1519	44.233794144521084
1520	43.95892411430113
1521	44.67743533769565
1522	44.94585852289526
1523	44.26249017910366
1524	44.286611929992006
1525	44.69032454691253
1526	44.78627099859707
1527	44.15214354724814
1528	44.08852755524294
1529	44.01425624678176
1530	44.4002344643946
1531	44.573400745062884
1532	44.314325392170886
1533	44.19800203976879
1534	44.52555468304748
1535	44.84080864128103
1536	44.608329974798465
1537	44.401504445292936
1538	45.26123435314786
1539	44.07961684303271
1540	43.03511380518077
1541	44.17426578599689
1542	43.77107640389621
1543	44.182716097008026
1544	43.560953362617056
1545	43.04357334919943
1546	43.91018098783126
1547	43.465296848077266
1548	43.38891678682689
1549	43.604174318639764
1550	44.73118797369383
1551	43.751476535735264
1552	43.960398897843355
1553	42.925671718137195
1554	43.702904541853606
1555	43.92033050617937
1556	43.45594290107642
1557	43.49533802076805
1558	43.429833288051825
1559	42.921504143945775
1560	43.39459147487585
1561	43.601855463429104
1562	43.12159346564242
1563	43.47704409049385
1564	43.47486255247742
1565	43.42461173532067
1566	43.063139270534315
1567	43.49786317240722
1568	43.772443607003666
1569	42.620300521945204
1570	43.33386146250231
1571	43.02029106219785
1572	42.84097945039409
1573	42.78065284781638
1574	41.90310195874506
1575	43.07765121927284
1576	41.62633678467337
1577	43.46515400372375
1578	42.9168229815932
1579	43.14300644683994
1580	42.601614603667585
1581	42.70833971535177
1582	43.24162329582227
1583	42.84558449842958
1584	42.58939550722912
1585	42.269960282748315
1586	42.78279123974506
1587	42.70903743054201
1588	43.19242402004064
1589	43.48725588228083
1590	43.36626684701104
1591	42.91225496021008
1592	42.95429184491855
1593	43.25537572693206
1594	44.107641969473434
1595	43.51888871917622
1596	43.590521375974824
1597	43.05471295335756
1598	42.85719355466471
1599	42.57105436029553
1600	42.862286783621975
1601	44.33882492831619
1602	43.42995965498916
1603	44.09114626996838
1604	43.8603977856099
1605	43.5221228667762
1606	43.61510286305118
1607	43.242665950186705
1608	43.09411073642552
1609	43.51655112567653
1610	43.43667942811412
1611	44.495656651399656
1612	43.66644872707244
1613	43.634110617174564
1614	43.918510754893134
1615	44.07442947212911
1616	43.21186547484813
1617	44.54531387600461
1618	44.07878888811827
1619	45.20223602930407
1620	44.107320552416574
1621	44.65733841041423
1622	44.621767836607184
1623	44.46789762353496
1624	43.224989237101035
1625	43.73674775625665
1626	44.64407058122374
1627	43.91061768155042
1628	44.61552448863759
1629	44.43358366018273
1630	43.88622479338388
1631	43.657847007699615
1632	43.69681971939061
1633	42.64407549864486
1634	44.08634363560084
1635	44.416496439516926
1636	44.267641070389764
1637	43.60070855428522
1638	42.86293472705279
1639	44.16904988535369
1640	44.58084041014684
1641	43.10754845510652
1642	43.14797054000264
1643	43.97037942086904
1644	43.021257360982354
1645	43.44976538514365
1646	43.916635081463525
1647	43.68273464739666
1648	42.69501768670383
1649	43.31329095255537
1650	43.30905086524385
1651	43.963658714530666
1652	42.252861053570285
1653	44.218576435312166
1654	42.94038141217448
1655	43.302029274453204
1656	43.54612017414539
1657	43.484955394173106
1658	43.309498335505985
1659	42.55456303427353
1660	43.59076518940814
1661	43.11282838557836
1662	44.74126547506
1663	43.734725406587124
1664	42.84117294939157
1665	43.871252586134204
1666	43.72180879942169
1667	43.58788806081725
1668	43.77881662078772
1669	44.30093530269606
1670	42.91420299995002
1671	42.80607487727161
1672	44.133426608362555
1673	43.75789859445348
1674	43.8748646335405
1675	44.296827118038856
1676	43.85693520539372
1677	43.24869749344282
1678	43.378411568733064
1679	44.2957391289246
1680	44.23851477425318
1681	43.49301247878521
1682	44.04251438780372
1683	44.419233823113125
1684	42.718411836948206
1685	43.18300373821526
1686	43.462417397300534
1687	43.045435968647546
1688	43.21886800969012
1689	42.360723022080705
1690	42.99859078816461
1691	43.378806320318965
1692	44.684806403859604
1693	42.781566221910296
1694	42.091525511490296
1695	42.184722872125164
1696	43.073897689594624
1697	42.79510987469164
1698	42.79146740626235
1699	44.27369242658558
1700	43.64104217934881
1701	43.34743826355252
1702	42.954810745451354
1703	43.444564812394034
1704	42.58648650228823
1705	42.470419080182694
1706	42.285273494703276
1707	43.20524450955626
1708	42.69979212137758
1709	43.51653690723064
1710	42.8251765126188
1711	43.0991717596938
1712	43.000662287074135
1713	43.264448839161155
1714	43.45278584680848
1715	42.67886052701616
1716	43.87917470610937
1717	43.08509037849349
1718	43.42532922743889
1719	42.64937503718871
1720	45.50641440533652
1721	43.20263383427324
1722	41.80265715037846
1723	43.47554246439701
1724	43.99828686221684
1725	44.08069464909751
1726	43.26069742885623
1727	43.91875283757028
1728	43.1831323297303
1729	43.646875017091105
1730	42.90257084770061
1731	44.560092221756
1732	43.20019053027874
1733	43.797236156480785
1734	43.824292802840624
1735	42.79509526638749
1736	43.8799871291893
1737	44.25079225397173
1738	44.015976543911314
1739	43.65004421888059
1740	43.424056870277916
1741	43.140229202899775
1742	44.18855607075431
1743	44.08828675864467
1744	43.680264518292205
1745	43.01740374192175
1746	44.52202735130857
1747	44.35069670256086
1748	42.81815997078676
1749	43.98670855354923
1750	43.878415705424906
1751	43.656673360737884
1752	43.456146281755345
1753	43.89025449239455
1754	43.09521560876533
1755	43.34391640413715
1756	43.65897515540115
1757	44.04860917817693
1758	44.09278355176469
1759	44.048870108074205
1760	43.30925025091607
1761	44.04326474332839
1762	43.59992392401244
1763	43.69151795880964
1764	44.14680854433504
1765	43.50510716601984
1766	43.85196733601132
1767	43.27140358479962
1768	44.32792590617344
1769	43.588445847492366
1770	43.62660177000009
1771	43.596536812775526
1772	43.85278153378266
1773	43.628257829805676
1774	42.90602177083691
1775	43.79453869067603
1776	43.603381655825864
1777	44.68663772769812
1778	43.38342486013467
1779	43.07677387948918
1780	44.17112617632644
1781	44.68124845133731
1782	43.53247179093204
1783	43.477980180780854
1784	43.88475017685047
1785	44.18720071328812
1786	43.45852275508978
1787	43.34376250076614
1788	43.402397174958274
1789	43.69030184462013
1790	44.35612790121174
1791	43.43177925176918
1792	44.037350311714576
1793	43.596900098382505
1794	44.49565167836613
1795	43.3228023265158
1796	44.36600403049852
1797	44.23727043311144
1798	44.079156337938116
1799	43.96232034192833
1800	44.60948037010065
1801	43.53250885359346
1802	44.33523085580607
1803	43.77019313260267
1804	44.413477857176396
1805	44.159589548959275
1806	44.414587237603556
1807	44.391976026679615
1808	44.07053022380843
1809	44.77708614659603
1810	44.63817167886729
1811	44.62893197857796
1812	44.269883158336356
1813	43.23077905201459
1814	43.245501152335
1815	43.95539501314417
1816	43.37392389662356
1817	42.426740009271874
1818	43.649018520947045
1819	45.15608825632618
1820	44.57438756716303
1821	44.98608304837834
1822	43.6447129076671
1823	44.06127575459658
1824	43.645913334908194
1825	43.05822801621616
1826	43.568924147147136
1827	43.663248032881654
1828	44.06874044006576
1829	44.47609763600271
1830	43.22538329593375
1831	43.492390596392895
1832	43.56655656386342
1833	44.06270686376039
1834	43.49766114243099
1835	43.379716341301965
1836	43.429571242112736
1837	42.78711454550862
1838	44.17663174968182
1839	43.357939180519104
1840	43.59259329422438
1841	44.68562601513118
1842	42.860373296182225
1843	43.95422754403836
1844	43.93609415764229
1845	42.51659125965629
1846	43.32817116271139
1847	43.34601419528671
1848	43.97516914566902
1849	43.793165843154306
1850	44.43913049113842
1851	43.5769758211933
1852	43.74878298559133
1853	43.008598070316864
1854	44.577420863314984
1855	43.99792421900157
1856	42.991779057613904
1857	43.65075968266497
1858	43.864577249399716
1859	43.76240388179024
1860	44.251731305428045
1861	44.072575939269804
1862	44.13425115221057
1863	44.42320025523309
1864	44.7974038707171
1865	43.61641993628605
1866	44.5799662594152
1867	42.54451364764802
1868	44.358678426846524
1869	42.684592878376556
1870	42.17925970442026
1871	42.66048068773486
1872	42.88441874633799
1873	43.91209841769328
1874	43.202501131749656
1875	43.126741179457376
1876	42.96889540197151
1877	44.18287085700823
1878	43.1644105370066
1879	43.91598712766612
1880	44.03173381611962
1881	43.0867885966045
1882	42.70555752580323
1883	43.629085198111575
1884	42.709867775855294
1885	42.77232376001825
1886	43.68921385391392
1887	42.875712242073874
1888	43.68359122992444
1889	42.908175305897004
1890	43.68872156559726
1891	44.114224855153125
1892	43.67558823871808
1893	42.94369786091073
1894	43.14290501337816
1895	43.346735289141364
1896	42.1823791973789
1897	43.776505753048404
1898	43.365650951075914
1899	43.06162580861766
1900	43.30225121303101
1901	43.31383890912732
1902	43.25533768253541
1903	42.41637313847805
1904	44.236080634740674
1905	43.161526150383395
1906	43.192129575387106
1907	43.714004038662004
1908	44.48933464507816
1909	44.08875874909279
1910	44.49967045215244
1911	43.294564026798724
1912	43.90616166868037
1913	43.989691798615205
1914	44.40790466454116
1915	44.707807120734564
1916	44.59618051227436
1917	43.868515884775256
1918	43.98084442258942
1919	43.54571764088422
1920	44.91157685687925
1921	44.20811787481843
1922	44.21870064586114
1923	43.861350148390024
1924	43.53709397703581
1925	44.17317459792453
1926	43.462442215386794
1927	44.461879252326206
1928	43.62275332595755
1929	43.41283383141716
1930	44.699655166311786
1931	44.91902717900453
1932	44.274065092235546
1933	43.99028637180067
1934	43.89556941961718
1935	44.78572483661123
1936	44.957981505596436
1937	43.766176274445854
1938	43.36506146356335
1939	43.67067761706017
1940	43.803936966107635
1941	43.43371114181928
1942	44.98535864998348
1943	45.075841187731584
1944	43.603152912745244
1945	43.40392274920795
1946	43.70324261626328
1947	43.78726257655822
1948	44.093606931047816
1949	44.15932151266883
1950	44.836475891432904
1951	44.200819362831325
1952	43.73378221095845
1953	44.17463585171089
1954	44.323219675209984
1955	43.55508795327928
1956	44.50475927512453
1957	43.406460520738996
1958	43.66153596220638
1959	43.427597931208645
1960	43.80643751156254
1961	44.18509095899264
1962	45.4527028468089
1963	43.5940034765194
1964	43.70850440541919
1965	43.91417761839093
1966	43.484621763281616
1967	43.19031153021815
1968	43.6576613938311
1969	44.33371117374721
1970	43.26158659702817
1971	43.07635787424017
1972	43.50117511906688
1973	43.881900276440774
1974	42.88866281499436
1975	44.05842276337492
1976	42.87007569132108
1977	43.10776086415526
1978	42.97986552736438
1979	44.19429461491052
1980	44.7234434139807
1981	43.038680492344874
1982	42.9871665411663
1983	42.97533481979626
1984	43.85555083876713
1985	44.53457152504181
1986	43.363757174861625
1987	43.25214238547787
1988	44.318167248513355
1989	43.53908550360688
1990	43.5425496176263
1991	43.33642282533247
1992	43.26766027390324
1993	44.31095815881603
1994	43.73655179127084
1995	42.5541712834851
1996	43.72478839580035
1997	43.32655825821561
1998	44.38105785760239
1999	43.48129019001339
2000	43.59874218705756
2001	43.829669618886
2002	44.28923848615839
2003	43.128842430457105
2004	44.403203170778696
2005	44.21774124872085
2006	44.76600803856434
2007	44.037121823087496
2008	43.482361283563506
2009	44.67614203296045
2010	44.84418528156739
2011	43.99119004482536
2012	43.439417205845714
2013	43.292815407046135
2014	43.30614848180924
2015	43.73938769635492
2016	44.095953396361196
2017	43.42874414367308
2018	42.94830397548495
2019	43.321811474233165
2020	44.30203120691425
2021	43.55315133318775
2022	43.462854185265584
2023	44.05289111346616
2024	43.55949167725854
2025	43.45118427334306
2026	44.37189930660432
2027	42.92692197193987
2028	43.18285969696499
2029	42.88115358074342
2030	43.28309241416722
2031	43.64733917054126
2032	43.551498916185594
2033	44.413531069276694
2034	43.14156314073581
2035	44.04220990929959
2036	42.95615202755126
2037	44.10141816352867
2038	43.73733276622297
2039	42.68572121584482
2040	43.86145310367873
2041	43.74660041178172
2042	43.84071095577845
2043	44.432943510177516
2044	44.300666509805055
2045	44.0298735256174
2046	43.67270733130458
2047	44.416664770456926
2048	45.293573689455116
2049	44.12883628865182
2050	44.56975146466301
2051	43.77619690726259
2052	44.12847980327446
2053	44.45356251348213
2054	44.173629995183575
2055	43.52115873329001
2056	44.084652451217906
2057	43.74491201346925
2058	44.766602357431246
2059	43.121626042978846
2060	43.563213085353695
2061	43.30580189513334
2062	43.20941363343495
2063	44.56953989447746
2064	44.54964225659975
2065	44.66065001753889
2066	43.15167093135616
2067	44.426154760463085
2068	43.70086256975193
2069	44.006729525334144
2070	43.58903795995695
2071	43.71921905196613
2072	43.521236213474225
2073	43.238357533195455
2074	43.15477785409508
2075	44.23968353267056
2076	43.245587081105896
2077	43.92981159234907
2078	42.71686156147159
2079	43.68008660823267
2080	43.39781179504503
2081	43.213949331198656
2082	43.98071324724094
2083	43.76485436568982
2084	44.115777009452906
2085	43.24461283086064
2086	44.05885224237054
2087	44.06238715609202
2088	42.89093463287411
2089	44.02188512709942
2090	43.21979102504639
2091	42.835051481134975
2092	44.13008098281491
2093	44.4095135640093
2094	43.20162499042729
2095	43.39900321156969
2096	44.82481252786238
2097	44.025081014608546
2098	45.14540840640488
2099	43.75697204289663
2100	44.189220887642236
2101	44.55307463666003
2102	43.724748275673264
2103	43.44257795011185
2104	43.183921522037885
2105	43.582353326781956
2106	44.54179628053016
2107	42.709690720031304
2108	43.47437681999967
2109	43.042168838301016
2110	43.81857633777768
2111	42.73264359541468
2112	42.57021194790917
2113	43.33244221918239
2114	43.45404241960809
2115	43.30209693552421
2116	43.684309080162045
2117	44.24745237551026
2118	42.71020083173838
2119	44.11216830476544
2120	42.903607869554875
2121	43.12697791413571
2122	43.837201805332995
2123	43.58552040145567
2124	43.70211650853589
2125	44.59512811202044
2126	42.45996543965757
2127	43.73634479088318
2128	44.07868034175578
2129	43.687784955056316
2130	42.84341891220972
2131	43.326782169819865
2132	42.84529302016141
2133	42.99741761560683
2134	43.0189337738935
2135	43.12556390325155
2136	43.98800584619224
2137	43.26549482516956
2138	43.41860856023772
2139	42.975468247590925
2140	43.797325227785684
2141	43.62853913529606
2142	43.91671838697482
2143	43.553673183868696
2144	43.46484409990542
2145	43.110059536669254
2146	42.95854229322874
2147	43.14313145050437
2148	44.11917519208377
2149	43.25756773681371
2150	43.72893001502743
2151	42.883820796030165
2152	42.75069184544639
2153	43.13833444904056
2154	43.28665765255329
2155	43.258902151207884
2156	43.699271841997515
2157	43.364813514911624
2158	43.69218809962923
2159	43.531179145545345
2160	43.03454766861377
2161	43.25239308262516
2162	43.63746406855984
2163	44.37387650216753
2164	42.4829109579475
2165	43.92710842519006
2166	43.14793525068502
2167	43.40645226681833
2168	42.045309906108756
2169	42.477961859620365
2170	43.11871865193325
2171	44.03196148962486
2172	43.242416470427095
2173	43.289915432572904
2174	42.92054682957405
2175	42.57599948521199
2176	44.00372818526413
2177	43.68745362205847
2178	44.659561645624024
2179	44.32958488260756
2180	43.54387177644764
2181	44.00786529424927
2182	43.15393964400494
2183	44.29283175451982
2184	43.52358502137475
2185	43.78885606089087
2186	43.887658945179034
2187	44.56940587693589
2188	43.84180134507238
2189	43.06005414234911
2190	44.075760596415606
2191	43.843957379453265
2192	42.88672191582476
2193	44.05708180273984
2194	44.07593397550819
2195	43.71238953293658
2196	44.69237015553599
2197	43.43358456807316
2198	43.814831336405796
2199	43.86985462339689
2200	43.591529100670805
2201	43.51918621450505
2202	44.39902921021589
2203	44.693297286882036
2204	44.12501815433018
2205	43.1674464785511
2206	43.64103180565555
2207	42.53537105665809
2208	42.88152454385611
2209	43.177900423857196
2210	42.628518707235884
2211	43.14216769852663
2212	43.46644535198192
2213	44.03116969821657
2214	44.79270311655294
2215	43.111094190361605
2216	44.23523768076809
2217	43.411682194737644
2218	42.94084338940117
2219	43.05274021320095
2220	43.22353909400004
2221	42.919368165325665
2222	43.38071138841935
2223	42.72689226811327
2224	44.023332200519015
2225	44.84872378172672
2226	43.47170767862096
2227	44.101272370569006
2228	44.37383970855179
2229	43.28868576822845
2230	43.02576686287791
2231	43.81798917067846
2232	43.02389928815673
2233	42.91926640196635
2234	43.78468778869484
2235	43.05428155407996
2236	42.21412928853816
2237	43.56943136351571
2238	43.06935256420924
2239	43.17179363598763
2240	43.507337541319856
2241	43.01732567211338
2242	43.78725614643874
2243	43.788878284131634
2244	43.12782594335966
2245	43.1589991787005
2246	43.661749465551594
2247	43.243269939872405
2248	42.674162734925915
2249	41.971022999043946
2250	41.853514704057126
2251	42.476705577862276
2252	43.3324495033191
2253	43.21149609074634
2254	43.83909466288114
2255	42.81609445632547
2256	43.05015166571921
2257	43.20291275221571
2258	43.11086406724768
2259	43.005095622594695
2260	43.709912730509934
2261	43.50807304698415
2262	43.11642487073974
2263	44.01610672099569
2264	44.70849630617407
2265	43.46684765963078
2266	43.38474631110124
2267	43.62112194557039
2268	43.443415497018975
2269	43.99328872009888
2270	43.748969836227936
2271	43.07781581528969
2272	44.60321085088524
2273	44.36763727345284
2274	43.56331673265582
2275	44.35440350604628
2276	43.90791128118286
2277	43.55727613748583
2278	43.81766715252534
2279	44.85490692870398
2280	43.83035086549095
2281	44.34597104055214
2282	43.192873839380965
2283	44.012156593989644
2284	43.83824252860549
2285	44.12842691159396
2286	43.92197360129145
2287	43.50008350282483
2288	43.79112727315187
2289	43.92089920120234
2290	43.041801374443835
2291	43.83501852230165
2292	43.61680836114349
2293	43.610104239607644
2294	43.40924525123465
2295	43.65795475562962
2296	44.08733517363755
2297	43.768882147709455
2298	44.747067045663655
2299	43.78501275798339
2300	44.47384269404727
2301	44.07337429887486
2302	44.54369135158366
2303	44.50984218657726
2304	44.877028377187514
2305	44.62516140811639
2306	44.91239401628144
2307	45.21935489849589
2308	43.3901675696665
2309	44.30745265309947
2310	44.442993747261674
2311	43.766403753507305
2312	45.019978796014435
2313	44.89353040485277
2314	44.90195052596876
2315	43.75139631397287
2316	44.24982121203031
2317	44.20993993547597
2318	44.0698604336814
2319	44.25026891231414
2320	44.00979865377918
2321	44.279885583244024
2322	44.25815919624755
2323	44.29144078172762
2324	43.31941600158742
2325	43.724181566142775
2326	44.62826009606001
2327	44.51453484227333
2328	44.65282274735531
2329	44.71487133704763
2330	44.756403443127304
2331	44.67005161326097
2332	44.627690305388576
2333	44.58344563697807
2334	43.53962619189781
2335	44.84097322435277
2336	45.06516990706477
2337	44.4365372258848
2338	44.171315642019536
2339	43.49526273413379
2340	43.703935156737764
2341	44.03892069153986
2342	44.42396392484803
2343	43.81941498241619
2344	44.295075051790526
2345	43.48190482451136
2346	43.80749500227102
2347	44.71806856706971
2348	43.72420395780307
2349	43.41381938998481
2350	43.28742136173009
2351	42.74221580984917
2352	43.76074304733935
2353	44.182986082846845
2354	43.81943132459259
2355	43.83786656377534
2356	42.63370637925238
2357	41.930782706189355
2358	43.65562415536301
2359	43.58095647031815
2360	43.038702535852806
2361	44.19938207739694
2362	43.2794360659222
2363	43.65876642164922
2364	43.90496068238222
2365	43.19833824817338
2366	43.27514380052489
2367	43.357808281523575
2368	43.67074194462259
2369	43.76085043664787
2370	43.8617935822689
2371	44.063683943841944
2372	43.85601882502932
2373	42.774253605199505
2374	43.96643337948622
2375	43.408874617796506
2376	44.20093784774043
2377	44.59433557372864
2378	44.11658340704744
2379	43.80777666461015
2380	44.537796166334374
2381	45.20585715274813
2382	44.54157257729166
2383	45.70805201751631
2384	45.1789217383486
2385	44.405842330069
2386	44.0959955531479
2387	44.42714932457235
2388	44.786565840549095
2389	44.98202113154204
2390	44.697814771958484
2391	44.35799341105692
2392	44.618058532053695
2393	44.50779237172885
2394	44.38279687734265
2395	44.23671499149125
2396	45.3579861770669
2397	44.63473969930782
2398	44.61794225870589
2399	44.24783257223437
2400	44.58642937340409
2401	44.477889919116535
2402	43.58412121743262
2403	44.41084621364592
2404	43.40645826833692
2405	44.1186932924712
2406	44.144588671246744
2407	43.880236405816575
2408	43.50420093900516
2409	43.28713719180367
2410	43.094248134466206
2411	43.21264838445976
2412	44.819155420727775
2413	44.066029880349625
2414	43.89954209879472
2415	43.17366191377246
2416	44.04282459357064
2417	43.10163781304856
2418	43.48688065249479
2419	43.363931461609454
2420	43.67165726317604
2421	43.526008821019985
2422	44.30448393864046
2423	44.601256502950996
2424	43.890662146518984
2425	44.309737275431054
2426	44.62321809078784
2427	43.838340453669346
2428	43.395524935469766
2429	44.21924423868137
2430	42.79303786466148
2431	43.47410892830889
2432	44.33389410291141
2433	43.80233321773117
2434	43.90537447729209
2435	43.38280843010743
2436	43.35638143947089
2437	44.695924858986366
2438	42.82577767540652
2439	42.82818926670618
2440	42.42055184744152
2441	44.27739944154106
2442	43.44427092432466
2443	43.42108779958257
2444	43.490741814671665
2445	44.195612655387166
2446	43.702309413216426
2447	44.02629271130466
2448	43.05749416193652
2449	43.53651156523766
2450	43.248092087581064
2451	43.328122931799996
2452	44.25269891714791
2453	44.03994725177283
2454	43.59800787308422
2455	44.04233638723457
2456	43.82973335253856
2457	43.73740154741983
2458	43.46132401814038
2459	43.25345094006139
2460	42.85695722687996
2461	43.79818612009766
2462	44.03702888721596
2463	43.30969847342705
2464	43.87079207223947
2465	44.17306943797836
2466	43.53991182703902
2467	43.427919405024625
2468	44.160244604248476
2469	43.29369430629053
2470	43.28781595864123
2471	43.31312308265019
2472	43.527074297661436
2473	43.12163075087415
2474	42.75271850565185
2475	42.197569823865464
2476	42.40542182570144
2477	43.20974979258139
2478	42.63923010315853
2479	44.01175801795951
2480	42.97193439302035
2481	42.62846546613213
2482	43.46151392693668
2483	42.459516415620705
2484	42.84352422439828
2485	42.6259990448445
2486	42.89435675114866
2487	43.534683424307644
2488	43.684297534365655
2489	43.19445750467265
2490	43.78363326032586
2491	43.239158444124406
2492	44.10293424397209
2493	44.94256945713111
2494	43.22451223139771
2495	43.4626983141293
2496	43.588287872302814
2497	42.698161877380144
2498	43.209847926448205
2499	41.82464503791054
2500	43.464069083042794
2501	43.03595992267083
2502	42.7803886260324
2503	43.861907715144454
2504	43.23885973641648
2505	43.204784252906094
2506	43.70236369692985
2507	43.22219680438214
2508	43.47511756816089
2509	43.698497325338785
2510	43.166784842516954
2511	43.72461389903609
2512	43.821958762782295
2513	44.541177166357905
2514	42.69799997246739
2515	43.94336454015446
2516	44.025046818553236
2517	43.95991865425122
2518	44.28985289898446
2519	43.074037267552974
2520	43.70360927789637
2521	44.510061173152145
2522	42.982841906730975
2523	43.74659778841976
2524	44.3035062548254
2525	43.70302590222796
2526	43.511267567763454
2527	44.078690072662724
2528	44.133203498892804
2529	43.66095506662399
2530	43.55338720873919
2531	44.18754769579511
2532	44.207706919419245
2533	44.36049552059031
2534	42.97137565180859
2535	43.80006145569382
2536	43.738372519130074
2537	43.491143358434755
2538	43.98713334420912
2539	43.7245986516833
2540	43.93921790875602
2541	43.657273640398294
2542	44.56404762522894
2543	43.053422299916875
2544	43.66030326179576
2545	43.98771428761912
2546	43.77786272241794
2547	43.8874399603536
2548	43.68168371304753
2549	44.54623366121977
2550	43.176932244875886
2551	44.87072058238558
2552	43.71414538805941
2553	44.25662565644344
2554	43.72638057379539
2555	44.21721212528125
2556	44.65367064481326
2557	43.87973308908221
2558	43.75955117289822
2559	43.01385350842422
2560	43.101515572350074
2561	43.93834712505928
2562	44.51781785541164
2563	43.62696347910353
2564	43.514340803689464
2565	43.42569557828929
2566	43.37074342049188
2567	42.99611078327808
2568	44.311677719633245
2569	43.528418832846214
2570	43.28362993621969
2571	43.88474260648662
2572	44.1759699329857
2573	43.275540340613034
2574	43.196289503784136
2575	42.907419262504604
2576	44.286996412841106
2577	43.15057245548804
2578	42.9834341379395
2579	43.76539148855107
2580	43.12320224469588
2581	43.90406342505914
2582	42.74517809161255
2583	42.73521601493327
2584	43.175140757175306
2585	43.60207755545874
2586	42.501184713055096
2587	43.508395074817564
2588	42.931301198773234
2589	43.59970144249694
2590	44.45939056393757
2591	43.585551794294645
2592	42.931954815781545
2593	42.42745588983559
2594	43.405824908523954
2595	44.10840665673887
2596	44.50662574253393
2597	44.04278436041662
2598	44.337840674967126
2599	43.32550882747181
2600	43.71600800183151
2601	43.97136393758286
2602	43.081764313935764
2603	44.719453613933005
2604	43.97110181061494
2605	44.58363744553298
2606	43.45020688783086
2607	43.884630033287756
2608	43.680076083731514
2609	44.23725778794118
2610	43.485154763017434
2611	43.92010449591603
2612	44.2323332105237
2613	43.96893162166072
2614	44.395043138168546
2615	43.711323446424906
2616	43.52492879080641
2617	43.58215923522765
2618	44.20757890660493
2619	44.36598316360172
2620	44.276529084653646
2621	44.06691891119902
2622	44.47093686732897
2623	43.47461249804989
2624	44.66868646462034
2625	44.71154157665176
2626	43.9292299301756
2627	43.694719867388585
2628	44.2995281169327
2629	44.12686070571654
2630	43.36404796905485
2631	44.174201419344094
2632	43.743162069350724
2633	43.64587153247222
2634	43.81963940821056
2635	43.6977615931904
2636	43.567707223321456
2637	43.46766191672261
2638	43.9025403525604
2639	42.88614789847126
2640	44.335667352163746
2641	42.84610720945157
2642	43.8299953491302
2643	43.1156025834583
2644	43.924124574177874
2645	43.123039481389085
2646	42.491434097435175
2647	43.01672470658721
2648	43.108877817485656
2649	43.67404198194157
2650	42.94560679625264
2651	43.12908947408621
2652	42.8027823174507
2653	44.60027446581207
2654	43.930877794016546
2655	43.205026987858666
2656	43.64558120126712
2657	44.20155999926415
2658	44.3573329014984
2659	43.82100425319
2660	43.648392810533196
2661	44.0824801414543
2662	43.512469802211776
2663	44.071993422195966
2664	44.02864995705451
2665	43.889786781168375
2666	44.629558039581276
2667	44.154426308028214
2668	44.41758415598545
2669	43.159579344600985
2670	42.39358789292685
2671	43.14211435304105
2672	43.4059003758759
2673	43.12306829985053
2674	42.65858707400547
2675	43.471149456632176
2676	43.61648871968596
2677	43.55333352454432
2678	43.76520372608537
2679	43.238698103660845
2680	43.24802982621258
2681	43.237650710290296
2682	44.13687920453302
2683	43.207312117519656
2684	43.59269995107053
2685	44.78580428226992
2686	44.232179540978514
2687	43.97330316853182
2688	44.594346530821014
2689	43.87620146711764
2690	44.78877099551234
2691	43.05058138221646
2692	43.484885022214
2693	43.731523623702735
2694	44.48690222417081
2695	43.22181662085244
2696	44.430875566299584
2697	44.08279680726462
2698	43.579475109083624
2699	43.07222867252723
2700	43.38808426908311
2701	43.19684105964924
2702	43.33528611606228
2703	42.59991245189226
2704	44.07972538600106
2705	43.01005979241468
2706	43.76267892290743
2707	44.12066360881763
2708	42.90715191076677
2709	42.358645689231736
2710	42.45358817322284
2711	43.11782077368801
2712	42.9989756358868
2713	43.079257545373586
2714	43.47511868281361
2715	43.43167723422281
2716	42.04964560572497
2717	44.4470922332858
2718	43.618922267833945
2719	44.161170048224214
2720	42.792191587421904
2721	43.34332261327955
2722	44.052869211541505
2723	43.629278574053735
2724	43.36193499360225
2725	44.39663396741877
2726	43.11587849348542
2727	43.13937989491024
2728	41.928023313586365
2729	42.7957744376549
2730	42.84009777529359
2731	43.2732443399243
2732	43.934696191742276
2733	43.55132844063637
2734	42.67391891204925
2735	43.242013609201344
2736	43.04730212066523
2737	43.97995484472763
2738	44.71587830089965
2739	42.79107987841523
2740	43.78454711209975
2741	43.861707703906696
2742	43.40971098718371
2743	43.40252911526641
2744	42.99837166981478
2745	43.343750054606424
2746	43.620060772671046
2747	42.724865406144055
2748	44.01222285482591
2749	43.56176362890101
2750	42.97424735887067
2751	43.47869977491844
2752	43.73596075795406
2753	44.53871164766435
2754	43.67396481095391
2755	43.73996295372226
2756	44.09705929549912
2757	44.028715563884404
2758	42.73022138077485
2759	43.834424504881284
2760	43.985403997083786
2761	44.74901971418341
2762	44.293286038476474
2763	44.67086895581804
2764	44.599872986167036
2765	43.60531571741345
2766	43.516913474320994
2767	43.5021877859477
2768	43.12397082237218
2769	44.503055423033366
2770	43.51617667154306
2771	45.31443100062407
2772	43.50635095218301
2773	43.331464917382235
2774	44.913026809836154
2775	43.777040087847475
2776	43.22397408156966
2777	44.88981938424003
2778	44.36290465101999
2779	43.04909409984269
2780	43.65033854640183
2781	43.829654796247105
2782	44.25286541648396
2783	44.08707341467025
2784	43.82384867067434
2785	44.43133585565453
2786	44.421321211560446
2787	44.831606403281135
2788	43.87066869220935
2789	43.57471689752505
2790	43.77797405991109
2791	43.59174480472553
2792	43.46516462573144
2793	44.2719339516644
2794	43.218864214329265
2795	43.520282049148555
2796	43.3773283273125
2797	43.68142623808324
2798	43.25213112786653
2799	43.6626935954907
2800	43.64605838680288
2801	43.15930281791857
2802	43.85835457370326
2803	43.93205798440491
2804	43.32957129798539
2805	43.66407389059594
2806	44.1621523146463
2807	43.814946585127565
2808	43.391203400255044
2809	45.0064631131178
2810	44.02643865648051
2811	44.513461987100634
2812	42.91092239350663
2813	44.29975507220254
2814	44.079542203147355
2815	43.805281329418875
2816	44.13202967186336
2817	43.663132316132135
2818	44.88317615495554
2819	43.89008126007831
2820	44.27814232119283
2821	44.88630668551544
2822	44.3575930819817
2823	44.288512372755015
2824	43.271330480356376
2825	43.457921307801776
2826	43.15808852029847
2827	43.57525783170662
2828	43.94990515765399
2829	42.998615967338935
2830	44.0462729870765
2831	42.74968863347807
2832	42.81174809451875
2833	43.97103561543385
2834	42.89507217235104
2835	43.42363869289681
2836	43.466129423656426
2837	44.80789936154067
2838	43.63550929763341
2839	43.98319590522313
2840	44.3677592128797
2841	44.26031225538706
2842	43.73049165334209
2843	42.68826521650884
2844	43.708215495209316
2845	43.6802891037351
2846	43.75602503530027
2847	43.14515544416096
2848	44.19446605136797
2849	43.91315275938403
2850	44.15835550450309
2851	43.55349208624105
2852	44.88560942070095
2853	43.75609624601716
2854	44.29554526141017
2855	44.22381779548511
2856	44.468760181770165
2857	43.36501948486781
2858	43.91771991108521
2859	43.43777260783728
2860	44.40055698295045
2861	44.045108389913054
2862	43.55756150790314
2863	44.60559478402716
2864	45.53330206338043
2865	43.72320296917028
2866	45.89185207867202
2867	44.797845123181354
2868	43.34937891324331
2869	43.68273941543315
2870	44.1744530134239
2871	43.98101433779541
2872	44.317234480075584
2873	44.68710162804715
2874	43.45565839055253
2875	43.567940035505295
2876	44.013540669712384
2877	43.49555992580267
2878	44.09506134646926
2879	44.289992618734075
2880	43.67594128267282
2881	43.321958782002405
2882	43.389972914532535
2883	44.74351914950827
2884	43.6456022220867
2885	43.877958914297075
2886	44.209953923665886
2887	44.75713748245369
2888	44.30274607694803
2889	44.64380502762316
2890	43.94417539540271
2891	43.00446154377187
2892	42.99786812846646
2893	43.58821918726281
2894	43.61868195918318
2895	42.78657668824313
2896	43.2781979357228
2897	43.42704515787347
2898	42.93858785185674
2899	43.34069768392846
2900	43.26898776100847
2901	43.479916740219814
2902	42.26664547837759
2903	43.822323431122
2904	43.62134442619705
2905	43.324396727649486
2906	43.1438780508763
2907	44.01449863746267
2908	43.67511840437308
2909	43.65209775462992
2910	44.49280805029389
2911	44.59558082731709
2912	44.43404920306169
2913	43.1874109837166
2914	44.23531998565386
2915	43.06011493431128
2916	43.99942987967796
2917	43.40613714655548
2918	43.97549336254122
2919	43.91649297810987
2920	43.657989869365075
2921	43.5451343506649
2922	45.04260561822128
2923	44.22339941226498
2924	43.49044711597463
2925	43.33208843064853
2926	43.898203693705746
2927	43.50001870976455
2928	43.67263600646425
2929	43.54504760276659
2930	43.99858002663069
2931	42.76573893948376
2932	43.01872851908683
2933	44.279793517390026
2934	43.160048566228376
2935	42.88561694548079
2936	43.36899248368849
2937	43.530550269502584
2938	42.47817491669828
2939	42.95044575920927
2940	42.328477832246904
2941	42.916075210582406
2942	42.47104611067203
2943	43.14162351305014
2944	43.10372550796583
2945	43.56220103727584
2946	42.60279460385646
2947	41.709936550783056
2948	42.048105939899735
2949	43.54024303356845
2950	43.50226119291224
2951	43.72566099172175
2952	43.22116323061448
2953	43.749846027154966
2954	42.961755337109565
2955	41.876243524853294
2956	43.38341202001095
2957	41.44055968824132
2958	42.38805896532411
2959	43.57787528603802
2960	43.23175427377371
2961	43.56086745216391
2962	42.67441305172129
2963	43.14807465231741
2964	42.123752892664584
2965	42.32077583051801
2966	42.405756075852985
2967	42.00548773033715
2968	41.944680439289364
2969	43.0778189413988
2970	43.69239980090424
2971	42.64307224263457
2972	42.20489856502342
2973	40.791619123143555
2974	42.34626928916981
2975	42.98120894613863
2976	43.06756172742128
2977	43.54958826555898
2978	41.97864351204484
2979	43.23461074828132
2980	42.630081990629165
2981	42.503344585829396
2982	40.97889903537317
2983	42.414679779401744
2984	42.78988839450332
2985	42.8353106172679
2986	41.445742586983094
2987	42.27875011879086
2988	42.75732964897147
2989	42.691485171902436
2990	42.86378598630751
2991	43.79665666178948
2992	43.16757905531779
2993	43.860799081695745
2994	42.58365616761844
2995	44.13821747836171
2996	42.42522459805215
2997	42.88405981073895
2998	42.07484560952705
2999	42.25087422055513
3000	42.05002656977712
3001	42.884310574830415
3002	43.3568224830177
3003	43.39909641505095
3004	42.36062166136066
3005	43.44454012013107
3006	43.07069039750529
3007	43.91018887203934
3008	41.94692298860514
3009	43.10365752242089
3010	43.73998149097708
3011	43.79667156754848
3012	43.10417555615306
3013	43.995794076007115
3014	43.06514399988584
3015	42.73226703797015
3016	43.65308356692297
3017	42.835041124753474
3018	43.52224988993716
3019	44.232340317431266
3020	44.644024858244315
3021	43.862146928535346
3022	43.69844148490549
3023	43.879471744658694
3024	44.23508947986083
3025	43.883930507249815
3026	43.99542874299924
3027	44.38839475753578
3028	45.278353050864254
3029	44.00945010856493
3030	43.774072232248386
3031	44.57926860821953
3032	43.83467732121442
3033	42.667905689902696
3034	43.845230121515996
3035	44.803410768452196
3036	44.342060060514186
3037	43.4883148501892
3038	43.10407510244294
3039	44.10416778130458
3040	43.521182753186096
3041	43.459097060638726
3042	43.671728908571616
3043	43.53459772022417
3044	42.55594943776405
3045	43.98794436101618
3046	43.97195048835651
3047	43.68069990023365
3048	43.1994183258878
3049	43.05299121067729
3050	42.09077975733862
3051	43.25375479785981
3052	43.416092730500324
3053	43.06580426306506
3054	42.59679248221112
3055	43.74803194886957
3056	44.184222028747826
3057	43.93564796040965
3058	44.939479582843845
3059	44.06942170396268
3060	43.25671189941485
3061	43.39094855853194
3062	43.072636248633735
3063	43.692056843938474
3064	44.419197252293294
3065	45.17321102989547
3066	43.650515825178694
3067	44.63332146156426
3068	43.49702199092124
3069	44.303325890048384
3070	43.658424812665956
3071	43.07652244327735
3072	43.30622129366386
3073	42.16981231061542
3074	41.69769895481671
3075	43.01451322720179
3076	43.25930486351564
3077	43.083962198403874
3078	43.60264412303961
3079	43.32029829161905
3080	43.18836387831472
3081	43.50475823566882
3082	44.17278810436866
3083	44.11277259742817
3084	43.25835425977933
3085	43.0875120777393
3086	43.88057396476525
3087	43.27223746035337
3088	44.39710070224877
3089	43.202611244984354
3090	43.37192172681572
3091	43.48362305467204
3092	43.95005768559889
3093	44.03014735027287
3094	43.8979123137428
3095	44.088226314773884
3096	43.79802141373655
3097	44.78351691357134
3098	44.25525513647891
3099	43.94835960867158
3100	44.22483075880505
3101	43.601082094542505
3102	44.22800582783666
3103	44.36374023232917
3104	44.31145761190642
3105	44.58872900751111
3106	44.1823640063159
3107	43.37173537110349
3108	44.611491458445066
3109	44.4626695116939
3110	45.231037750867415
3111	44.36055068829457
3112	44.32073366505986
3113	44.39442740146384
3114	43.93443479421163
3115	44.0267028520232
3116	43.660491511674046
3117	44.148701870804516
3118	44.10995365041876
3119	44.172652248587184
3120	44.47332648053428
3121	44.16709545457399
3122	44.23147529305055
3123	45.55785304529098
3124	44.02273819701545
3125	44.196638342663505
3126	43.938501407766
3127	45.91281191008596
3128	44.37443420742065
3129	43.564271748602735
3130	43.52210169327265
3131	43.91350319241013
3132	43.655871646945705
3133	43.78500038882175
3134	44.40124299664737
3135	44.08852918711809
3136	43.85258483894577
3137	44.109514143892724
3138	43.86767512565329
3139	44.66490608224512
3140	43.67292203150507
3141	43.24923558070882
3142	42.87902229378256
3143	44.06749047015749
3144	44.04438739194546
3145	43.156832174126905
3146	43.242134284715505
3147	43.987080780695315
3148	43.20851698514511
3149	43.15423067144896
3150	43.66456995699712
3151	43.62986993506656
3152	44.29010434050747
3153	44.341186368788925
3154	43.040302461543845
3155	43.767914209049856
3156	43.05825096669679
3157	43.74787901053981
3158	43.57940148529348
3159	43.91288834925605
3160	44.670085125236
3161	44.913405687551865
3162	44.432493946486254
3163	44.51964606723368
3164	44.586302534393944
3165	44.031717771164715
3166	44.72398173196863
3167	44.376809940606904
3168	44.1344249787849
3169	42.6988384790124
3170	44.447785282950306
3171	42.89253303489091
3172	42.55718573453807
3173	43.166995836111354
3174	42.62376713327261
3175	43.48013901635224
3176	44.492267316336594
3177	44.20464106257683
3178	43.65540480287897
3179	42.425898113173524
3180	43.639917764577454
3181	43.52476497366904
3182	43.916195759679674
3183	43.365806974689725
3184	44.40661635322084
3185	43.3238180656084
3186	43.266784967991114
3187	43.60819853733891
3188	44.12519565184722
3189	43.466525357040865
3190	43.44906723966168
3191	44.852482994715615
3192	43.52923159216014
3193	43.9409062754679
3194	43.756881463336356
3195	42.43932246971604
3196	42.822138141523055
3197	42.70957432901128
3198	43.77605509769328
3199	43.96919317606549
3200	43.24261057414959
3201	44.27025246795334
3202	43.94577079617296
3203	43.83352379290535
3204	44.05090073496196
3205	42.49056084001528
3206	43.903474229182024
3207	43.92004738971493
3208	43.10061663507497
3209	43.733987825550116
3210	44.17398164550995
3211	43.83553571297768
3212	44.16297037312413
3213	44.47493279771581
3214	44.644124197406214
3215	44.371265289354476
3216	44.33107179124816
3217	43.61028763981963
3218	44.79365651508781
3219	43.72748319287671
3220	43.73060659860381
3221	43.326000396471294
3222	43.036564008304886
3223	44.088407456376736
3224	42.559463513157226
3225	43.42867960580816
3226	43.05231530858208
3227	42.92576980772269
3228	44.12168035049391
3229	43.27303743554429
3230	43.92925275836416
3231	43.06400890556158
3232	44.12878529040244
3233	43.953811378205074
3234	44.40402802772141
3235	44.23736627963961
3236	43.61776890380321
3237	43.46690064365536
3238	43.86553136964299
3239	43.78984875715662
3240	43.76413002558701
3241	43.713565876172275
3242	44.127661938263266
3243	44.38859568644502
3244	43.741965983041815
3245	43.71902020822341
3246	43.373506521077815
3247	43.23569453570844
3248	44.371348640237564
3249	44.546922955931905
3250	44.45650758932954
3251	43.686120570206526
3252	43.95321973464806
3253	44.11284316789008
3254	44.25236194664552
3255	44.11779944847375
3256	44.53532291592488
3257	43.96981907427326
3258	45.05571661679602
3259	43.587080184112544
3260	43.79902683051347
3261	43.6954128207047
3262	43.74573262225801
3263	43.82612271114852
3264	44.859608449730956
3265	43.866559226783984
3266	44.7064218983734
3267	44.83959037913334
3268	44.109953744716016
3269	44.02401019323708
3270	45.11573190847934
3271	44.241867848829365
3272	44.33399426170529
3273	43.76816210731138
3274	43.25509998035498
3275	44.21603666032097
3276	44.3636306616407
3277	43.85347155866868
3278	44.77404269390098
3279	43.57285350713395
3280	44.08301249125539
3281	43.278622159297385
3282	44.82608206925962
3283	43.578251324936716
3284	43.55533305853576
3285	44.28599182301424
3286	44.225943120403876
3287	43.81904339141368
3288	43.732541817201195
3289	43.81926401914932
3290	43.54654481909812
3291	42.95737864703065
3292	43.611640321910464
3293	44.15894469981689
3294	44.023502905490744
3295	44.41804369427903
3296	43.76980392913422
3297	43.1967651527264
3298	44.33804531180342
3299	42.28505912633417
3300	43.78553548688471
3301	43.27041993891829
3302	44.603061848807336
3303	43.66012959261047
3304	42.90073619545653
3305	43.37617088830582
3306	43.34329438279324
3307	41.98919983700313
3308	43.71042036069547
3309	43.772371189119035
3310	42.59087680096895
3311	42.841815967512154
3312	43.83760421716325
3313	43.58769394531523
3314	44.10582846992308
3315	44.29022395729706
3316	42.58739764417766
3317	43.18315669832351
3318	42.66250452282522
3319	44.31593898707681
3320	43.428968068676724
3321	43.459184381041176
3322	43.4675700887422
3323	44.148442082713764
3324	42.85217873262358
3325	43.368931061157745
3326	43.21937586647683
3327	43.24805354460745
3328	43.160332470109495
3329	43.309749707034364
3330	42.56455759944329
3331	43.0555979578353
3332	43.072638977879926
3333	41.66521394344552
3334	43.37020615731384
3335	43.26654108845839
3336	43.76122508248619
3337	44.2210242615196
3338	42.92538858053544
3339	43.185649220269624
3340	42.70643336589784
3341	43.57882946054994
3342	43.17297137275917
3343	43.218416101808934
3344	44.1130626394922
3345	42.92210039340078
3346	43.25600440164336
3347	43.825787124196935
3348	43.73355237557846
3349	43.34135201521146
3350	43.030262764795765
3351	42.74402667126452
3352	42.94172227728303
3353	42.345661101485476
3354	42.82007168542921
3355	43.22427314248093
3356	44.75322296437076
3357	43.31079493945529
3358	43.32893530683366
3359	42.697864923759695
3360	41.99059015369324
3361	42.6452156664325
3362	42.73847524001072
3363	41.9801812797079
3364	42.02120727475366
3365	42.93061818016459
3366	42.67275542278931
3367	43.6345751078491
3368	44.052836185797865
3369	43.08325796163184
3370	43.76998645732146
3371	43.35881424072701
3372	44.00763532391644
3373	43.85336696984587
3374	43.446366554308696
3375	42.77965476092954
3376	42.31505026668655
3377	42.94696327825319
3378	43.078734189470886
3379	42.56942048730288
3380	43.99466779085252
3381	43.12887167248064
3382	43.21881070233911
3383	43.37145778231525
3384	43.56609609402216
3385	43.25622772679182
3386	43.43944679080634
3387	43.325002870119725
3388	42.7671651856915
3389	43.09413156883632
3390	43.3309259131346
3391	42.58636784577025
3392	44.03145302587972
3393	43.983084750733894
3394	43.78401860531122
3395	42.952728675153466
3396	43.49833349129053
3397	43.72020789759497
3398	42.966838694516504
3399	44.26607693749287
3400	44.374661885117
3401	43.474700413272
3402	43.48374349694226
3403	43.67388315214924
3404	42.620088491839844
3405	43.30401438311459
3406	43.95062432378633
3407	42.75961674697508
3408	43.57761980056673
3409	43.32952586182825
3410	42.97390576700799
3411	43.02245989398489
3412	42.968596320398525
3413	43.45358712575465
3414	42.918363147772794
3415	43.19410385547409
3416	43.91251020619711
3417	43.22953782490594
3418	43.44779565884668
3419	43.52199049164644
3420	42.67260655719259
3421	44.31414781018478
3422	43.23503762485901
3423	43.39680059866847
3424	43.508345645756094
3425	43.66756621953274
3426	43.029588732763344
3427	43.8837946982012
3428	43.80702445020467
3429	44.37094969120442
3430	42.966806631669506
3431	42.80887423460129
3432	43.44279567686212
3433	42.497942969333195
3434	44.03551975476971
3435	44.207957916711436
3436	43.118572782817395
3437	42.12483869225973
3438	42.610391809898495
3439	42.90070198112738
3440	43.86478684485914
3441	41.93641615544087
3442	42.54865478803645
3443	44.11061127911866
3444	43.315790645955296
3445	42.76742765126508
3446	43.15356932281394
3447	43.03356075872726
3448	43.12260559471033
3449	42.32526252738607
3450	44.0634819842764
3451	43.75810013895842
3452	44.55803082135088
3453	43.75055098093228
3454	42.43219906834164
3455	43.93444931366093
3456	43.06433874625266
3457	44.435946750717534
3458	43.82084036172592
3459	43.41444680116255
3460	43.598135510923704
3461	43.00144829955541
3462	42.80296897857332
3463	43.763384005670694
3464	43.42410092575839
3465	43.495232395004244
3466	42.6573770407083
3467	43.85949016039049
3468	43.736823796990286
3469	43.8100119323718
3470	44.344032784466734
3471	44.85926236966512
3472	44.44921586435008
3473	43.894868086465735
3474	43.49743960484744
3475	42.49495863916753
3476	43.89922167646566
3477	43.656901223548985
3478	43.364352637751956
3479	43.070610800082946
3480	41.96779211955723
3481	42.98804887370439
3482	43.26280187122967
3483	43.52527410594855
3484	43.78120017511736
3485	43.3360246503747
3486	43.55688703894104
3487	43.529335754692134
3488	43.59823113374324
3489	44.04871765287092
3490	43.49632223214503
3491	42.14351968374797
3492	43.538502880943696
3493	43.23326285240255
3494	42.79531610813243
3495	44.216568512708136
3496	43.552965957681494
3497	43.15936483516515
3498	43.36513503000647
3499	44.316387396806434
3500	44.44313431120433
3501	43.40969375588518
3502	43.305346244319104
3503	43.65119855414121
3504	43.424576549384376
3505	43.8990416508579
3506	44.502416074490846
3507	43.75794373245816
3508	43.42066175714199
3509	43.992311481551724
3510	43.19869611676091
3511	44.6066781661456
3512	43.41313093084492
3513	42.64423173512094
3514	43.38257775462686
3515	43.016171465321804
3516	43.67629444742669
3517	43.64435812970723
3518	44.02745711895568
3519	43.59725124667067
3520	43.736660772162175
3521	43.69860785730349
3522	43.63671038026344
3523	42.887318880110755
3524	42.70421456166705
3525	42.65020060312443
3526	42.62710264407508
3527	43.499588835969426
3528	43.971140922059405
3529	42.92112467366687
3530	42.4101868336175
3531	42.49338378338764
3532	43.49864110690403
3533	44.362391499534596
3534	43.691954747330136
3535	43.303378121098206
3536	44.720737998974336
3537	44.3633850452281
3538	43.59503682525701
3539	43.27893723040888
3540	43.38025313284992
3541	44.34239321991324
3542	44.04239719010361
3543	44.03408582043093
3544	44.070714182848135
3545	42.812093523677994
3546	45.12573257220882
3547	44.373319254033014
3548	43.61233113195105
3549	42.7038268929575
3550	43.2071437403194
3551	43.55878772456238
3552	43.42946568789627
3553	43.034548453200046
3554	44.21520097126069
3555	43.56594740715071
3556	43.09591300619417
3557	43.81838774979006
3558	43.6067649984586
3559	45.10092808271745
3560	44.632663145054174
3561	43.150019991176805
3562	44.49953398779192
3563	43.88137136654956
3564	43.80754633301899
3565	43.80538425510037
3566	43.70205259760684
3567	43.296968988154624
3568	43.88393165665069
3569	43.70257715965939
3570	42.57532479847441
3571	44.290426708867614
3572	43.70253568131447
3573	44.07225953279294
3574	44.12831522531661
3575	43.03651388751818
3576	43.67723346074897
3577	43.18181009012253
3578	43.3285570428305
3579	44.26342735689367
3580	43.59139922880922
3581	43.503335296944734
3582	43.43917438218729
3583	43.208415360782
3584	42.59527173798427
3585	42.79100525285966
3586	42.71186326483497
3587	43.99792712225174
3588	44.71765870026797
3589	44.01885735819453
3590	43.80482850222674
3591	43.203441123116036
3592	43.5499352189233
3593	43.86039969041711
3594	43.526235845567214
3595	43.43572461615475
3596	44.275084177002114
3597	43.7725618783051
3598	44.04718646582769
3599	43.74968839240453
3600	43.88120307421178
3601	44.58741254677309
3602	45.35310454925913
3603	44.43213609219448
3604	44.699772725116595
3605	43.72459941323649
3606	44.08974090645971
3607	44.382750703736754
3608	43.49144303008099
3609	43.81350624393534
3610	44.627897510917464
3611	43.027213919707364
3612	43.809652931022285
3613	43.63456177999245
3614	44.655331155566294
3615	44.550015757939185
3616	44.511048118937005
3617	44.65163960843832
3618	44.29167854433677
3619	45.389220903542224
3620	43.33458789252316
3621	44.8416269726416
3622	44.08476855943357
3623	44.084205926666606
3624	44.59472585003439
3625	44.27799904102454
3626	43.11603845751007
3627	43.95571758150284
3628	43.52180598759889
3629	43.70730638850486
3630	43.63949293047396
3631	43.38418389560148
3632	43.36454919659403
3633	43.98114533172162
3634	43.13996042083072
3635	44.89522906087746
3636	43.483101682408936
3637	43.243536619694254
3638	44.21630139553935
3639	43.960442498438404
3640	44.60550037708456
3641	44.47424005857059
3642	45.097082549772864
3643	43.773682188464974
3644	44.81529074694911
3645	43.99293723866053
3646	43.72862219787049
3647	44.6755446594484
3648	43.57714536949942
3649	43.42897195504976
3650	44.73520187033579
3651	44.58754206906242
3652	43.17519082109714
3653	44.29875822852004
3654	43.94993729149051
3655	44.42128423072608
3656	44.15467269129019
3657	44.55134822526261
3658	44.45538284402553
3659	44.91184538466801
3660	44.78304652282702
3661	44.29024597503528
3662	44.26033974562263
3663	42.8953867475095
3664	43.358456793997455
3665	43.541396326015374
3666	44.069991613662864
3667	43.87984200057512
3668	43.73561253011762
3669	43.288863095336595
3670	43.39739538518054
3671	45.287582204782886
3672	43.8786507970885
3673	43.67739406605723
3674	43.189629377978065
3675	45.032702971280635
3676	43.47319954736919
3677	43.49423927178439
3678	43.37544881255273
3679	44.736213520923506
3680	43.44133474763611
3681	44.29332995550086
3682	42.576469981119025
3683	43.42383532708577
3684	43.6542035037344
3685	45.01273134525648
3686	43.70533253613954
3687	42.69344030827892
3688	43.96906864937182
3689	45.10952415403199
3690	43.96645528694745
3691	43.824180323505615
3692	45.02378034238369
3693	44.422395562499396
3694	43.681687592951754
3695	43.53493226277134
3696	43.94800653829895
3697	43.41597052189936
3698	44.63561929872707
3699	44.31922359377166
3700	44.28777066387437
3701	45.45853011092495
3702	44.172831624587005
3703	44.363006991724056
3704	45.3620692515499
3705	44.81096126918081
3706	43.76826472831313
3707	43.950033136956854
3708	44.089444318268065
3709	43.41626586431763
3710	43.69522411554227
3711	43.102181095586495
3712	45.21276190106196
3713	44.58649308162027
3714	44.26216603703643
3715	44.93096428421028
3716	42.90718601269505
3717	43.5686811009615
3718	44.200227949322915
3719	43.087463535668746
3720	44.816202305074384
3721	44.184646071902414
3722	43.147266431707806
3723	45.06342111908971
3724	44.072159045507085
3725	43.47265578714924
3726	45.30719092146605
3727	42.85788395476946
3728	42.850736725762076
3729	45.053039143233406
3730	44.15654695512812
3731	43.38732509492317
3732	43.87568081332227
3733	42.86320451814043
3734	44.05987876179414
3735	44.00838022188258
3736	43.79164564215342
3737	44.288449996594714
3738	43.28506877447082
3739	43.78012376817749
3740	44.290414698183845
3741	43.776023941588456
3742	43.0229149679888
3743	43.551368040974495
3744	43.83639316497379
3745	43.25203981819686
3746	44.48401803108048
3747	44.22541572575435
3748	44.32752460909151
3749	44.112733820624754
3750	45.022544852071974
3751	43.94186066274504
3752	42.809327031429724
3753	43.270807848613686
3754	43.16998696843966
3755	43.22502446841222
3756	43.44749629433179
3757	43.155028327889546
3758	43.23698992956517
3759	43.56414905741871
3760	43.56357330649971
3761	43.138182250702506
3762	43.48202440791255
3763	43.63277564656996
3764	43.50098194600127
3765	42.88190491370281
3766	42.999358257015594
3767	43.58384507846391
3768	42.63104747202127
3769	43.54626525231807
3770	44.06315808589956
3771	43.21322142668586
3772	43.41809757235195
3773	43.98848704623293
3774	43.41271157325559
3775	44.19977094560893
3776	42.64248583525371
3777	43.69213329763185
3778	43.47144908461215
3779	43.016782500717966
3780	43.543592569719976
3781	42.41097651385009
3782	43.42569723585837
3783	42.95817472663461
3784	42.56431052529201
3785	44.021182886970564
3786	43.7085847763335
3787	42.66635167079622
3788	43.25942145085982
3789	44.03382178110053
3790	42.817444867005584
3791	44.195058126750034
3792	43.446231447346854
3793	43.58055278084512
3794	43.750008678980265
3795	43.42970863539637
3796	45.341082474470106
3797	44.16179390204928
3798	44.12415272485516
3799	43.63428916715845
3800	44.124265485235966
3801	42.924153885577546
3802	44.06238834987704
3803	44.188088593853905
3804	44.79506989052944
3805	43.67780308811115
3806	44.40307640645537
3807	44.28925051902487
3808	44.39912727587477
3809	45.20148200861704
3810	45.273003607704396
3811	44.81324369908874
3812	45.20229936850486
3813	45.532457485951554
3814	45.025200883678345
3815	44.90815086551617
3816	45.255790207707605
3817	44.518729464780286
3818	44.93991662544312
3819	44.21784874622616
3820	44.42711037377076
3821	44.739720403195335
3822	44.85695046230618
3823	44.93134677705642
3824	45.25069220617329
3825	44.94032678344346
3826	44.47189048863946
3827	45.52340868311628
3828	45.15901572477325
3829	45.31216899544585
3830	45.138161718161875
3831	44.89234311565782
3832	44.93153399097028
3833	46.087004184542444
3834	46.13538118440249
3835	44.32056749341638
3836	45.11959700777849
3837	45.065349897852684
3838	44.725694501669714
3839	45.46964826782893
3840	45.79774746999663
3841	45.04919731454764
3842	45.28195727593648
3843	45.07704137895178
3844	44.959189325947044
3845	44.42715076289502
3846	44.13100745894517
3847	45.260398225836646
3848	44.53265616703429
3849	44.64019133759935
3850	44.741729513463135
3851	45.4417635186653
3852	44.82334924973148
3853	45.112874397961214
3854	45.98808853069249
3855	45.00212202398786
3856	45.010528726615455
3857	44.89668426808136
3858	45.44320606626945
3859	45.11471548659069
3860	44.85875952649419
3861	44.58449001603044
3862	45.062361636719956
3863	45.21693245417158
3864	44.91387917268005
3865	44.74840632725548
3866	44.20040964870865
3867	45.02817189631158
3868	44.69821100042171
3869	45.459026085409796
3870	44.640717369324555
3871	45.54477552522839
3872	45.416718834681824
3873	44.939145857936815
3874	44.53765050403028
3875	44.87806685644294
3876	44.95542345424424
3877	45.05768607910263
3878	44.21522871892755
3879	44.616130727494095
3880	44.52853849800142
3881	44.41609198969928
3882	43.97826615249252
3883	44.35108856440675
3884	44.356720834460525
3885	45.2617225167666
3886	45.72346161703208
3887	45.003665700801946
3888	44.07017290509292
3889	44.82359726003124
3890	45.09085733812165
3891	44.319090106762474
3892	44.40918658113342
3893	44.47069578612459
3894	44.96060110026236
3895	44.623863202718326
3896	44.78863894618904
3897	44.65696306514763
3898	44.30929072386438
3899	44.65814648381767
3900	44.76935070695951
3901	44.58766998108223
3902	44.89635887695949
3903	44.44190543719986
3904	43.99031042596518
3905	44.521833504880696
3906	45.307657211698384
3907	45.4388558807492
3908	45.20256103262682
3909	44.4121148599576
3910	44.95924355691799
3911	44.59808286634054
3912	44.307902400608874
3913	43.98438236064726
3914	44.87472302402121
3915	44.712079498339115
3916	44.73027342950789
3917	44.92672534687813
3918	43.804159791515744
3919	43.14767797433874
3920	43.95502716159099
3921	44.743494150983516
3922	45.17832664215425
3923	44.32791349888133
3924	45.1793985082557
3925	45.01138757567795
3926	46.56449766459224
3927	44.600166676754874
3928	44.58092817459769
3929	44.49044256790295
3930	45.9308108584651
3931	44.709553379296075
3932	43.58190069764372
3933	44.335739540207655
3934	45.5532488003237
3935	44.590846691838706
3936	45.1545427879769
3937	45.445476412597046
3938	44.84732797635126
3939	44.471723684141004
3940	44.53169255436988
3941	45.21382651318927
3942	44.857030189865945
3943	44.40579776275368
3944	45.170657934991176
3945	44.94982099565693
3946	43.97592555015695
3947	43.603337938779404
3948	45.719457473733605
3949	44.20347359189861
3950	44.1552386345903
3951	44.468983913699105
3952	45.440399817440756
3953	44.709049132701885
3954	44.76974931370176
3955	44.392419964451136
3956	45.0958474581311
3957	44.2941290584018
3958	44.60028270906722
3959	44.73456002143285
3960	45.315962043830616
3961	44.3276882314058
3962	45.6512469694232
3963	45.08309502116276
3964	45.020442342352
3965	43.999666302953386
3966	44.29754521415889
3967	44.385306061047594
3968	44.303658037532614
3969	44.52115630279053
3970	44.82153468983196
3971	43.555296646532454
3972	43.773036369539625
3973	44.35415635304394
3974	45.21704440980018
3975	43.80911792277379
3976	44.29789458014057
3977	44.9290187950694
3978	44.773258901709355
3979	45.04191989408749
3980	44.06222515391381
3981	44.7563945061721
3982	43.89844600871963
3983	43.357349752617175
3984	44.54280536040529
3985	44.278588190415505
3986	43.710449587053915
3987	43.553409862028374
3988	44.814770758198456
3989	44.47867543796952
3990	44.714136070712875
3991	44.685446882740685
3992	44.26862466687489
3993	44.504884642444466
3994	44.80523830960301
3995	43.90786021924472
3996	44.79604203628465
3997	45.02649954993754
3998	44.60840581971285
3999	45.22818443406019
4000	43.448412255769284
4001	43.341259226451186
4002	43.662184627656444
