#Correlation Values: Nind=188.371, Tcorr=5.309
#Simlength:1000ns, MaxBlockSize:100.0ns
0.03 0.03342904572019407
0.05 0.04703304227227307
0.08 0.057407778782183026
0.1 0.06609037716891965
0.12 0.07369795358915956
0.15 0.08052985813150686
0.18 0.08675306557651273
0.2 0.09253670898009955
0.23 0.09795708125405907
0.25 0.1029642691849369
0.28 0.10777420723724415
0.3 0.1122756170041945
0.33 0.11665175780660467
0.35 0.12078099666830155
0.38 0.12482366193784694
0.4 0.1285260512542076
0.43 0.13219501287288146
0.45 0.1357451805761068
0.48 0.139210746985634
0.5 0.14257305360166334
0.53 0.14584693715265734
0.55 0.1489135643214683
0.58 0.15196245963473018
0.6 0.15492123281587852
0.62 0.15802759425189292
0.65 0.16082900866755878
0.68 0.16324101621175535
0.7 0.1658925651409324
0.73 0.16865801012352466
0.75 0.17115772895365275
0.78 0.1737656111468526
0.8 0.17628030405748069
0.83 0.17856142546912013
0.85 0.18080788073125986
0.88 0.1832893245609837
0.9 0.18528328724109622
0.93 0.18741543665222224
0.95 0.1898048686220667
0.98 0.19189144774080222
1.0 0.19405721255242753
1.03 0.19639182743221056
1.05 0.1983833670303423
1.07 0.20044551745688308
1.1 0.202364056693271
1.12 0.20478992037629676
1.15 0.20593382409662508
1.18 0.20792934336591248
1.2 0.20940568840443377
1.23 0.21165994180938177
1.25 0.2131286401374522
1.28 0.2148798626735886
1.3 0.21704924290858152
1.33 0.21787005167759638
1.35 0.22022368360028963
1.38 0.22168346473578107
1.4 0.2235941604807213
1.43 0.22503208640966105
1.45 0.2264137885429185
1.48 0.22795048830233858
1.5 0.2285529807765031
1.53 0.23171736019234873
1.55 0.23323602301190408
1.58 0.23376963047358942
1.6 0.23499236592639033
1.62 0.2376381231701715
1.65 0.23922817120660983
1.68 0.24055838721418263
1.7 0.23994653865629598
1.73 0.24215584920596891
1.75 0.2442669328090766
1.78 0.24631191528381313
1.8 0.24607972303759287
1.83 0.24713521833914284
1.85 0.24929933855589126
1.88 0.25026817133570795
1.9 0.25386500309115784
1.93 0.2542706722102555
1.95 0.2525960737495696
1.98 0.2558137866982465
2.0 0.258253731766687
2.02 0.25919531916455457
2.05 0.260450223938807
2.08 0.2626043445652306
2.1 0.26202905635950496
2.12 0.2642906086065626
2.15 0.2652602790012968
2.18 0.2649556030764997
2.2 0.26924429278226897
2.23 0.2685162273900962
2.25 0.2708406338892213
2.27 0.27009580873677996
2.3 0.2714320791116355
2.33 0.2729445143071479
2.35 0.27606164325866556
2.38 0.27608767173034987
2.4 0.27749137259177004
2.43 0.27661739898165066
2.45 0.2782199489983853
2.48 0.2784387665993289
2.5 0.2801933043311846
2.53 0.2794753287342918
2.55 0.2815551797926579
2.58 0.28209365569363487
2.6 0.28523246306680755
2.62 0.284963390559382
2.65 0.28515980676908836
2.68 0.28819570057587246
2.7 0.2895589037600197
2.73 0.2899874093252461
2.75 0.289871704262439
2.78 0.2930681372483491
2.8 0.294094413759713
2.83 0.29199445174789346
2.85 0.2953609154006269
2.88 0.2952360721100843
2.9 0.2955166200427474
2.93 0.2970548426821121
2.95 0.2950992972775627
2.98 0.2994189107271746
3.0 0.30098026986414045
3.03 0.3009334582891863
3.05 0.29863893237815375
3.08 0.300112274480177
3.1 0.3049915962804546
3.12 0.30212354253902307
3.15 0.3046547829951037
3.18 0.3063897828291623
3.2 0.3062282902555166
3.23 0.30709725359931017
3.25 0.30872900171294504
3.28 0.3074062884729261
3.3 0.3104986052089365
3.33 0.31147404568580606
3.35 0.31149861969477405
3.38 0.3120301019848963
3.4 0.31168890479919215
3.43 0.3141700314001582
3.45 0.3146689402536527
3.48 0.3172402329981243
3.5 0.3179034165240466
3.53 0.3154331661843301
3.55 0.31926920956833493
3.58 0.3188367840371358
3.6 0.3208189561563997
3.62 0.32123444841083865
3.65 0.320131063812276
3.68 0.31935394467735284
3.7 0.32595724388587727
3.73 0.32582443955442286
3.75 0.32645195664823645
3.78 0.3232765729151033
3.8 0.3237948775393744
3.83 0.327236638065354
3.85 0.3292087555224472
3.88 0.3315131299149255
3.9 0.3270722117013264
3.93 0.32785225826230446
3.95 0.3313861303030076
3.98 0.3296374552365014
4.0 0.3341153832268354
4.03 0.3346675450147655
4.05 0.3301308607394794
4.08 0.3333616406756088
4.1 0.33686383899088346
4.12 0.3355985676841467
4.15 0.33447090788160705
4.17 0.33407570092938244
4.2 0.3364509970287068
4.23 0.3374904824272487
4.25 0.3393070046035083
4.28 0.33747031569603947
4.3 0.3369088921907337
4.33 0.3393386935212766
4.35 0.33931343853989954
4.38 0.33861261952783145
4.4 0.343411789503303
4.42 0.34569043194546556
4.45 0.3472262980244536
4.48 0.34539479540989587
4.5 0.34726774205672145
4.53 0.34809596626425715
4.55 0.3482801436523099
4.58 0.34478698613069597
4.6 0.34888975816417317
4.62 0.34570556767603927
4.65 0.3528053253215544
4.67 0.3524163292711572
4.7 0.3538679840179449
4.73 0.3486366290638309
4.75 0.35033332906977643
4.78 0.3466894600425496
4.8 0.353384577963993
4.83 0.3547086444266124
4.85 0.3508365149791597
4.88 0.35910555824608503
4.9 0.35857777363561055
4.93 0.35742738599545687
4.95 0.35546731378382707
4.98 0.35331991001432844
5.0 0.35174991171890985
5.03 0.3567962945213846
5.05 0.35835021267870104
5.08 0.3607422724312299
5.1 0.35888423570230193
5.12 0.35930128375046316
5.15 0.362801050418807
5.18 0.3630184309451974
5.2 0.3591709092364575
5.23 0.3651765401662216
5.25 0.35977795995811157
5.28 0.35818751298009266
5.3 0.3644397074846737
5.33 0.3682141002793547
5.35 0.3682451723311237
5.38 0.36356365958959164
5.4 0.36773320401858933
5.43 0.3663765682907454
5.45 0.369679988696277
5.48 0.3625735571039867
5.5 0.3719075509979414
5.53 0.3638745356474096
5.55 0.37007540656208665
5.58 0.372191738242276
5.6 0.3744640894831367
5.62 0.3766741029899425
5.65 0.37199900346033293
5.68 0.36886024931290207
5.7 0.3736291172013451
5.73 0.3762876437235932
5.75 0.3740891687373682
5.78 0.3731738384933306
5.8 0.3715985371365423
5.83 0.3767845711073036
5.85 0.3723759874184554
5.88 0.3757017171806208
5.9 0.37748676629592853
5.93 0.3774285279170821
5.95 0.38829480770769487
5.98 0.37467701117682345
6.0 0.3788961101473096
6.03 0.38075802880961745
6.05 0.38089902932798386
6.08 0.38154253849677283
6.1 0.37438510556064947
6.12 0.3787469710687698
6.15 0.37550679002561094
6.18 0.38686260728711486
6.2 0.38609287914376383
6.23 0.3864282445923045
6.25 0.38194443671170736
6.28 0.37858713644734754
6.3 0.3973255100345177
6.33 0.38677184452295305
6.35 0.3847110757155123
6.38 0.3936899061635143
6.4 0.3912483565645236
6.43 0.3876036697872977
6.45 0.3899905911270609
6.48 0.37954137910777425
6.5 0.38743927058076527
6.53 0.37420870282938984
6.55 0.3874473369997879
6.58 0.3884502403777856
6.6 0.3967550902074415
6.62 0.3920046176283743
6.65 0.3823020575029664
6.68 0.3974813472636249
6.7 0.3886094893536581
6.73 0.39927852395774666
6.75 0.3871741736842786
6.78 0.4046147184530846
6.8 0.3839004868042275
6.83 0.39663348750635474
6.85 0.3893679359432614
6.88 0.3965338445461129
6.9 0.3962265578015837
6.93 0.3900950240300726
6.95 0.3935717625562295
6.98 0.3900179342490123
7.0 0.40974671867522844
7.03 0.40028705805617176
7.05 0.4074475061258593
7.08 0.388810512053705
7.1 0.39838551526665966
7.12 0.4076432656929211
7.15 0.3938517002935384
7.18 0.40001548971665796
7.2 0.40552665314754416
7.23 0.4021346867190247
7.25 0.40158737096948965
7.28 0.39657479952167035
7.3 0.39423159463815666
7.33 0.3993522460544293
7.35 0.3941237435466057
7.38 0.41173356595758587
7.4 0.39921069759342914
7.43 0.40112038996536914
7.45 0.4010076447292603
7.48 0.4006061204577065
7.5 0.40698181974818226
7.53 0.40389332639427106
7.55 0.40947004720311503
7.58 0.4012432311710908
7.6 0.40264078867833797
7.62 0.4049282981514302
7.65 0.407524827773776
7.68 0.4093046905725693
7.7 0.4179465777536478
7.73 0.4136417051561034
7.75 0.4174641569971852
7.78 0.418508512510472
7.8 0.4043524963563804
7.83 0.4088927123499523
7.85 0.4034622420450404
7.88 0.39510642648402794
7.9 0.41573301738347324
7.93 0.4080324769965192
7.95 0.40845337747320776
7.98 0.4153876024794691
8.0 0.40653311598019143
8.03 0.41290397596691797
8.05 0.4145114601466767
8.08 0.41006493974607405
8.1 0.4163668154569909
8.12 0.41526381523815525
8.15 0.41343330711331266
8.18 0.41242180584495186
8.2 0.40674505309497383
8.22 0.4068342932167432
8.25 0.41018551237271283
8.28 0.4214711834607701
8.3 0.426793181538477
8.33 0.4167975009606146
8.35 0.41858778630252225
8.38 0.4187208117725556
8.4 0.4222342342767709
8.43 0.42292136598081204
8.45 0.4140405898193365
8.47 0.4014899541358028
8.5 0.41429578061222816
8.53 0.42052514133238644
8.55 0.4070336376640339
8.58 0.4195780171432214
8.6 0.4217195954919347
8.62 0.42237626447037196
8.65 0.4188365596446321
8.68 0.4202974937354079
8.7 0.42082399718920116
8.72 0.4139832307411789
8.75 0.410434449410489
8.78 0.4194191377466058
8.8 0.4218252867851543
8.83 0.4145498111633819
8.85 0.4260145671718462
8.88 0.4337913344987783
8.9 0.433829411386635
8.93 0.4275355750184825
8.95 0.4371898517091284
8.97 0.44128934542994114
9.0 0.4350770748286503
9.03 0.4241946800959397
9.05 0.4269878016194293
9.08 0.4204889706128781
9.1 0.4201298467789907
9.12 0.4243765043929306
9.15 0.4279273739579424
9.18 0.42833802618918815
9.2 0.4270056552021677
9.22 0.43006834604361305
9.25 0.42732543068315076
9.28 0.42333225242938843
9.3 0.4238736867082431
9.33 0.4234724905376548
9.35 0.4244823636320658
9.38 0.4331829272966983
9.4 0.4213465468763291
9.43 0.41411784426510856
9.45 0.4196525702501303
9.47 0.44078286577625686
9.5 0.4310036373061421
9.53 0.4225721690151214
9.55 0.4247534754964057
9.58 0.4340571665237268
9.6 0.43430027068825305
9.62 0.4219273979162725
9.65 0.4199246194992221
9.68 0.4343039968496538
9.7 0.435303738681183
9.73 0.4388907206534047
9.75 0.44874642500529344
9.78 0.45303397364512493
9.8 0.4535098990779328
9.83 0.44574399702356565
9.85 0.44407736999736697
9.88 0.4362063069554112
9.9 0.4374146165486714
9.93 0.42588519601101493
9.95 0.42451822998754524
9.98 0.4224021223168868
10.0 0.4269663708331759
10.03 0.441278354002869
10.05 0.4413469856576352
10.08 0.43122064596538123
10.1 0.431823016649611
10.12 0.44076951502315714
10.15 0.44806384706750535
10.18 0.4294908825745527
10.2 0.41670657696377944
10.23 0.42551653134351414
10.25 0.44431497068792486
10.28 0.4512904101428228
10.3 0.4398748097050028
10.33 0.4201542553717791
10.35 0.4303900522683196
10.38 0.4369253546619048
10.4 0.4325911228131994
10.43 0.42507006399126196
10.45 0.43241449095964524
10.48 0.4390223638155237
10.5 0.44212605899487806
10.53 0.4418245428662181
10.55 0.43168117237344317
10.58 0.43878092409321734
10.6 0.4428337030109933
10.62 0.4483387007663229
10.65 0.4504334336319238
10.68 0.4503434301815092
10.7 0.4554848819501606
10.73 0.4499707276322492
10.75 0.4495758196768509
10.78 0.45820066611055693
10.8 0.4626828171996583
10.83 0.4635512191177403
10.85 0.4526073439593206
10.88 0.44514787923213484
10.9 0.44612202453594324
10.93 0.44754512916104056
10.95 0.43963032645730293
10.98 0.4312284747431425
11.0 0.42649845220232896
11.03 0.4330346454115175
11.05 0.4468471756212135
11.08 0.4468773292174985
11.1 0.4437584116296609
11.12 0.43608594290992486
11.15 0.4486927488828634
11.18 0.46527696180657496
11.2 0.4664153553021524
11.23 0.45727941420546253
11.25 0.44667150397608263
11.28 0.44104615237951095
11.3 0.44397561284812037
11.33 0.44775804047061163
11.35 0.4449927047131723
11.38 0.43472090288418463
11.4 0.4360939090248375
11.43 0.43880155439977525
11.45 0.4355327883388236
11.48 0.42920590252124236
11.5 0.4272720519083483
11.53 0.4260009033710908
11.55 0.447578468865843
11.58 0.4578938417395772
11.6 0.45758038497562953
11.62 0.457563354611812
11.65 0.4549261072987302
11.68 0.45694554601422166
11.7 0.4665509532515008
11.73 0.46965403722920246
11.75 0.4697874159270546
11.78 0.4568213346259925
11.8 0.46020239770261495
11.83 0.4719370765955274
11.85 0.468890575468055
11.88 0.45800098445967374
11.9 0.45432570104909814
11.93 0.4397527318875824
11.95 0.4432028840644255
11.98 0.45741770531415593
12.0 0.46958622835774794
12.03 0.46723374294752773
12.05 0.461647249084129
12.08 0.44851996900048624
12.1 0.44380283655181463
12.12 0.44618342033466624
12.15 0.45392676410676963
12.18 0.44768732945700307
12.2 0.4423967555031412
12.23 0.43199991047642844
12.25 0.43573956193161584
12.28 0.44328950206698164
12.3 0.45150381225935415
12.33 0.45912092385244446
12.35 0.45880431321489634
12.38 0.4493720120038166
12.4 0.45369464237117607
12.43 0.46256566826642836
12.45 0.4699706786030295
12.48 0.4704384825520461
12.5 0.4696829878425772
12.53 0.46405637375531217
12.55 0.4584861277847522
12.58 0.4586241036081367
12.6 0.4583560925973099
12.62 0.4594890037703362
12.65 0.4606453507472707
12.68 0.4512151873310751
12.7 0.4548478305916699
12.73 0.45427422859181993
12.75 0.45668854823932253
12.78 0.4557564103829399
12.8 0.45545151003772943
12.83 0.45225642831498436
12.85 0.4460617106461367
12.88 0.44881894813978973
12.9 0.455097365785678
12.93 0.45135368502304035
12.95 0.44918727542054143
12.98 0.4542097082720083
13.0 0.45030050778524017
13.03 0.4533308134191484
13.05 0.46030399572474673
13.08 0.4741874370195894
13.1 0.47749098480435664
13.12 0.47344519670118895
13.15 0.4730558671573794
13.18 0.4671814531242642
13.2 0.4778173089437704
13.23 0.48118285374152775
13.25 0.4830575250159824
13.28 0.47922378231613416
13.3 0.4696172262153029
13.33 0.4622240378381295
13.35 0.4482912716124652
13.38 0.44606193708283975
13.4 0.45333639943547227
13.43 0.47090128355128585
13.45 0.4801683107413466
13.48 0.483473862059353
13.5 0.4900522950148728
13.53 0.4816675153532934
13.55 0.47463173344700105
13.58 0.46356548782426316
13.6 0.46367194139747686
13.62 0.4685285475300688
13.65 0.4695873657984953
13.68 0.4721885956387543
13.7 0.4756312399366833
13.73 0.4702193033224672
13.75 0.4696592701634964
13.78 0.46816722500420066
13.8 0.4693311514264971
13.83 0.47058707218221496
13.85 0.4668268698233278
13.88 0.466864912154803
13.9 0.45139982381234145
13.93 0.45153448720020367
13.95 0.4531625468624929
13.98 0.46456893637928715
14.0 0.47124277423915095
14.03 0.46814727735230166
14.05 0.46728530067663904
14.08 0.47108856489824813
14.1 0.46388266281897045
14.12 0.4711013724061593
14.15 0.4702305515901508
14.18 0.462572143601099
14.2 0.4676148325935102
14.23 0.46527269550939354
14.25 0.4606795521428394
14.28 0.4589055300545137
14.3 0.4508123803170995
14.33 0.4553294821581577
14.35 0.46297893932957257
14.38 0.46857868017193965
14.4 0.47742634384054333
14.43 0.48348035442907705
14.45 0.4699157975646142
14.48 0.46340496755711696
14.5 0.4591213164461263
14.53 0.4422933581310966
14.55 0.44468899235773884
14.58 0.44618900448013304
14.6 0.45612190558971544
14.62 0.46703216323172997
14.65 0.4696773222990165
14.68 0.4752359772287536
14.7 0.4757744120307527
14.73 0.4704912486386521
14.75 0.47760390943781744
14.78 0.481576632803515
14.8 0.479089254545415
14.83 0.4810590258322855
14.85 0.48468162159928435
14.88 0.48571230837588236
14.9 0.4834075346536807
14.93 0.488546632380298
14.95 0.48419429666655694
14.98 0.4857161396404696
15.0 0.4930515102838121
15.03 0.4977050072816551
15.05 0.5055061456493399
15.08 0.5068995090233361
15.1 0.4996928666889068
15.12 0.4907127286390029
15.15 0.48414574349937267
15.18 0.46531421306943316
15.2 0.46061961795726597
15.23 0.4620611288508628
15.25 0.4630845806234252
15.28 0.46342316892410507
15.3 0.4704615920957239
15.33 0.47624220245766397
15.35 0.4786904209806639
15.38 0.4784632857916823
15.4 0.47291426440959733
15.43 0.46996386115906547
15.45 0.4674324879763967
15.48 0.4743143388839233
15.5 0.4806110731237412
15.53 0.48365758447870144
15.55 0.4795738688524382
15.58 0.4657333674308952
15.6 0.4627346252986739
15.62 0.4641149632816036
15.65 0.46121325591174295
15.68 0.46762340166759214
15.7 0.46947512294360577
15.73 0.4718224527394343
15.75 0.4785118823462318
15.78 0.4906856700848154
15.8 0.4981518995026175
15.83 0.4953151774121145
15.85 0.49750959731830985
15.88 0.4984195343652519
15.9 0.49037316655937163
15.93 0.4899839011221874
15.95 0.4902678218736493
15.98 0.4921148812623052
16.0 0.492480393975047
16.03 0.49788780821201817
16.05 0.502514609973838
16.07 0.4979035992841049
16.1 0.4877862341338558
16.12 0.4844441671674679
16.15 0.4719714715364014
16.18 0.4692262147875138
16.2 0.4649070747959506
16.23 0.46391306635073004
16.25 0.4649464399408619
16.28 0.4694215289531732
16.3 0.4768898505498763
16.32 0.4789623114583383
16.35 0.4768744849495288
16.38 0.47229503116629457
16.4 0.46764243956420204
16.43 0.4593339332063278
16.45 0.45683416131257815
16.48 0.4607953750514009
16.5 0.47037187572576555
16.53 0.47718314179297006
16.55 0.4806204660544285
16.57 0.48567840055353173
16.6 0.4883070072918837
16.62 0.48617002106454527
16.65 0.4821345952830468
16.68 0.4810774769749293
16.7 0.4692749449448933
16.73 0.4603289059877127
16.75 0.4581399039624973
16.78 0.46052533015252417
16.8 0.46050921653650134
16.82 0.4638897462971116
16.85 0.47414422394207434
16.88 0.4789884234607877
16.9 0.4775440908553877
16.93 0.4802593415014218
16.95 0.4820409358581533
16.98 0.48243529862287365
17.0 0.48388170152289095
17.03 0.4788524058194943
17.05 0.4797098301356448
17.07 0.4819006312805062
17.1 0.4814007412468157
17.12 0.4832261769754183
17.15 0.49123778757550424
17.18 0.49274986244167035
17.2 0.4931607368508916
17.23 0.4954398608241871
17.25 0.4954913871102613
17.28 0.4854900158046957
17.3 0.4940918879896213
17.32 0.5014488344673819
17.35 0.5053998425121564
17.38 0.5068358258533412
17.4 0.506829954274547
17.43 0.5056477977673857
17.45 0.5004296952020131
17.48 0.4926761959245322
17.5 0.4932248296070531
17.53 0.4943485972046037
17.55 0.502191213414277
17.57 0.5029788646294857
17.6 0.5107176984848069
17.62 0.5087531749828178
17.65 0.5046743389613627
17.68 0.5084524269431492
17.7 0.5145516132458147
17.73 0.5174687806322613
17.75 0.5177896542052097
17.78 0.5139900248510078
17.8 0.5045062082673731
17.82 0.5014052393242542
17.85 0.493156748042245
17.88 0.4763524928345426
17.9 0.47347624227974666
17.93 0.4730594729151133
17.95 0.4752746410011218
17.98 0.48279924207250696
18.0 0.48725834020294423
18.03 0.48980816834557667
18.05 0.491598101773563
18.07 0.49412672905084826
18.1 0.4948853983831459
18.12 0.48725854020659404
18.15 0.48568414030990215
18.18 0.4815403545293388
18.2 0.4719547511770051
18.23 0.4707710366234359
18.25 0.46628026619538154
18.28 0.466176759373283
18.3 0.47164028648895817
18.32 0.48656361586921093
18.35 0.4986007308556652
18.38 0.5082028008755498
18.4 0.5165138850439839
18.43 0.5220806181158664
18.45 0.5234901574960575
18.48 0.5226931798562747
18.5 0.525080608596769
18.53 0.5262703501987331
18.55 0.514197003557391
18.57 0.5078292503085003
18.6 0.5020202187262046
18.62 0.4983180905981067
18.65 0.4981995265828479
18.68 0.495395124118874
18.7 0.4959690781437298
18.73 0.49937979498178997
18.75 0.5053117020370577
18.78 0.503114138546412
18.8 0.49780976391907755
18.82 0.49752805518561294
18.85 0.4986001981835128
18.88 0.5034278080534366
18.9 0.49767421215790514
18.93 0.5022462517118089
18.95 0.5049174663307611
18.98 0.49617047296977174
19.0 0.4877252300492521
19.03 0.4835405402015826
19.05 0.48301405653000956
19.07 0.4844484899475748
19.1 0.4889000733148962
19.12 0.4900105785356204
19.15 0.4872391593826565
19.18 0.48549921555553277
19.2 0.478940383984365
19.23 0.4768621669287464
19.25 0.4642572583534321
19.28 0.4635213105443805
19.3 0.4651230969467262
19.33 0.4722925688924812
19.35 0.48083271467594924
19.38 0.4762983518099183
19.4 0.4813499127421737
19.43 0.4865892360189156
19.45 0.4899170630803522
19.48 0.49582324997528304
19.5 0.5026320225939388
19.53 0.49977371253341346
19.55 0.49514318880643704
19.58 0.49943889682834786
19.6 0.5058259846690646
19.62 0.4957869454830548
19.65 0.4962877687744291
19.68 0.49329264073819806
19.7 0.49283790057663096
19.73 0.4913137304679271
19.75 0.4942980152603811
19.78 0.497403020681722
19.8 0.5074300042003003
19.83 0.5104559718685526
19.85 0.5066221130851212
19.88 0.5069333460187067
19.9 0.5071702583494009
19.93 0.5050827305389316
19.95 0.500895214836522
19.98 0.4962135505474909
20.0 0.49818917584138234
20.03 0.48923200901910013
20.05 0.49160791619586863
20.08 0.4908837132269907
20.1 0.4871967451446033
20.12 0.4837557309583227
20.15 0.48518574866601727
20.18 0.486935606623495
20.2 0.4898044486107288
20.23 0.4949496982751871
20.25 0.5029619057382436
20.28 0.5125508109744189
20.3 0.5187667288250654
20.33 0.5124386165621767
20.35 0.499208698678407
20.38 0.4896882706332657
20.4 0.4898422136805775
20.43 0.4814825159332461
20.45 0.491472020196385
20.48 0.49744211341007993
20.5 0.5017993759066313
20.53 0.5046666722884662
20.55 0.5099315633239994
20.58 0.5094333339211738
20.6 0.5074177869888218
20.62 0.5024930749327806
20.65 0.49888425352985505
20.68 0.5061674479378279
20.7 0.5126196952546558
20.73 0.5201883664909425
20.75 0.5195324058362951
20.78 0.5140642198117513
20.8 0.5118848642940176
20.83 0.5069544800617823
20.85 0.49414306786874845
20.88 0.49613382586030974
20.9 0.49587256202827357
20.93 0.5003265369721959
20.95 0.5038979172733565
20.98 0.5115980001660526
21.0 0.5148552424956313
21.03 0.5211008675663623
21.05 0.5249025872191356
21.08 0.5205763982578342
21.1 0.5173470085730623
21.12 0.5239856926251841
21.15 0.5271106141214266
21.18 0.5277849517517317
21.2 0.5207964968076556
21.23 0.5136148413579925
21.25 0.5097908515248145
21.28 0.5054161983896852
21.3 0.49488679299080146
21.33 0.5014706353539896
21.35 0.5084896935494841
21.38 0.5160933231320558
21.4 0.5165565788973714
21.43 0.5112473631633399
21.45 0.5032310484469957
21.48 0.5021376643077277
21.5 0.5051864894301812
21.53 0.5152597267924754
21.55 0.5224571544269562
21.58 0.526525564526763
21.6 0.5305713035577655
21.62 0.5313582498965163
21.65 0.5286467831236127
21.68 0.519631860876776
21.7 0.5109268983686873
21.73 0.5042124461042666
21.75 0.49504364405664303
21.78 0.47556940816005566
21.8 0.4736955872302641
21.83 0.47459043412365026
21.85 0.4743784287122476
21.88 0.48043796811058354
21.9 0.4868180891410115
21.93 0.49043487925499996
21.95 0.4932122242660686
21.98 0.4958669676026425
22.0 0.501787212460089
22.03 0.504893178931805
22.05 0.5083777388484196
22.08 0.515648166264102
22.1 0.5263169336633534
22.12 0.5324341445221753
22.15 0.5312212270677491
22.18 0.526438341877364
22.2 0.5200368930815297
22.23 0.5136529783961374
22.25 0.4972149401473966
22.28 0.4940912383919726
22.3 0.4992275719041895
22.33 0.5067023576387152
22.35 0.5114382180501714
22.38 0.5184819958220714
22.4 0.5212289796726173
22.43 0.5184413797428887
22.45 0.5199224133649508
22.48 0.5262599347860185
22.5 0.5318303264638551
22.53 0.5333149092968096
22.55 0.5355570226058641
22.58 0.539713808866948
22.6 0.5417368725463018
22.62 0.5439143932402435
22.65 0.5444374856686038
22.68 0.5354950568393201
22.7 0.5253248413626836
22.73 0.5161969436068701
22.75 0.4981727158165601
22.78 0.4966050807956481
22.8 0.48889479354032084
22.83 0.4869572654871989
22.85 0.4821083045427548
22.88 0.4758462728506087
22.9 0.47384860979183047
22.93 0.47419790361557096
22.95 0.4733255406617928
22.98 0.47528427398096024
23.0 0.48129444982791925
23.03 0.48591916596257667
23.05 0.4914178975353664
23.08 0.5019857682365042
23.1 0.5120905647881587
23.12 0.522019277776041
23.15 0.5225276438036907
23.18 0.5193837702782603
23.2 0.5137669793159972
23.23 0.5056855009980876
23.25 0.4999758448073975
23.28 0.47751364991569545
23.3 0.4755680136219416
23.33 0.4702377789589069
23.35 0.456229672349216
23.38 0.4538526759757669
23.4 0.45260532754111343
23.43 0.4513884439560712
23.45 0.4508687066053699
23.48 0.4513530012782102
23.5 0.4486865845906788
23.53 0.44971376280901765
23.55 0.451003556785999
23.58 0.45555571043242743
23.6 0.46345066314383176
23.62 0.47608615700064216
23.65 0.4858462292627566
23.68 0.4943958227453131
23.7 0.4992563826357836
23.73 0.49357813597846417
23.75 0.4921654916447663
23.78 0.49462188865788087
23.8 0.49719480391242377
23.83 0.4768104205300601
23.85 0.4779816638329463
23.88 0.48113772723197473
23.9 0.48372971544648236
23.93 0.485489551014175
23.95 0.49356369636623704
23.98 0.5005429662345103
24.0 0.5019315970538464
24.03 0.5033959310034786
24.05 0.5056069314553705
24.08 0.5059619761802605
24.1 0.5107845282570134
24.12 0.5184842376830326
24.15 0.5235041515776839
24.18 0.5241205349940858
24.2 0.5297086532195462
24.23 0.5370229577762858
24.25 0.5458130043637484
24.28 0.5528198661846184
24.3 0.5593487655925462
24.33 0.5597061565778141
24.35 0.5587501939696718
24.38 0.5601643810203375
24.4 0.5552343084861349
24.43 0.5361269351497084
24.45 0.5384104540716035
24.48 0.5422916981488836
24.5 0.5414372783548499
24.53 0.5433427366321564
24.55 0.5411339470889238
24.58 0.538232584635964
24.6 0.5358501559789747
24.62 0.5345631863823517
24.65 0.5328685280651521
24.68 0.5330315909714465
24.7 0.5380998230093722
24.73 0.5401744124614759
24.75 0.5464874286720203
24.78 0.5508752457181738
24.8 0.5526173203417145
24.83 0.5570793079660422
24.85 0.5661905559638741
24.88 0.5739393029367837
24.9 0.576518446494741
24.93 0.5758169610128211
24.95 0.5724877638951671
24.98 0.5685352516539524
25.0 0.563010203793023
25.03 0.5361476365855073
25.05 0.5336648752776628
25.08 0.5251094276284703
25.1 0.5144697361722275
25.12 0.5041353974383589
25.15 0.49652087855734384
25.18 0.49412778008235536
25.2 0.48963740858456767
25.23 0.4869861564848957
25.25 0.4825383159167292
25.28 0.48048934487950273
25.3 0.4743560636637046
25.33 0.4694749966991146
25.35 0.4680638728913712
25.38 0.4703547784408008
25.4 0.46999563680551826
25.43 0.47120893692905713
25.45 0.474850667589541
25.48 0.48389451402680156
25.5 0.49258722266925675
25.53 0.5005570083913173
25.55 0.5054029163400144
25.58 0.5080328143259946
25.6 0.5060329109514994
25.62 0.5053830169754734
25.65 0.5032547696090293
25.68 0.4772658374853325
25.7 0.48531268079516493
25.73 0.4904528396174525
25.75 0.4929800369808885
25.78 0.4951202435840857
25.8 0.4937399304029982
25.83 0.49311827951741083
25.85 0.49364568982465024
25.88 0.48847863705107725
25.9 0.48271240270024207
25.93 0.4774939051247559
25.95 0.47590899638331385
25.98 0.47794318639390815
26.0 0.48369663899147786
26.03 0.4879906649877789
26.05 0.4962940193639511
26.08 0.5039356297105991
26.1 0.5102680528855389
26.12 0.5163220501211606
26.15 0.5230892608157419
26.18 0.5258623974360707
26.2 0.5251763639080896
26.23 0.5263330636656077
26.25 0.5291478100505546
26.28 0.5329486817440235
26.3 0.5363326085373485
26.33 0.5434646734152785
26.35 0.5242352076540652
26.38 0.5343378901574708
26.4 0.5497333711565214
26.43 0.5561521331191661
26.45 0.559906633966778
26.48 0.5578118721104103
26.5 0.5581588601065465
26.53 0.5604485755929225
26.55 0.5585681974834998
26.58 0.5566250500345226
26.6 0.5492395304024077
26.62 0.5423685210329704
26.65 0.5361399296747973
26.68 0.5305477691962167
26.7 0.5292296320910987
26.73 0.5287837174479625
26.75 0.5292418213437752
26.78 0.5270237918374396
26.8 0.5237868504112336
26.83 0.5263923663619726
26.85 0.5341230287724872
26.88 0.5408331354595391
26.9 0.5464135371995211
26.93 0.5467697078774978
26.95 0.5503653242472792
26.98 0.5532479594510903
27.0 0.5541081699683695
27.03 0.5513270934463319
27.05 0.5237864441434786
27.08 0.5259770340801764
27.1 0.5253599652441089
27.12 0.5233174808792084
27.15 0.5251622647313804
27.18 0.5263025788614063
27.2 0.5244728805617879
27.23 0.5216244931084403
27.25 0.5217044050859555
27.28 0.5242896019503234
27.3 0.5247506094530677
27.33 0.5259349731897045
27.35 0.5233215567992373
27.38 0.5209022690025348
27.4 0.5205429879738808
27.43 0.5161734073293359
27.45 0.5150248235294023
27.48 0.5145634413626999
27.5 0.513219839520833
27.53 0.5096606972468519
27.55 0.5068964333775404
27.58 0.5080576011525628
27.6 0.5099713621299501
27.62 0.5115680000097914
27.65 0.5123185725198712
27.68 0.5098857151588031
27.7 0.5059091677504522
27.73 0.5033587274371781
27.75 0.5022566752990054
27.78 0.5004034933693066
27.8 0.4633945092492477
27.83 0.45816209146623377
27.85 0.4567885018033723
27.88 0.45780713514016297
27.9 0.4627050814933164
27.93 0.4658534565971863
27.95 0.4690384541226804
27.98 0.4698746163045358
28.0 0.46832170127296374
28.03 0.4700763062935902
28.05 0.47725947411915626
28.08 0.4848605922585653
28.1 0.49273325832572823
28.12 0.49780050691789135
28.15 0.49724970178172073
28.18 0.4995389441570835
28.2 0.4989432703692096
28.23 0.5016811937689161
28.25 0.5047998976808328
28.28 0.5098560264788978
28.3 0.5158934938801635
28.33 0.5194049335153168
28.35 0.5221039241009942
28.38 0.5268427999114509
28.4 0.5351616198649677
28.43 0.5428776446170265
28.45 0.5459806132747118
28.48 0.5457626920762144
28.5 0.5460017548603363
28.53 0.5457650241758556
28.55 0.5432350402112582
28.58 0.5459528918233298
28.6 0.520362593229035
28.62 0.5225217909632169
28.65 0.5241166389867034
28.68 0.5293265210634066
28.7 0.534014667602564
28.73 0.5362521916377875
28.75 0.5358320446058491
28.78 0.5323811456115998
28.8 0.5343009004085894
28.83 0.5331033187388925
28.85 0.5338132090430072
28.88 0.528991844763009
28.9 0.5234047429509172
28.93 0.5191405978153706
28.95 0.5170094204075755
28.98 0.5135277120338544
29.0 0.5090044994044463
29.03 0.505452268972411
29.05 0.5040719271272205
29.08 0.5061740055904612
29.1 0.5084135229284176
29.12 0.508161121816777
29.15 0.5108385302167187
29.18 0.5158651066323492
29.2 0.5190570814168912
29.23 0.5225238896010629
29.25 0.5250262481514356
29.28 0.5293091277142097
29.3 0.534130186356551
29.33 0.5376505231071146
29.35 0.5395787345219871
29.38 0.5403801505106788
29.4 0.537247592525505
29.43 0.5364449687016069
29.45 0.5063822244420529
29.48 0.5072219632336725
29.5 0.5071037641624817
29.53 0.5057772879210518
29.55 0.5022688490094848
29.58 0.49866286421717226
29.6 0.4954803561098062
29.62 0.49434742420633104
29.65 0.49057841555617127
29.68 0.4864766324299695
29.7 0.4870327913619805
29.73 0.48654755625328816
29.75 0.48692604666755834
29.78 0.47985837633694056
29.8 0.47117705564745604
29.83 0.46480150496637923
29.85 0.46040270339875894
29.88 0.4590213891058037
29.9 0.45819924740563084
29.93 0.45941094907835445
29.95 0.4610417064180333
29.98 0.4651119657216779
30.0 0.47033146220799643
30.03 0.47137693729943975
30.05 0.4748776366911925
30.08 0.479492011600436
30.1 0.48506460684714886
30.12 0.4902948581241231
30.15 0.49204752193482293
30.18 0.4889077816275912
30.2 0.4831217481015454
30.23 0.4785907987786594
30.25 0.4774706791121082
30.28 0.47939559083085115
30.3 0.480039958965154
30.33 0.4473164703509749
30.35 0.450589561006001
30.38 0.45282570523409593
30.4 0.45554836869058346
30.43 0.4594686624067687
30.45 0.46299285252837297
30.48 0.46497868645069224
30.5 0.46770951619562223
30.53 0.46716209041431267
30.55 0.4662425595008573
30.58 0.47222843409062415
30.6 0.4753335667220569
30.62 0.48021835016687375
30.65 0.4885676058824415
30.68 0.49941573872040373
30.7 0.5065851788365461
30.73 0.5121790482862751
30.75 0.5156629411573118
30.78 0.5200840576210035
30.8 0.5259231171335609
30.83 0.5274383284570511
30.85 0.5261170276922893
30.88 0.5236176332592635
30.9 0.5198415480039681
30.93 0.5194221715885663
30.95 0.5178930554764423
30.98 0.5178732935141551
31.0 0.5217021872142658
31.03 0.5294588752339903
31.05 0.534809423191926
31.08 0.5380552696909182
31.1 0.540259991149672
31.12 0.5393105887691747
31.15 0.5418727556862124
31.18 0.542088624494865
31.2 0.541760742609116
31.23 0.5409018940072159
31.25 0.5438051781400997
31.28 0.5206047420443922
31.3 0.5260964920018653
31.33 0.53115256069682
31.35 0.5348441808938081
31.38 0.5363207562852478
31.4 0.5362398733984582
31.43 0.5385608900850335
31.45 0.5442789208462289
31.48 0.5505886802980222
31.5 0.5576419765994757
31.53 0.5645568036640284
31.55 0.5702197172634922
31.58 0.5753075042355864
31.6 0.5768778983909877
31.62 0.5735149668904613
31.65 0.5715467817063069
31.68 0.5748372480246987
31.7 0.5746341157657602
31.73 0.5736353997513777
31.75 0.5675496301903552
31.78 0.5605622048090954
31.8 0.555389109541971
31.83 0.5524015556076107
31.85 0.5534932153203219
31.88 0.5550519010783381
31.9 0.5564215417961235
31.93 0.5569621388133689
31.95 0.5588505225235687
31.98 0.5615113404848922
32.0 0.5645293088605658
32.02 0.5650389856886084
32.05 0.5714565379471249
32.08 0.5771316937076394
32.1 0.5777640812105796
32.12 0.5740622098752414
32.15 0.5669721909837553
32.18 0.5637495066763426
32.2 0.5631305453779036
32.23 0.5640221221116031
32.25 0.5640210992296574
32.27 0.5314644681679617
32.3 0.5399071471384451
32.33 0.5412250352024938
32.35 0.5433005020054968
32.38 0.5435764356400185
32.4 0.5434990354479687
32.43 0.5419508712544102
32.45 0.5417564012766632
32.48 0.5409345440106826
32.5 0.5382730953104417
32.52 0.5363810026507599
32.55 0.5376388146396005
32.58 0.5389484338509493
32.6 0.5422430224072144
32.62 0.5419300982880214
32.65 0.5377130210974024
32.68 0.5371572683384519
32.7 0.5375659016105389
32.73 0.5390379943963702
32.75 0.5412230171901342
32.77 0.5413671083420805
32.8 0.5384088210606579
32.83 0.5374547112146709
32.85 0.5385663645509985
32.88 0.5384839237003867
32.9 0.5356593142477974
32.93 0.5366752902982248
32.95 0.5373731685438146
32.98 0.5397662959552172
33.0 0.5387772783229064
33.02 0.5352316937751862
33.05 0.5329697372574961
33.08 0.5285979144987231
33.1 0.5269501949057912
33.12 0.5285638657120841
33.15 0.5311859865156789
33.18 0.5364912341415394
33.2 0.5357301381046238
33.23 0.5341398823887682
33.25 0.534597105465658
33.27 0.5342290422138327
33.3 0.5311740964838649
33.33 0.5269112870008441
33.35 0.5219130103663712
33.38 0.48560832438083457
33.4 0.47779018887666064
33.43 0.46786746393035605
33.45 0.4566146038548221
33.48 0.45144425068888333
33.5 0.4462440861978737
33.52 0.44105624971862517
33.55 0.43974455944237956
33.58 0.4385812082816352
33.6 0.4376539972187751
33.62 0.43489042183255755
33.65 0.434194218727026
33.68 0.4372199872402744
33.7 0.43872457667705217
33.73 0.43982541969536415
33.75 0.4381700850526885
33.77 0.43555723084869885
33.8 0.4338163639736117
33.83 0.433812608739063
33.85 0.4343691168502415
33.88 0.43107046093656315
33.9 0.42915897092716393
33.93 0.43055156121656146
33.95 0.43492389482343163
33.98 0.4369553192338718
34.0 0.4385666448981535
34.02 0.43918403734450195
34.05 0.44107557472408987
34.08 0.44438568516003446
34.1 0.4455753858974369
34.12 0.4472189172960335
34.15 0.4467883445328015
34.18 0.4445532760063413
34.2 0.4431871377621038
34.23 0.4467970487052085
34.25 0.45425782533890574
34.27 0.45915449879471654
34.3 0.46421002460966587
34.33 0.46569936342465323
34.35 0.47026555499188155
34.38 0.4742973589669115
34.4 0.4761157302341882
34.43 0.4810109217594213
34.45 0.4855238885443734
34.48 0.48941454094546555
34.5 0.4910487758078263
34.52 0.45767221803809144
34.55 0.45945767342310656
34.58 0.4664969866609419
34.6 0.478049777957958
34.62 0.48725287892610397
34.65 0.4958593557560587
34.68 0.49754559652936614
34.7 0.495547739018713
34.73 0.4959755932050586
34.75 0.49509360365839283
34.77 0.49335433856762856
34.8 0.49286421713931844
34.83 0.4918158380701084
34.85 0.4935071398647581
34.88 0.4948965073490822
34.9 0.49368687532532685
34.93 0.4928419467469002
34.95 0.49124682773444545
34.98 0.4905578808503933
35.0 0.4892577140950564
35.02 0.4910162873006383
35.05 0.49331218328494986
35.08 0.49863778060667013
35.1 0.5021784250986215
35.12 0.5036612353644571
35.15 0.5036389928382935
35.18 0.5049916603250937
35.2 0.5101697776415919
35.23 0.5107454403603889
35.25 0.5107354083336315
35.27 0.511263444860788
35.3 0.5113616832823439
35.33 0.5128552408564495
35.35 0.5168746021667022
35.38 0.5207191525672217
35.4 0.5240780134516061
35.43 0.5294048937776145
35.45 0.5323598401656291
35.48 0.5369677240098522
35.5 0.5402716038955859
35.52 0.5429827455350247
35.55 0.5434912723582762
35.58 0.5407326498151714
35.6 0.5417879119527061
35.62 0.5429762279036178
35.65 0.5443864279925666
35.68 0.542696218870714
35.7 0.540881512432134
35.73 0.5409200363288543
35.75 0.5168641278094714
35.77 0.519405054769773
35.8 0.5227983726868707
35.83 0.5261798032837057
35.85 0.5291800616156191
35.88 0.5345080726024574
35.9 0.5418615700037468
35.93 0.5489592262959205
35.95 0.5559992263343567
35.98 0.5612684655013191
36.0 0.5636135593409529
36.02 0.5651962012406359
36.05 0.5700035674008271
36.08 0.5714351480817366
36.1 0.5700459632787637
36.12 0.5709847117129006
36.15 0.5740494201062236
36.18 0.5776361769649244
36.2 0.5791469254776255
36.23 0.5760360750335296
36.25 0.5690206064064605
36.27 0.5628402743271139
36.3 0.5572924721003527
36.33 0.5514577010323634
36.35 0.5486727926015419
36.38 0.5484793471849948
36.4 0.5451061270735835
36.43 0.5430076402692204
36.45 0.5413400782980774
36.48 0.5376480579025047
36.5 0.5332878716136571
36.52 0.5303060360261354
36.55 0.5282760617749062
36.58 0.5256686091928148
36.6 0.5257994159474125
36.62 0.5277607786741959
36.65 0.5289435602896589
36.68 0.5285990341121332
36.7 0.5297664121601073
36.73 0.5325908523723422
36.75 0.5348810732408186
36.77 0.5378174728122083
36.8 0.5398684831320983
36.83 0.5384063570010098
36.85 0.5406523590436937
36.88 0.5392861521637861
36.9 0.5345231597269979
36.93 0.5322355724758594
36.95 0.5278492242101861
36.98 0.5271577739449126
37.0 0.5279481268018738
37.02 0.5297380064240043
37.05 0.5294047729328405
37.08 0.49724813165302156
37.1 0.49068249137399456
37.12 0.48607446224888806
37.15 0.48003304003882524
37.18 0.4775668877451891
37.2 0.47568560433783486
37.23 0.47348107816499835
37.25 0.4714040557681723
37.27 0.4699410057784481
37.3 0.47027580463963636
37.33 0.46986333095381977
37.35 0.46915562668035027
37.38 0.46993701503983365
37.4 0.4734519756186323
37.43 0.4759151467535866
37.45 0.4759332231781882
37.48 0.4785012498051189
37.5 0.48313715107893723
37.52 0.4852974941642727
37.55 0.4857010710779461
37.58 0.48590322808170694
37.6 0.48488408907617286
37.62 0.4873941576703902
37.65 0.4920271593131764
37.68 0.49398942908615084
37.7 0.49436279695979546
37.73 0.49881837369890275
37.75 0.5026826276522232
37.77 0.5066122686258808
37.8 0.5084351867208311
37.83 0.5110612954604352
37.85 0.513984168359821
37.88 0.515832670739266
37.9 0.5206921847010487
37.93 0.5205916159448825
37.95 0.5150886379826234
37.98 0.5087282922261649
38.0 0.5075257205387602
38.02 0.5108215415171752
38.05 0.5119387587073246
38.08 0.5133422448007869
38.1 0.5112961167667721
38.12 0.5079122238882
38.15 0.507332003554825
38.18 0.5062246548851483
38.2 0.5085761993652846
38.23 0.5101170271933281
38.25 0.5094828972703515
38.27 0.5076056448218842
38.3 0.5033193982776291
38.33 0.5020238221976744
38.35 0.5016979877307587
38.38 0.4969334620012106
38.4 0.49327714257842425
38.43 0.4886545375263982
38.45 0.48916373728491547
38.48 0.48969600156015597
38.5 0.4544616113460308
38.53 0.45246268327623723
38.55 0.45265810899192915
38.58 0.4521586195376375
38.6 0.4518753040505473
38.62 0.4524183159032494
38.65 0.4550585124300574
38.68 0.4589957385564626
38.7 0.46042708454174797
38.73 0.4595993506245956
38.75 0.4544489543347255
38.78 0.4522064657378989
38.8 0.45320985733600133
38.83 0.4532222244415468
38.85 0.4494115393546446
38.88 0.4461817565041817
38.9 0.4454859308304061
38.93 0.4446242421126561
38.95 0.4443812765087064
38.98 0.4456572074024329
39.0 0.44638946044290595
39.03 0.447379983940674
39.05 0.44815419346255814
39.08 0.4513175563914862
39.1 0.45613773062855845
39.12 0.46044590421711495
39.15 0.4631688906167109
39.18 0.4636780349417968
39.2 0.46717032861877994
39.23 0.4674950207670535
39.25 0.4665765663511919
39.28 0.4676143179444927
39.3 0.4717641133069105
39.33 0.4748344516512268
39.35 0.4786147943000552
39.38 0.4808517099422131
39.4 0.48186167763315624
39.43 0.481278131222331
39.45 0.48258006535487663
39.48 0.48596357073972013
39.5 0.491445018075271
39.53 0.4953550953882268
39.55 0.4978279171348291
39.58 0.5045470675627275
39.6 0.5142276063120417
39.62 0.5189682095207264
39.65 0.5232567954311118
39.68 0.5230829385291552
39.7 0.521311471749861
39.73 0.5226565137120706
39.75 0.5244250756818848
39.78 0.527397445497235
39.8 0.5300940058136814
39.83 0.530793964442648
39.85 0.5299316983652618
39.88 0.524110530934254
39.9 0.5192170379113858
39.93 0.5163942703303084
39.95 0.513861205198705
39.98 0.5095243266773924
40.0 0.5060295095225106
40.03 0.4721752514893487
40.05 0.47216338794411306
40.08 0.47249834320370326
40.1 0.47361063991841007
40.12 0.47321628968777213
40.15 0.4712881588860959
40.18 0.46911012593277696
40.2 0.46879966299440917
40.23 0.4678054185533486
40.25 0.4683849479721776
40.28 0.470453488697481
40.3 0.4721124243241433
40.33 0.4742371680686281
40.35 0.4770176337005623
40.38 0.4809950632235844
40.4 0.48516694421522594
40.43 0.489753327220131
40.45 0.4941069318627175
40.48 0.4988687000319961
40.5 0.5021561286128643
40.53 0.5043267683713042
40.55 0.5078565400245969
40.58 0.5074585577081624
40.6 0.5057694409680136
40.62 0.5033960411849865
40.65 0.5016184593460596
40.68 0.49946422381714933
40.7 0.4971765513263706
40.73 0.49757964199418586
40.75 0.49823292807640013
40.78 0.4978939095395459
40.8 0.4972624970633979
40.83 0.495944369686555
40.85 0.49821620684414825
40.88 0.5021421963686433
40.9 0.5101587311019495
40.93 0.516514267657078
40.95 0.5215301128429011
40.98 0.5260880035733181
41.0 0.5322566886406468
41.03 0.5375319823387447
41.05 0.5436144776248999
41.08 0.5495303332836283
41.1 0.5529366911216326
41.12 0.555273969059496
41.15 0.5571023224229025
41.18 0.559039435049438
41.2 0.5599150437470934
41.23 0.5610517770503989
41.25 0.5606504967669553
41.28 0.558684219303917
41.3 0.5584564615150451
41.33 0.5624420051554003
41.35 0.5644678007619545
41.38 0.5680222622481287
41.4 0.5706627388935754
41.43 0.5723257104028121
41.45 0.5741255165787228
41.48 0.5745729312997526
41.5 0.5746237974609745
41.53 0.574951591031556
41.55 0.5730718401449553
41.58 0.57394801445511
41.6 0.5747318239568104
41.62 0.5724035963424181
41.65 0.5714211386372154
41.68 0.5706508816554963
41.7 0.5430274004609267
41.73 0.5380113486049544
41.75 0.532049039464619
41.78 0.524270883774842
41.8 0.5182699956248678
41.83 0.5181090836934891
41.85 0.5182050209619189
41.88 0.5184913164187084
41.9 0.5199599797183049
41.93 0.5215951414162506
41.95 0.5239153014731647
41.98 0.5244184856120212
42.0 0.5231556154157562
42.03 0.5209388271667567
42.05 0.5188845088061077
42.08 0.5165967339159038
42.1 0.5151211149669898
42.12 0.5116765182031313
42.15 0.5064834883566138
42.18 0.501143715865162
42.2 0.4966443873269152
42.23 0.49242660004103833
42.25 0.4872211428792975
42.28 0.48110809512100355
42.3 0.4753504668594301
42.33 0.46931548376368837
42.35 0.4629936872415716
42.38 0.4576641398545858
42.4 0.45281158050489
42.43 0.4499393913109845
42.45 0.4473613073560657
42.48 0.4465742578877939
42.5 0.4481305788391817
42.53 0.4514349173048145
42.55 0.45323286387632894
42.58 0.45525083509208186
42.6 0.4581187075807303
42.62 0.45981940123481213
42.65 0.4604278306511133
42.68 0.4609315965163245
42.7 0.4606540393198771
42.73 0.4596797722768728
42.75 0.46108923522231704
42.78 0.4618546264855319
42.8 0.4610948463872982
42.83 0.4577783671169388
42.85 0.456600105361316
42.88 0.4580428812947707
42.9 0.4584472184830843
42.93 0.46140502134011413
42.95 0.46250976443092945
42.98 0.46403187671103935
43.0 0.46703661851983175
43.03 0.47215148701616827
43.05 0.4780452519266569
43.08 0.48400841072874934
43.1 0.4882286206584592
43.12 0.49228692545736075
43.15 0.4934935172957157
43.18 0.4974562088932741
43.2 0.5040152171581197
43.23 0.5087846541984525
43.25 0.5135012353933718
43.28 0.5158251919875655
43.3 0.5140773311552244
43.33 0.5104011326407444
43.35 0.5080041288672754
43.38 0.5046102979081771
43.4 0.5048104202904651
43.43 0.5053805390220832
43.45 0.5059012535965719
43.48 0.5042288814761573
43.5 0.4978777377820426
43.53 0.4520968462725244
43.55 0.4491583463135817
43.58 0.44738814539770944
43.6 0.44524510185982685
43.62 0.4444311882822683
43.65 0.4435982704329804
43.68 0.4426864500661167
43.7 0.442118107829068
43.73 0.44442610342504496
43.75 0.44915232272624095
43.78 0.45593664557904073
43.8 0.46350410635950384
43.83 0.4704623400530599
43.85 0.4748182268601386
43.88 0.48025309798625215
43.9 0.4831578618464765
43.93 0.4838079195749379
43.95 0.48646569257572914
43.98 0.4895937233463194
44.0 0.4917539282488728
44.03 0.49345849800759306
44.05 0.4942173809325626
44.08 0.49214906063997366
44.1 0.4886665990051876
44.12 0.48623338656484566
44.15 0.487340184878503
44.18 0.48892735532797515
44.2 0.4904320331600214
44.23 0.4928862575487293
44.25 0.4955233764580892
44.28 0.49771274291733225
44.3 0.500200061082461
44.33 0.5020157737518435
44.35 0.5027855978912721
44.38 0.5015276483189094
44.4 0.4993693841497875
44.43 0.49749862943087614
44.45 0.4954722689436598
44.48 0.4934789331854619
44.5 0.4910611728982559
44.53 0.4878414066731905
44.55 0.48571159062775815
44.58 0.484335389895474
44.6 0.48508085202817164
44.62 0.4852040475739618
44.65 0.48582501111192955
44.68 0.4855859213326215
44.7 0.4857803580749566
44.73 0.4876040493657052
44.75 0.4898514498843885
44.78 0.4934317183246339
44.8 0.49738844600323573
44.83 0.4990743596328747
44.85 0.5002899387621484
44.88 0.502114714806053
44.9 0.5062087872699603
44.93 0.511190578710124
44.95 0.5180009423170181
44.98 0.5268103414417319
45.0 0.5333302808863783
45.03 0.5388798594517846
45.05 0.5437139372737195
45.08 0.5491732847256511
45.1 0.5547174979914757
45.12 0.5599806839064992
45.15 0.5627541743587383
45.18 0.5648191838690211
45.2 0.5641692748317514
45.23 0.5665151417113545
45.25 0.5697184824431033
45.28 0.5709879815512524
45.3 0.5688938589340925
45.33 0.5652076640301356
45.35 0.5610593469598719
45.38 0.558110080102869
45.4 0.5569490200768108
45.43 0.5553209536523855
45.45 0.5530622422068726
45.48 0.5521278347632436
45.5 0.5117670639272306
45.53 0.5103410620398727
45.55 0.5090181075964536
45.58 0.5073737547203094
45.6 0.5063547535677096
45.62 0.5059008856073879
45.65 0.5061717720700329
45.68 0.5073418134610247
45.7 0.5082178882847928
45.73 0.5102346874210789
45.75 0.5137765210348371
45.78 0.5175204021138075
45.8 0.5200385075328813
45.83 0.5229314410492355
45.85 0.5262833477096568
45.88 0.5283606944663163
45.9 0.5288087128118009
45.93 0.5297916724932864
45.95 0.5320015418976386
45.98 0.5339353686555791
46.0 0.5363845079538492
46.03 0.5390865033244485
46.05 0.5410952007334732
46.08 0.5446968343740917
46.1 0.548978861251018
46.12 0.5530048288630771
46.15 0.557683002479383
46.18 0.562406823935857
46.2 0.5661269738533424
46.23 0.5686502031273121
46.25 0.5695759090192847
46.28 0.5703094272655448
46.3 0.5712047558992052
46.33 0.5709844883007897
46.35 0.5695296401036001
46.38 0.5678438094051861
46.4 0.5657719288839798
46.43 0.562403007726325
46.45 0.5609420498018679
46.48 0.5621698770564199
46.5 0.5634711438305401
46.53 0.5638526812031929
46.55 0.5646511971138255
46.58 0.5640348820268444
46.6 0.5631012789496596
46.62 0.5623909599414052
46.65 0.5596626838197544
46.68 0.5556366375545652
46.7 0.5516793300342475
46.73 0.5512652403970909
46.75 0.5528722258542704
46.78 0.5534653334660801
46.8 0.5539572481206387
46.83 0.5547851312564847
46.85 0.5568339236543011
46.88 0.5594231373093823
46.9 0.5604826199513918
46.93 0.5608007481577565
46.95 0.5609665493635443
46.98 0.5598545650586003
47.0 0.557965031212461
47.03 0.5574813493356122
47.05 0.5578115591617551
47.08 0.5581211148485288
47.1 0.5573667207774804
47.12 0.5567605829278854
47.15 0.5590963964379684
47.18 0.5616299841066364
47.2 0.5651126464098706
47.23 0.570097151693301
47.25 0.5735440258226691
47.28 0.5764461020205455
47.3 0.5799662499790417
47.33 0.5819380373050815
47.35 0.5834619838095632
47.38 0.5851355019207644
47.4 0.5827230198056145
47.43 0.5775007748701929
47.45 0.569862652578322
47.48 0.5643450007030517
47.5 0.5612738346861172
47.53 0.5609736625638966
47.55 0.5596312108075614
47.58 0.5596348516442555
47.6 0.5578477971152617
47.62 0.5553184298424996
47.65 0.5100370006473104
47.68 0.5057720046639841
47.7 0.5008643169250365
47.73 0.4956353131863761
47.75 0.49164606678963335
47.78 0.4880444413794733
47.8 0.4850347087024337
47.83 0.48055960995938324
47.85 0.4749644552979525
47.88 0.4700236098189791
47.9 0.46589148327634605
47.93 0.4632465283260069
47.95 0.4605161266256688
47.98 0.45683721982618924
48.0 0.45230761102796696
48.03 0.4468177791426828
48.05 0.44270940315534757
48.08 0.43918355982439505
48.1 0.4346350583843635
48.12 0.4302703640047937
48.15 0.42683520751226767
48.18 0.4240180130839726
48.2 0.4217723061388842
48.23 0.4197138842925914
48.25 0.41797777443772816
48.28 0.4167158295590249
48.3 0.41429188134493344
48.33 0.41163390178845033
48.35 0.40955222045080647
48.38 0.4080151260760174
48.4 0.4059245487278801
48.43 0.40355795530953137
48.45 0.4010971682862213
48.48 0.39881631101674636
48.5 0.3976516832134034
48.53 0.3956235245265383
48.55 0.3936754584381879
48.58 0.39263204085303827
48.6 0.39302301768413894
48.62 0.3933229836814399
48.65 0.39295459051594844
48.68 0.3922176947615763
48.7 0.3920064439092755
48.73 0.3926878840628632
48.75 0.39336358315323455
48.78 0.3965307483812553
48.8 0.4013258282245847
48.83 0.40613142507605726
48.85 0.40968597916219196
48.88 0.414583289445271
48.9 0.41939919325694053
48.93 0.4243122851841404
48.95 0.42878468712675477
48.98 0.4305321736396043
49.0 0.43093723354031566
49.03 0.43201406847780705
49.05 0.43260283648495373
49.08 0.4332378006855694
49.1 0.43440263986174926
49.12 0.4345489898561365
49.15 0.4343620284433399
49.18 0.43740430700215854
49.2 0.44213542856817556
49.23 0.44503861641939885
49.25 0.44720792129153025
49.28 0.447559451645053
49.3 0.44794704637848326
49.33 0.44943220000752204
49.35 0.4534450920979886
49.38 0.4577886414984418
49.4 0.46302003763991845
49.43 0.46536892266126345
49.45 0.4690658868496297
49.48 0.47274812158283996
49.5 0.47778071288716545
49.53 0.4810881319194697
49.55 0.4846774569930559
49.58 0.48730949080217956
49.6 0.4868172085206497
49.62 0.48919221172887994
49.65 0.4954740247860324
49.68 0.5043962230072581
49.7 0.5136002650410797
49.73 0.5237487706556578
49.75 0.533533642557309
49.78 0.542116123904989
49.8 0.5469222041422376
49.83 0.5517704893078491
49.85 0.5547803249418035
49.88 0.556711724551415
49.9 0.5563215012472086
49.93 0.5544799591889591
49.95 0.5493222417688025
49.98 0.5455650802416449
50.0 0.5453743165331845
50.03 0.5452373756180745
50.05 0.49542329959454745
50.08 0.49385839350489813
50.1 0.49024299728779563
50.12 0.4862479835798048
50.15 0.48016181209386344
50.18 0.47347697629444113
50.2 0.4684504245556268
50.23 0.4633388056943367
50.25 0.45850868413662405
50.28 0.45324693693705603
50.3 0.4489451428912982
50.33 0.4467890252995848
50.35 0.4432611128146743
50.38 0.4389551767550555
50.4 0.43633514277053853
50.43 0.4331698482649831
50.45 0.4319558378664161
50.48 0.43021200346966915
50.5 0.42864831048946994
50.53 0.4293223364683135
50.55 0.4290630381730258
50.58 0.42920142170426845
50.6 0.4285242802765022
50.62 0.4263147676613187
50.65 0.4235141207778346
50.68 0.4205605860061273
50.7 0.41843883777399243
50.73 0.41674324486102066
50.75 0.4165420367619437
50.78 0.41459009509403805
50.8 0.4131200183720924
50.83 0.4106199297086035
50.85 0.4087182612149549
50.88 0.4080166673002082
50.9 0.40848364341450316
50.93 0.4109443175996576
50.95 0.413354286442041
50.98 0.4140176328069599
51.0 0.4116135091347419
51.03 0.4100996662981018
51.05 0.4091519089551409
51.08 0.4083818499918779
51.1 0.40964479200513443
51.12 0.41144187562550194
51.15 0.4116088435899004
51.18 0.4120496372295293
51.2 0.4112603554244156
51.23 0.4113336176210822
51.25 0.41143838923786547
51.28 0.411849628721509
51.3 0.4112943866889631
51.33 0.4106772989952249
51.35 0.40988186256309456
51.38 0.4104590844383104
51.4 0.4117336657287177
51.43 0.41391173731314623
51.45 0.4156647865664787
51.48 0.4174770978445797
51.5 0.41920104182835366
51.53 0.4205854710026056
51.55 0.42096457836969847
51.58 0.4203147668061355
51.6 0.4203670872278619
51.62 0.4220977761422834
51.65 0.4247205207535466
51.68 0.4275119412841648
51.7 0.43042062591668584
51.73 0.4337154907852325
51.75 0.43556917499998427
51.78 0.4353693925669358
51.8 0.43562376518821055
51.83 0.43648877593808766
51.85 0.4386870263691297
51.88 0.4411052188475057
51.9 0.44399317907928043
51.93 0.4464860373243248
51.95 0.4499815325275881
51.98 0.4544993687743798
52.0 0.4577307232425493
52.03 0.4620308157979303
52.05 0.4671573916222135
52.08 0.4745829712631013
52.1 0.4814376066774213
52.12 0.48761442061467014
52.15 0.49203317400661334
52.18 0.4967606305563013
52.2 0.5020481916916919
52.23 0.5063953318453299
52.25 0.5120088163473651
52.28 0.518682514807291
52.3 0.5242218643702587
52.33 0.5287478388046918
52.35 0.5310206453024091
52.38 0.5349177314344958
52.4 0.539221595784233
52.43 0.5421308578507534
52.45 0.5470360300577078
52.48 0.5516947151352345
52.5 0.5552373238041051
52.53 0.5600540383761315
52.55 0.565338024834559
52.58 0.5691355930398048
52.6 0.5740922494771392
52.62 0.5797415649116635
52.65 0.5857101335643191
52.68 0.5527254378286585
52.7 0.5596782373721954
52.73 0.5653164480625089
52.75 0.5717619474262171
52.78 0.5786940951118528
52.8 0.5842467320419554
52.83 0.5863010039509514
52.85 0.5887325677230985
52.88 0.5901557367817115
52.9 0.5886039566438527
52.93 0.5860899542446678
52.95 0.5826085010143833
52.98 0.5810437589075794
53.0 0.5787101279254969
53.03 0.5779488189677091
53.05 0.5773183943145365
53.08 0.5772370818889542
53.1 0.5770401244902684
53.12 0.5772182026132814
53.15 0.5777866102844778
53.18 0.5741562655279936
53.2 0.5720164901161078
53.23 0.569767352412652
53.25 0.5677926115277031
53.28 0.5654131784994121
53.3 0.5637232493674149
53.33 0.5599935002930242
53.35 0.5564876788013923
53.38 0.5519980172583119
53.4 0.5491662554926097
53.43 0.5471321108950518
53.45 0.5449839633014144
53.48 0.5436432963388977
53.5 0.5408032618111835
53.53 0.5369279215661488
53.55 0.5333390463983354
53.58 0.5288492080954256
53.6 0.5254208707758687
53.62 0.5221080559908144
53.65 0.5200771448311123
53.68 0.5191183482735734
53.7 0.5188251114125002
53.73 0.5178769882140328
53.75 0.518402332494873
53.78 0.5181099482017097
53.8 0.5182308816593414
53.83 0.5191647721157996
53.85 0.5203980454219455
53.88 0.5217206258872681
53.9 0.5226032180739626
53.93 0.5231206346060813
53.95 0.5240865505625165
53.98 0.5253000152133568
54.0 0.5237745344465202
54.03 0.521428798559779
54.05 0.5203440443339611
54.08 0.5198077493612036
54.1 0.5187128558994395
54.12 0.5168942049220197
54.15 0.5150237641283768
54.18 0.513754036356028
54.2 0.5122335122375686
54.23 0.5093698886302592
54.25 0.5069843235250542
54.28 0.5042102009177518
54.3 0.5029713716802181
54.33 0.5014997675865291
54.35 0.4972768449448622
54.38 0.4925273201039457
54.4 0.4861660917204762
54.43 0.48148346167260964
54.45 0.47862816105214895
54.48 0.4752140835632823
54.5 0.4726193072127961
54.53 0.47278145707046954
54.55 0.47307093828348795
54.58 0.47293389684553977
54.6 0.47225108843014396
54.62 0.4710632083337545
54.65 0.47129439587226696
54.68 0.4720548706835716
54.7 0.47388259732992505
54.73 0.4758994196014276
54.75 0.47802965726080654
54.78 0.4805479083410684
54.8 0.48127206618852986
54.83 0.48189504417533446
54.85 0.48441280425649874
54.88 0.48683925111239357
54.9 0.488703825139134
54.93 0.489766787703294
54.95 0.4917242240777425
54.98 0.4945743803292107
55.0 0.49684458651927355
55.03 0.49720030932561543
55.05 0.49647272026946365
55.08 0.4972125128990536
55.1 0.49919501875265404
55.12 0.5022686515812604
55.15 0.5068903282052789
55.18 0.5109001777505281
55.2 0.5150542061008935
55.23 0.5172471385745916
55.25 0.5199077781323288
55.28 0.5227797716706541
55.3 0.5247505012429887
55.33 0.5268093222160496
55.35 0.5279904670880279
55.38 0.5282082217206571
55.4 0.5275958551187987
55.43 0.5256460550873608
55.45 0.525915246956666
55.48 0.5279880056966187
55.5 0.5297739426896488
55.53 0.5324414067875738
55.55 0.5363282484244046
55.58 0.5389705332446394
55.6 0.5009553689878405
55.62 0.5007586330469225
55.65 0.5002744165652647
55.68 0.4997337132705672
55.7 0.49992020123666797
55.73 0.4991442735948391
55.75 0.49923501465269304
55.78 0.49967044572901403
55.8 0.4995381363938781
55.83 0.4989158926659479
55.85 0.4984348763697355
55.88 0.4978100431025296
55.9 0.49719245338391727
55.93 0.49732744903869697
55.95 0.4972739536605671
55.98 0.4980866415766068
56.0 0.4978016508822075
56.03 0.4975197386782653
56.05 0.49780132159855006
56.08 0.49966372386645846
56.1 0.5021909469580325
56.12 0.5043700109202675
56.15 0.5060789294188965
56.18 0.5081981957747964
56.2 0.5109855014870752
56.23 0.5138812450051696
56.25 0.5162260303103148
56.28 0.5190088659324869
56.3 0.5206544455441756
56.33 0.5225777593563433
56.35 0.5251415311448723
56.38 0.5253163149076439
56.4 0.5258783315951242
56.43 0.5259470590564891
56.45 0.5271421746741201
56.48 0.5294828224379763
56.5 0.5300977924002167
56.53 0.5311617337151161
56.55 0.5333210918560576
56.58 0.5357684984599791
56.6 0.5369364142916393
56.62 0.5377965922244202
56.65 0.537500425544518
56.68 0.5358245201871277
56.7 0.5343939206096299
56.73 0.5339455448930701
56.75 0.5366927380141177
56.78 0.5395037939444158
56.8 0.5400146812966035
56.83 0.5416128272583627
56.85 0.5436599686980104
56.88 0.5444157001781357
56.9 0.5446620899422753
56.93 0.5455639170243769
56.95 0.5453679950768224
56.98 0.5432465135877856
57.0 0.5415800033050363
57.03 0.5372429029823029
57.05 0.532689326844164
57.08 0.5270401279737891
57.1 0.5218646567437728
57.12 0.5172933695241041
57.15 0.5124468207144435
57.18 0.508032313610257
57.2 0.5041154181893003
57.23 0.5009800579342841
57.25 0.4977242414740943
57.28 0.4945430034354822
57.3 0.4924608014690199
57.33 0.4905156359214056
57.35 0.48816228605023
57.38 0.4857302065185883
57.4 0.4838971182141379
57.43 0.4818707929649579
57.45 0.48081107678329493
57.48 0.48054685300134486
57.5 0.48029914413871183
57.53 0.4796220390930363
57.55 0.4785955139656752
57.58 0.47826232774409105
57.6 0.4775145088193413
57.62 0.47669477341451216
57.65 0.4770718580928217
57.68 0.47804722851758263
57.7 0.47802787250504697
57.73 0.47781041523868933
57.75 0.4774932734763316
57.78 0.47661983460571417
57.8 0.4763020232969727
57.83 0.47684471485940616
57.85 0.4774277204627282
57.88 0.4767175759958585
57.9 0.47662788541808393
57.93 0.4773823837599568
57.95 0.47734277328039904
57.98 0.47577454140058517
58.0 0.47407309609130616
58.03 0.47172795240371757
58.05 0.47049077827018265
58.08 0.47020136763317044
58.1 0.470086455863292
58.12 0.4713742141678492
58.15 0.4727560269667834
58.18 0.4743885772299825
58.2 0.47601690076220116
58.23 0.47681509935014466
58.25 0.47592584515061476
58.28 0.47411870190465266
58.3 0.47275410478139673
58.33 0.4733858678226019
58.35 0.4740828334605055
58.38 0.47459839331308457
58.4 0.47603079003045007
58.43 0.47785473529138145
58.45 0.4792912727834887
58.48 0.480371898330191
58.5 0.47943142646199516
58.53 0.47904572938120077
58.55 0.4794736521549353
58.58 0.48083976410439144
58.6 0.4824791740957032
58.62 0.48397894274953823
58.65 0.4869223230407349
58.68 0.4880817680097265
58.7 0.4901931792265013
58.73 0.49324819832742256
58.75 0.496893258923742
58.78 0.5008908853591899
58.8 0.5050729414343985
58.83 0.5085147348228148
58.85 0.5104500436467115
58.88 0.4779255823373405
58.9 0.47548294137028846
58.93 0.472731831295837
58.95 0.4692988312251609
58.98 0.4660113567208374
59.0 0.46429858754506764
59.03 0.46295138733438834
59.05 0.46121044859965327
59.08 0.45929392541702746
59.1 0.4571685506830899
59.12 0.45366087392610993
59.15 0.4507268049986807
59.18 0.4490619540604228
59.2 0.44770124182213217
59.23 0.44656482316443125
59.25 0.44558007857541854
59.28 0.4436618169051604
59.3 0.4404402606221659
59.33 0.43815789584977943
59.35 0.43601719484588686
59.38 0.43522494769615305
59.4 0.4356462210208411
59.43 0.4357733458017392
59.45 0.43557759708302685
59.48 0.43606576598265223
59.5 0.4365714500163291
59.53 0.4351829809222729
59.55 0.4337655682893079
59.58 0.4323337579991774
59.6 0.43138776320797045
59.62 0.4304066998429436
59.65 0.42846206292497746
59.68 0.4273601948653217
59.7 0.4268081737879663
59.73 0.4271590811747938
59.75 0.42837943549570834
59.78 0.42931480130438265
59.8 0.42958552480737466
59.83 0.4300174537887723
59.85 0.43032304334405613
59.88 0.42894884241009007
59.9 0.4284153763435314
59.93 0.4284438955131999
59.95 0.42896034537001426
59.98 0.429900459643024
60.0 0.4302830170587189
60.03 0.4297511292267243
60.05 0.4293971709213761
60.08 0.43040701545296856
60.1 0.4313462129246297
60.12 0.431415462021692
60.15 0.432164243724219
60.18 0.43241819756108907
60.2 0.43180872291947
60.23 0.4318257564039803
60.25 0.4310589950152958
60.28 0.4300506681589111
60.3 0.42824577891782706
60.33 0.42608256894154894
60.35 0.42279024747181904
60.38 0.4196255877426482
60.4 0.4174669304360097
60.43 0.4152501466918167
60.45 0.41329729547799465
60.48 0.4111241810173604
60.5 0.4092703638104612
60.53 0.4094412963433606
60.55 0.4090136382193597
60.58 0.40808523179370776
60.6 0.40816873035464485
60.62 0.4083976833060621
60.65 0.40903102672348424
60.68 0.40921553129674454
60.7 0.4089058511320512
60.73 0.40906019351695705
60.75 0.4110127074871877
60.78 0.41257363156350674
60.8 0.41516807619729507
60.83 0.4169603042294527
60.85 0.41725205147005945
60.88 0.4171690616316029
60.9 0.4178801106703079
60.93 0.4179922174228612
60.95 0.4171454966278859
60.98 0.4173594782280031
61.0 0.4159639486006388
61.03 0.4126042094660555
61.05 0.4086520112345124
61.08 0.40433694039846174
61.1 0.4014589718429386
61.12 0.4000157394884425
61.15 0.3992780559689186
61.18 0.3987387964506819
61.2 0.39993427180347124
61.23 0.4013788697164723
61.25 0.4037193478296561
61.28 0.40448263953381675
61.3 0.4059791359769134
61.33 0.4073673732591145
61.35 0.4073594667813745
61.38 0.40793649065038
61.4 0.4085283867230583
61.43 0.40932851086712496
61.45 0.4103924594131809
61.48 0.4119523106579638
61.5 0.4142571945260723
61.53 0.4160114441459257
61.55 0.4163884795384886
61.58 0.41623083631842633
61.6 0.4157654112178747
61.62 0.4152631103622064
61.65 0.4151307692222958
61.68 0.4159687504980661
61.7 0.4176161005913121
61.73 0.4188073662391158
61.75 0.4192641278461124
61.78 0.4186135485817246
61.8 0.41775017904910583
61.83 0.4171548474739866
61.85 0.4176365666360698
61.88 0.4167718402331166
61.9 0.41513497124020077
61.93 0.415033036808367
61.95 0.4168660626083659
61.98 0.4197875803984863
62.0 0.4227339061820887
62.03 0.42554034031171867
62.05 0.4285532874281875
62.08 0.43203418279942046
62.1 0.4359981055619456
62.12 0.43824687644691196
62.15 0.44214754049813804
62.18 0.4459153769095387
62.2 0.44829991246389284
62.23 0.4495432425836635
62.25 0.45155128266537015
62.28 0.4537777358876163
62.3 0.45458831458278337
62.33 0.45452402341260745
62.35 0.45496423325566193
62.38 0.4553766663489377
62.4 0.4540628912454922
62.43 0.4526840571377982
62.45 0.4534312123158066
62.48 0.45611223059302647
62.5 0.4585043939653199
62.53 0.46007069277941437
62.55 0.42994988691737757
62.58 0.43044273241685393
62.6 0.43203742776113335
62.62 0.43308552963238056
62.65 0.4348391644447174
62.68 0.43778754787877683
62.7 0.44056298894729923
62.73 0.4427711157932147
62.75 0.4436619120123721
62.78 0.44286981128508707
62.8 0.44173383371798935
62.83 0.44146602237412835
62.85 0.4405029557060716
62.88 0.43981108422486753
62.9 0.43979903268505455
62.93 0.44005931864543685
62.95 0.44120909099444816
62.98 0.4433682241371162
63.0 0.44419884384794994
63.03 0.4450559686833275
63.05 0.44628404795332444
63.08 0.4464070319825244
63.1 0.44693533826184645
63.12 0.4484603431170703
63.15 0.4497640486419884
63.18 0.4512603048491917
63.2 0.4534853357916254
63.23 0.4552831846682257
63.25 0.45617510892636914
63.28 0.4563175173228265
63.3 0.45702825352355325
63.33 0.45886247051193574
63.35 0.4608885503433405
63.38 0.46298866985578485
63.4 0.46334601181609975
63.43 0.464347010785
63.45 0.4637577884989936
63.48 0.4624608959181841
63.5 0.46072454550519826
63.53 0.4593738262688157
63.55 0.4585623642378873
63.58 0.4574732098844759
63.6 0.4560949697666396
63.62 0.45573746096568213
63.65 0.4556307107628923
63.68 0.45571730624608986
63.7 0.4549989783128592
63.73 0.4549060687972665
63.75 0.45502666063245667
63.78 0.4546172245127822
63.8 0.45385175769821995
63.83 0.4532777024229035
63.85 0.4537716208298819
63.88 0.45430233984636653
63.9 0.454605093134772
63.93 0.4550220237829865
63.95 0.45616206460771097
63.98 0.4582566063036759
64.0 0.460643577300794
64.03 0.46219219680001783
64.05 0.46362652997994486
64.08 0.46586694635091236
64.1 0.46817951441221645
64.12 0.47033020055142266
64.15 0.47261081772761626
64.17 0.4751525747973316
64.2 0.477244470141476
64.23 0.47896597351771514
64.25 0.48042490483576633
64.28 0.4816516747655881
64.3 0.4831011721012926
64.33 0.4844552296432555
64.35 0.4852426159445039
64.38 0.486723436671379
64.4 0.4880422615006016
64.42 0.4884549435403719
64.45 0.48814761315776034
64.48 0.48740507510533015
64.5 0.4875764930801846
64.53 0.48820577038178803
64.55 0.48876437201870643
64.58 0.4882706003949507
64.6 0.48851928531015676
64.62 0.48863875602075535
64.65 0.48952816757718987
64.67 0.4908300061160275
64.7 0.4923701201201235
64.73 0.4931230227082172
64.75 0.49423008608074
64.78 0.49587095393541764
64.8 0.49717838036569983
64.83 0.498366736956435
64.85 0.4988979862151997
64.88 0.4989270448631982
64.9 0.4997085762428999
64.92 0.5005702489853386
64.95 0.5005357831908456
64.98 0.49981589526121345
65.0 0.4991130229168806
65.03 0.4985710854847905
65.05 0.4983535198585777
65.08 0.49885455692082675
65.1 0.49948849650370447
65.12 0.49983518171329305
65.15 0.501273210434149
65.17 0.5029532182481142
65.2 0.502959014910234
65.23 0.5022012673325097
65.25 0.5020601385763555
65.28 0.5013741025075299
65.3 0.5008163599903833
65.33 0.5008248571220733
65.35 0.5006540566591844
65.38 0.5002792788675876
65.4 0.5009704667029968
65.42 0.5030280170834163
65.45 0.5043956533232026
65.48 0.5057896500134602
65.5 0.5066827615356596
65.53 0.5064549292363755
65.55 0.5061245070586006
65.58 0.5064148077589965
65.6 0.5070372455947095
65.62 0.5069289850583408
65.65 0.5070187537207771
65.67 0.5089180103593308
65.7 0.5113250941426677
65.73 0.5141276898084102
65.75 0.5164775720271773
65.78 0.5167681257924083
65.8 0.51675697791377
65.83 0.517568308497445
65.85 0.5186363723664322
65.88 0.5192236228658713
65.9 0.5192536397472547
65.92 0.51957442347734
65.95 0.5206317578411658
65.98 0.5224400591020505
66.0 0.524149710123242
66.03 0.5244255230817694
66.05 0.5246349838541169
66.08 0.5244274196659324
66.1 0.5248983679377731
66.12 0.5236567388741491
66.15 0.5215538064074193
66.17 0.5208498445234889
66.2 0.5226342998478235
66.23 0.5251072173963864
66.25 0.5270112430187691
66.28 0.52847123392264
66.3 0.5291823124106564
66.33 0.5301801657737935
66.35 0.5302341121999893
66.38 0.5306533581012349
66.4 0.5303154561586506
66.42 0.5305054240117181
66.45 0.5299631897054956
66.48 0.5290298129206225
66.5 0.5281192542219225
66.53 0.5273957277500222
66.55 0.5259325927916803
66.58 0.5243776005002138
66.6 0.5225427598962349
66.62 0.5206062104200292
66.65 0.5198855281764825
66.67 0.5181318591774664
66.7 0.5162830895249231
66.73 0.4982153332949792
66.75 0.4968586729710513
66.78 0.4950222670605165
66.8 0.49257396593433705
66.83 0.4910841943998194
66.85 0.4893538581014814
66.88 0.4866208572144544
66.9 0.4833797523804015
66.92 0.48080261365200766
66.95 0.4783665219219378
66.98 0.4762874710458188
67.0 0.47450868725611256
67.03 0.47328565762846414
67.05 0.47272245703293736
67.08 0.4724654766391825
67.1 0.4729804034152115
67.12 0.473840450918126
67.15 0.47430749169935166
67.17 0.47494429843053526
67.2 0.47391943259276953
67.23 0.4717626294965177
67.25 0.4706519946273742
67.28 0.4708924632800125
67.3 0.4702927673509657
67.33 0.4699220793794079
67.35 0.4706756183769014
67.38 0.47016213198845863
67.4 0.4688744580973963
67.42 0.46809650451137247
67.45 0.46795768609767885
67.48 0.46779130903306254
67.5 0.46722282904750895
67.53 0.46560235088417085
67.55 0.46524246984689993
67.58 0.46521193559908536
67.6 0.4641283141695228
67.62 0.4632343604112022
67.65 0.4633641647853271
67.67 0.4635734557566595
67.7 0.4629960374618398
67.73 0.46209395911227863
67.75 0.461053541811092
67.78 0.4590069633854641
67.8 0.4584215967642938
67.83 0.4584661667362687
67.85 0.45815447298938633
67.88 0.45925513091416115
67.9 0.46120561153578804
67.92 0.4612039838447196
67.95 0.460121122739423
67.98 0.4571451950346483
68.0 0.45361560237903276
68.03 0.4506036502989972
68.05 0.44991845580778955
68.08 0.44933933908348805
68.1 0.44842314533908934
68.12 0.44790013490563046
68.15 0.4473333951833057
68.17 0.44556440270326364
68.2 0.4435782839998261
68.23 0.44146457313486415
68.25 0.4391643199725131
68.28 0.43738357342038237
68.3 0.43594833430719016
68.33 0.4345689203939266
68.35 0.43277920365212846
68.38 0.4317031304369812
68.4 0.4305015223445096
68.42 0.429490148812348
68.45 0.42862996917870644
68.48 0.4282347161784499
68.5 0.4277247679941184
68.53 0.4266278171971399
68.55 0.42586953281097356
68.58 0.4257632607573852
68.6 0.42540702784679196
68.62 0.42473767187818506
68.65 0.42463010719097416
68.67 0.4245947694984404
68.7 0.42432905771633694
68.73 0.42349122906667847
68.75 0.4224195052725865
68.78 0.4208836939962097
68.8 0.4188032495347649
68.83 0.41738826781661853
68.85 0.4168621060911023
68.88 0.41628465383633606
68.9 0.4158620514849123
68.92 0.41583487896500243
68.95 0.41588843581080814
68.98 0.415369027022475
69.0 0.414272145692243
69.03 0.41271687481324226
69.05 0.4111845212709818
69.08 0.4091610472477853
69.1 0.40686211513493614
69.12 0.40589487134707203
69.15 0.4052587946488963
69.17 0.40564878584006187
69.2 0.4055449303849858
69.23 0.4041374077428708
69.25 0.4023380964239323
69.28 0.4006919614294017
69.3 0.399521609173512
69.33 0.39938097034621683
69.35 0.3997000564938835
69.38 0.3995206515487968
69.4 0.399489160950542
69.42 0.3989578155417374
69.45 0.39819288702651695
69.48 0.39763729489978333
69.5 0.3975662270792655
69.53 0.3980405993663499
69.55 0.3988813322774945
69.58 0.39907322766597203
69.6 0.3988691696261727
69.62 0.39874000692658507
69.65 0.3988359848990365
69.67 0.39849953222701745
69.7 0.3974898322452136
69.73 0.39670949950977624
69.75 0.3959232078617101
69.78 0.39500864062828916
69.8 0.3943361241965818
69.83 0.39389533273177463
69.85 0.3936853965304282
69.88 0.39336992717676755
69.9 0.3930042951726928
69.92 0.39249638680740134
69.95 0.3924784756761158
69.98 0.39246898362808674
70.0 0.3924049232386369
70.03 0.3924852194900036
70.05 0.39298181965664086
70.08 0.39426926271859736
70.1 0.3962026595824819
70.12 0.3981618998998651
70.15 0.39993448329643816
70.17 0.4019286804446274
70.2 0.40401115077970323
70.23 0.4059557945016674
70.25 0.4078823722274801
70.28 0.4096818448624882
70.3 0.41221163469893674
70.33 0.4147504726422801
70.35 0.41590074221922796
70.38 0.4164256125330765
70.4 0.417287547436649
70.42 0.4182898658071358
70.45 0.419101183193456
70.48 0.4198452785868255
70.5 0.42083046380544253
70.53 0.4221301683120987
70.55 0.42302894573163224
70.58 0.42428629922663724
70.6 0.42625751241469273
70.62 0.4273901875108137
70.65 0.42925929909386873
70.67 0.43148947674233445
70.7 0.4339942893535075
70.73 0.43650234394119264
70.75 0.4384653090455885
70.78 0.44050329987403797
70.8 0.4421766165147113
70.83 0.44461059298874067
70.85 0.4469983556440908
70.88 0.4499319573082787
70.9 0.45264144472581064
70.92 0.455890735865552
70.95 0.45984750787861367
70.98 0.4631171684207094
71.0 0.4653841102858924
71.03 0.4676931305281812
71.05 0.47067381421854426
71.08 0.473769800224134
71.1 0.47531124341950504
71.12 0.47569607209276027
71.15 0.47593112457321457
71.17 0.4759015765260609
71.2 0.475992223936658
71.23 0.4755430246248819
71.25 0.47504928087570636
71.28 0.47518485231178487
71.3 0.4768056511429739
71.33 0.47775162226129037
71.35 0.4785994816165189
71.38 0.4787133556752905
71.4 0.47861336424881445
71.42 0.47912125492473356
71.45 0.4792488978872952
71.48 0.46625797194385205
71.5 0.46572055896001746
71.53 0.4659410922578243
71.55 0.4663862655176009
71.58 0.466836219207373
71.6 0.46675504714331567
71.62 0.4672844887142833
71.65 0.46807007012966423
71.67 0.4688564860641708
71.7 0.47024717293155127
71.73 0.4711000542205042
71.75 0.47215121690314993
71.78 0.4740418500464961
71.8 0.47648876191087763
71.83 0.4791501357792531
71.85 0.48177117653136087
71.88 0.4845071012202266
71.9 0.4867488992683945
71.92 0.4889508375402539
71.95 0.4908677877744605
71.98 0.492904367667469
72.0 0.493911584800424
72.03 0.49416361897410027
72.05 0.4946342581958272
72.08 0.49451446786497316
72.1 0.4945439045886522
72.12 0.4933294835200485
72.15 0.4909659987436748
72.17 0.48837244936394386
72.2 0.48696632494156616
72.23 0.4871811571378315
72.25 0.4880899610601629
72.28 0.48897465579910737
72.3 0.4904175358819087
72.33 0.49356405401822834
72.35 0.49675580179940554
72.38 0.5003352096453388
72.4 0.5034011725314093
72.42 0.5050746038507763
72.45 0.5064137274946571
72.48 0.5061186078893374
72.5 0.5041013011006129
72.53 0.5024566097111233
72.55 0.5013715751796127
72.58 0.5001344546995528
72.6 0.4995975763530439
72.62 0.49929197992320346
72.65 0.4982697821039663
72.67 0.4980326977218244
72.7 0.4982833089941526
72.73 0.4978770779379519
72.75 0.4966810013335846
72.78 0.49467964369043055
72.8 0.49359543761320707
72.83 0.4924189843611182
72.85 0.49174051630489396
72.88 0.49131432159822147
72.9 0.4911235783871843
72.92 0.49108942115056176
72.95 0.49097958758065796
72.98 0.4907620832827088
73.0 0.49071361701786576
73.03 0.49077557620120243
73.05 0.4912127546625375
73.08 0.4910692256710322
73.1 0.49160041584656566
73.12 0.49245520222139244
73.15 0.493277634620244
73.17 0.4941000307255832
73.2 0.4949151134864141
73.23 0.49595376987815964
73.25 0.49646628546984944
73.28 0.4983615573233782
73.3 0.5003574509572434
73.33 0.5015211067700721
73.35 0.5018021513324175
73.38 0.5026610604544554
73.4 0.5029455784480417
73.42 0.5040007503018364
73.45 0.5058359399969014
73.48 0.5076887507056076
73.5 0.5089656297162864
73.53 0.5101876075621924
73.55 0.5119364625041077
73.58 0.5133963231698041
73.6 0.5134547709192906
73.62 0.511943295415908
73.65 0.5097422482843513
73.67 0.5087128561711981
73.7 0.5078581858745932
73.73 0.5071245648846078
73.75 0.5061549589988888
73.78 0.5051790043327619
73.8 0.5050575110906623
73.83 0.5053832696203571
73.85 0.5045856820072304
73.88 0.5031766981214317
73.9 0.5018428617812564
73.92 0.4995858435105933
73.95 0.4969695889949396
73.98 0.49549369346572647
74.0 0.49407511831614653
74.03 0.49290188594803785
74.05 0.4920710971424836
74.08 0.49174191786051336
74.1 0.4901572672152588
74.12 0.4871385490563249
74.15 0.4830807892755473
74.17 0.47763614227103846
74.2 0.4724001692168758
74.23 0.4687117993987568
74.25 0.46626939505512893
74.28 0.4629867972825383
74.3 0.46001863523180303
74.33 0.45796920415123854
74.35 0.4565991793684997
74.38 0.455165838774218
74.4 0.45436138577591323
74.42 0.4544827448347079
74.45 0.4540411163010366
74.48 0.45336876879717797
74.5 0.4531443346012015
74.53 0.4526140547364362
74.55 0.4517528683595505
74.58 0.45207785602546996
74.6 0.4531840235436917
74.62 0.45455815419466117
74.65 0.45520980837189423
74.67 0.4563928469596205
74.7 0.4574055386216653
74.73 0.4587110744965464
74.75 0.4601436047998524
74.78 0.4616461963960438
74.8 0.46323658383831345
74.83 0.4645024564823273
74.85 0.4653978530607984
74.88 0.46654427644232255
74.9 0.4678886755109697
74.92 0.4684473730075616
74.95 0.46901243597846504
74.98 0.4687078627011164
75.0 0.46764251164094434
75.03 0.4653726898512842
75.05 0.4632673920460391
75.08 0.4613131459732057
75.1 0.4604936588979749
75.12 0.45935460421702756
75.15 0.4577899124046439
75.17 0.456759136497102
75.2 0.45564829533887047
75.23 0.45385800341069404
75.25 0.4520162546876887
75.28 0.45082700876923015
75.3 0.4499063866405426
75.33 0.44868342119594323
75.35 0.44719971010997206
75.38 0.4451956408058134
75.4 0.44324673326507247
75.42 0.4416622875476494
75.45 0.4406174187525752
75.48 0.43976505267865057
75.5 0.43910115282954465
75.53 0.43823241812237007
75.55 0.4373458802691542
75.58 0.43657653445694533
75.6 0.43620672587140985
75.62 0.4359301369090678
75.65 0.435754849546964
75.67 0.43557348183926164
75.7 0.4354748813662227
75.73 0.43544308712831803
75.75 0.43510206146150426
75.78 0.4346080018985443
75.8 0.43417939022076496
75.83 0.434136057369692
75.85 0.4347068068485168
75.88 0.4352758812582491
75.9 0.43590183051055087
75.92 0.4367291267326829
75.95 0.43731404461945095
75.98 0.4376099177320203
76.0 0.43807196716229524
76.03 0.43864555821434204
76.05 0.4394886616191567
76.08 0.44030771360852233
76.1 0.4413880179896787
76.12 0.44206714197781743
76.15 0.44288964712963524
76.17 0.4438458421581645
76.2 0.4448160451184956
76.23 0.44551266286547153
76.25 0.44596237766173713
76.28 0.44707720832458503
76.3 0.44852218297658053
76.33 0.45043608129994367
76.35 0.4521621983885701
76.38 0.45415835120759696
76.4 0.4560811018032873
76.42 0.4583179904656852
76.45 0.4599211678800146
76.48 0.46119739589227754
76.5 0.4620694060459744
76.53 0.4635447618273381
76.55 0.4634232830720275
76.58 0.46297832168813474
76.6 0.46311661084809386
76.62 0.46426386181331714
76.65 0.4654518018591943
76.67 0.46693400263204354
76.7 0.46833344738514876
76.73 0.46940829695851066
76.75 0.4699610381913384
76.78 0.4701307824464038
76.8 0.4711034722675238
76.83 0.4723292067799705
76.85 0.4740492730779265
76.88 0.4751523608209272
76.9 0.4761777310114901
76.93 0.476223411165781
76.95 0.4762731667239888
76.98 0.47967823238868107
77.0 0.47972683099634006
77.03 0.4800526595585265
77.05 0.4800878997890012
77.08 0.48045014905357364
77.1 0.4807553871268308
77.12 0.4819467751632094
77.15 0.48292898599514306
77.18 0.48364167365554017
77.2 0.4845527116954873
77.23 0.48515373355783137
77.25 0.4860760874715814
77.28 0.48659752675753126
77.3 0.4871993985648432
77.33 0.4878549103885295
77.35 0.48764697246023986
77.38 0.48768776365408945
77.4 0.48783528740599214
77.43 0.48778051461117733
77.45 0.4876619721181395
77.48 0.48631287921122357
77.5 0.48506208511969284
77.53 0.4843783032880772
77.55 0.4835399854575259
77.58 0.4831595495699395
77.6 0.4831617400488505
77.62 0.48261463393423604
77.65 0.4816114680169914
77.68 0.48012513276354196
77.7 0.4793338801670592
77.73 0.47913312400596075
77.75 0.4790258943972305
77.78 0.4781879014023937
77.8 0.47753329726430555
77.83 0.47712579297434243
77.85 0.47679644342710764
77.88 0.47638321012512563
77.9 0.47550407620898477
77.93 0.47516102221884554
77.95 0.47503875507666876
77.98 0.4746178103612361
78.0 0.4737774445448262
78.03 0.4737272867578228
78.05 0.47386056850646413
78.08 0.4745167004372105
78.1 0.47541991839723646
78.12 0.47594715450354336
78.15 0.476744506656431
78.18 0.477724116818149
78.2 0.4791792866369422
78.23 0.4802019241440418
78.25 0.4812559338400778
78.28 0.48243302555937934
78.3 0.48305005157857656
78.33 0.4840055351244837
78.35 0.48459944046478787
78.38 0.48456563571162103
78.4 0.48385282267303364
78.43 0.48423880460558866
78.45 0.4839739712369047
78.48 0.48406991890567
78.5 0.48413189993726236
78.53 0.48434582502458057
78.55 0.48506841684369395
78.58 0.48638633927466907
78.6 0.4870545732387502
78.62 0.48726903719122416
78.65 0.48765491739926803
78.68 0.488140833815867
78.7 0.4881516784523069
78.73 0.4883297890241371
78.75 0.48897581433490106
78.78 0.4899388481265719
78.8 0.4909985944537174
78.83 0.49236568086030275
78.85 0.49344359956299383
78.88 0.49500166239792714
78.9 0.4973332099136626
78.93 0.4993012153966501
78.95 0.5016919817027053
78.98 0.5040172313488183
79.0 0.5054033540734729
79.03 0.5070838585748543
79.05 0.5081079488273528
79.08 0.5079958676113876
79.1 0.5075784152847356
79.12 0.5077095862075883
79.15 0.5085102581444648
79.18 0.5096326564658699
79.2 0.5103409823538658
79.23 0.5108974954386618
79.25 0.5113488608747644
79.28 0.511071670344042
79.3 0.5097798291513492
79.33 0.5094663309996564
79.35 0.5076241374466192
79.38 0.5049252457313482
79.4 0.50179601357641
79.43 0.49931481054334736
79.45 0.49815512406545154
79.48 0.4974933907679476
79.5 0.4962600076112065
79.53 0.4951675611046663
79.55 0.4950039823528057
79.58 0.4951625453013618
79.6 0.4951349452389225
79.62 0.4953774593768046
79.65 0.4959035046955222
79.68 0.49587521788212624
79.7 0.49578207151190085
79.73 0.49508647556594904
79.75 0.4929482864774308
79.78 0.49105549593447984
79.8 0.48973700153506533
79.83 0.48815338316416795
79.85 0.48663028737800945
79.88 0.48527516811712695
79.9 0.4835882224535136
79.93 0.48240760619698736
79.95 0.4818970002742103
79.98 0.4810568662754681
80.0 0.47950349502912387
80.03 0.47775838043563745
80.05 0.4758748712005393
80.08 0.47489019845602026
80.1 0.4749272884756679
80.12 0.47530663476549534
80.15 0.47549812093521765
80.18 0.47583417889721874
80.2 0.47645521914452055
80.23 0.47779561754372485
80.25 0.477981357660903
80.28 0.47737942840539466
80.3 0.4764795740275341
80.33 0.4748536864636828
80.35 0.47323590726688564
80.38 0.4722931749649359
80.4 0.47173950473228987
80.43 0.4712515872916695
80.45 0.47125314985897043
80.48 0.4713571703974298
80.5 0.47179927156375934
80.53 0.47249294287170834
80.55 0.4725338316790927
80.58 0.47189529824238174
80.6 0.4719139660772086
80.62 0.47173283753591705
80.65 0.4710283669291545
80.68 0.4701193217971251
80.7 0.4702274396326491
80.73 0.4712156489062223
80.75 0.4717201009168662
80.78 0.47198210500816
80.8 0.4722259167794147
80.83 0.47272264960102284
80.85 0.47357161903198147
80.88 0.47343906959597526
80.9 0.4732010913373337
80.93 0.47289349854371515
80.95 0.47236118527284926
80.98 0.4710364124935654
81.0 0.46922879557616143
81.03 0.4671408883702426
81.05 0.46572280250452386
81.08 0.4646680280476595
81.1 0.46352859843061217
81.12 0.4621070433276207
81.15 0.46055690834296337
81.18 0.45861195721990206
81.2 0.45722435398567884
81.23 0.45558955338684015
81.25 0.45444819136623205
81.28 0.4539179308281219
81.3 0.45332703037315614
81.33 0.45192319623137966
81.35 0.4504295260424398
81.38 0.4496407235361401
81.4 0.4482966994417885
81.43 0.44784314100517003
81.45 0.4482722507510243
81.48 0.4483685659822126
81.5 0.4478140533380235
81.53 0.44637167948544737
81.55 0.4441249132668253
81.58 0.4410648416146334
81.6 0.4373015971908004
81.62 0.43299796444525634
81.65 0.42967705526592576
81.68 0.4270694329038946
81.7 0.42389370078670663
81.73 0.42057535460053247
81.75 0.417789601854722
81.78 0.4161485451057608
81.8 0.4140268368496332
81.83 0.41128750055127034
81.85 0.40902721837277656
81.88 0.40754204857786996
81.9 0.4054149611380253
81.93 0.40377331712381875
81.95 0.4027692770190912
81.98 0.40170801422165875
82.0 0.3998120715667837
82.03 0.3993246952024029
82.05 0.39962151507142923
82.08 0.40001401973341716
82.1 0.4001248005186501
82.12 0.4002933102268917
82.15 0.40111703047237446
82.18 0.40200481499547414
82.2 0.40293701199200366
82.23 0.40353639028466975
82.25 0.4041911289778291
82.28 0.40484444584000917
82.3 0.4060805900198204
82.33 0.4065205241292487
82.35 0.4064503584209007
82.38 0.40623408583840254
82.4 0.4061924386131331
82.43 0.40622480668180017
82.45 0.4067792108121361
82.48 0.40655016961101076
82.5 0.40602778802905276
82.53 0.40447882017866044
82.55 0.4028204159543883
82.58 0.4015294125725974
82.6 0.4007272388686149
82.62 0.4005849862641861
82.65 0.39995163711904264
82.68 0.39948473998883954
82.7 0.39973903897009344
82.73 0.4005189373088767
82.75 0.4016745359186523
82.78 0.4030185945703493
82.8 0.4044738099778313
82.83 0.4056313702516209
82.85 0.4068142826491427
82.88 0.40716527082809084
82.9 0.40705840192001436
82.93 0.4063606415638396
82.95 0.4054397607921563
82.98 0.4049219263488569
83.0 0.4038322909346917
83.03 0.40300865318657414
83.05 0.40184683854197506
83.08 0.40149773657261
83.1 0.4006507942439488
83.12 0.39953456042475505
83.15 0.3984382146474211
83.18 0.3974458892458274
83.2 0.39719898696441014
83.23 0.396829279900224
83.25 0.39699968880052655
83.28 0.39747409327860067
83.3 0.39762971683999343
83.33 0.398315888220643
83.35 0.3980551104228213
83.38 0.39830369393903375
83.4 0.39240601985802404
83.43 0.39343824927632304
83.45 0.3944416112705045
83.48 0.39538207057834224
83.5 0.39593049884667214
83.53 0.39632744902447253
83.55 0.39665046426516376
83.58 0.39707505586270636
83.6 0.3974273508913198
83.62 0.39764816462303376
83.65 0.3975776172648636
83.68 0.3973668423447041
83.7 0.39711671312414676
83.73 0.3964614480552077
83.75 0.3955654224248746
83.78 0.39441813783449403
83.8 0.3937437177858834
83.83 0.39331948795886507
83.85 0.3933520867142136
83.88 0.3931958205953316
83.9 0.39328639605664883
83.93 0.39349184189833736
83.95 0.3942307711808473
83.98 0.3949255166445067
84.0 0.3956572831841707
84.03 0.39573967556033696
84.05 0.3957290314050886
84.08 0.39596620208778616
84.1 0.3963915380962281
84.12 0.39648428037002437
84.15 0.3966646993743391
84.18 0.39682218479936876
84.2 0.39709453660801514
84.23 0.398084312411914
84.25 0.39946423922862473
84.28 0.4008668108870941
84.3 0.40230082561180225
84.33 0.4039577566085271
84.35 0.40567248142072976
84.38 0.4069010552908379
84.4 0.4083539816322414
84.43 0.40970509009326167
84.45 0.410955682583066
84.48 0.41240105982806574
84.5 0.41394098083821906
84.53 0.41516010709096
84.55 0.41612455353151695
84.58 0.4167311197522315
84.6 0.4173405574066002
84.62 0.41813352678511445
84.65 0.41830206392485175
84.68 0.41823184966224186
84.7 0.4180385948639933
84.73 0.41841734010934045
84.75 0.419106235138772
84.78 0.419739346150675
84.8 0.42065334842657665
84.83 0.42196213670830457
84.85 0.42295116307847275
84.88 0.4235200432755322
84.9 0.42383472499814406
84.93 0.424538292723575
84.95 0.425210273636672
84.98 0.42663612058660316
85.0 0.42816768423886925
85.03 0.42942656725728595
85.05 0.4301752903867455
85.08 0.43056791498193026
85.1 0.4319485911136204
85.12 0.4338020755862477
85.15 0.43609879474718033
85.18 0.4375720788056578
85.2 0.43805992055145676
85.23 0.4390109396451304
85.25 0.43956152181125985
85.28 0.44005259287601095
85.3 0.440835091006042
85.33 0.4417885766038373
85.35 0.4425407536832613
85.38 0.4436032538729826
85.4 0.44411653674153984
85.43 0.44448852603226446
85.45 0.44467738906807935
85.48 0.44529697676307556
85.5 0.4457719606978186
85.53 0.4459785478269734
85.55 0.44627985860090413
85.58 0.4461211625054236
85.6 0.4456046400738552
85.62 0.44460109695667954
85.65 0.44347259079358337
85.68 0.4430372322377179
85.7 0.44336764933675477
85.73 0.44407185994824117
85.75 0.4443956581499466
85.78 0.44424873795490644
85.8 0.443962211906099
85.83 0.44410483283138596
85.85 0.44445451614051923
85.88 0.44413946274376087
85.9 0.44268607553037964
85.93 0.44147087766176474
85.95 0.4404670220117951
85.98 0.43949675855615716
86.0 0.438440825779456
86.03 0.43769929276111513
86.05 0.4372651801887447
86.08 0.4375799949225515
86.1 0.43763973708308185
86.12 0.4375624882967678
86.15 0.43735419103035367
86.18 0.43710426236754546
86.2 0.43705938671719385
86.23 0.43689758013074903
86.25 0.4364472384251381
86.28 0.4359319131090207
86.3 0.4351420141428336
86.33 0.43447271566365225
86.35 0.4344558932608298
86.38 0.43445497269185235
86.4 0.4349006585919228
86.43 0.4352664290133067
86.45 0.43516397076219837
86.48 0.43489816909449597
86.5 0.43455721918507045
86.53 0.4341369112042132
86.55 0.43374216138995014
86.58 0.4332698610127372
86.6 0.43301492778748923
86.62 0.43320207510072006
86.65 0.4335436257735051
86.68 0.4338272532912881
86.7 0.4348892297553506
86.73 0.43607474619099085
86.75 0.43752927109537343
86.78 0.4390366015384125
86.8 0.44048047709038063
86.83 0.44156234519548493
86.85 0.44276287594826874
86.88 0.4437029499091611
86.9 0.4444300464515782
86.93 0.44471224634828427
86.95 0.44477387805510654
86.98 0.44455075435141916
87.0 0.4440978867932681
87.03 0.4434163159677177
87.05 0.4428361848765957
87.08 0.4423053404457017
87.1 0.44099269583447787
87.12 0.44035271313579916
87.15 0.43965739183515506
87.18 0.4388942287948044
87.2 0.43842443331412984
87.23 0.4378743363334847
87.25 0.4382156309448069
87.28 0.43876266612711073
87.3 0.4397672133503076
87.33 0.44082141054369467
87.35 0.4412589156739862
87.38 0.4418065610398376
87.4 0.44310616649017126
87.43 0.444602418618679
87.45 0.44628669881431526
87.48 0.44761964174768915
87.5 0.44778058723492864
87.53 0.4483464354055074
87.55 0.44936360136397047
87.58 0.45046828204074785
87.6 0.45158334613783013
87.62 0.4534068176409824
87.65 0.45495920568284015
87.68 0.45617628991247394
87.7 0.4576097922814621
87.73 0.4597411672544463
87.75 0.4621790257832964
87.78 0.46435856687641974
87.8 0.46660575967711415
87.83 0.46916610506236917
87.85 0.47134326909543345
87.88 0.47269031143046747
87.9 0.4741728330885417
87.93 0.4752089990113546
87.95 0.47599829706466373
87.98 0.4769898746077919
88.0 0.47756388916127074
88.03 0.47773621318203413
88.05 0.47865601286980175
88.08 0.47906408416716
88.1 0.4793173130764964
88.12 0.48009490139282146
88.15 0.47972160751007004
88.18 0.47762941453246754
88.2 0.47513236808881953
88.23 0.4735233760502323
88.25 0.4730734274611996
88.28 0.4733954653658207
88.3 0.4735398253948283
88.33 0.4734798797259599
88.35 0.47277786507679204
88.38 0.4731743632982341
88.4 0.47413697766777313
88.43 0.47497808974135225
88.45 0.4763256878024435
88.48 0.4780718692569982
88.5 0.47913385908632156
88.53 0.47984844480091143
88.55 0.4811032590680157
88.58 0.4819984131923305
88.6 0.4811938671427355
88.62 0.4803444068121219
88.65 0.4801333887290402
88.68 0.47952044659814225
88.7 0.47873418732738493
88.73 0.4779688037549921
88.75 0.47663617691737986
88.78 0.47508045547676103
88.8 0.4732913250689832
88.83 0.47190502291944786
88.85 0.4703301540427411
88.88 0.4681111856347118
88.9 0.46594628135301025
88.93 0.4643217347970416
88.95 0.4618046524389038
88.98 0.4599516421010775
89.0 0.4572242674903423
89.03 0.4549800742350225
89.05 0.45243118358527307
89.08 0.45011432325971684
89.1 0.44821697410194083
89.12 0.4470003231469547
89.15 0.4460984478215515
89.18 0.44440915597134684
89.2 0.44294431997860473
89.23 0.44183331390700786
89.25 0.4412462876852535
89.28 0.4404992081777313
89.3 0.4394875392869176
89.33 0.43831310985234334
89.35 0.4367308773565201
89.38 0.43483986357906346
89.4 0.43370332943455114
89.43 0.43242196045809456
89.45 0.43156660903846156
89.48 0.43151687567545305
89.5 0.4311693003771937
89.53 0.43046409715393563
89.55 0.4304189438377021
89.58 0.4309258686897168
89.6 0.43123075226195373
89.62 0.4311501736868031
89.65 0.4309013484406561
89.68 0.4315015966359194
89.7 0.43277328745798055
89.73 0.43400258956930926
89.75 0.43516967354948904
89.78 0.436290038182053
89.8 0.4374703336776436
89.83 0.4382869597206119
89.85 0.43934133492598937
89.88 0.44050559075825385
89.9 0.44221757221632624
89.93 0.4443595946063599
89.95 0.4463052049362647
89.98 0.44758588248466885
90.0 0.44832580330515204
90.03 0.44845155372387974
90.05 0.4495068717345047
90.08 0.45071330257119374
90.1 0.4523279977026444
90.12 0.4537280152775448
90.15 0.4544419268448674
90.18 0.4550312378975913
90.2 0.4562930140321653
90.23 0.45774671413916657
90.25 0.4589048372330473
90.28 0.4599251980203485
90.3 0.4614520000601097
90.33 0.4633126492929846
90.35 0.46476786266303555
90.38 0.4652021114531838
90.4 0.4663931757881964
90.43 0.4680060598157969
90.45 0.4691909846508487
90.48 0.47051154678542145
90.5 0.4721520650530941
90.53 0.4734894260899102
90.55 0.4748203417496445
90.58 0.47531856162208275
90.6 0.47558508702664914
90.62 0.47542493575084055
90.65 0.47437643574670413
90.68 0.47301066888329685
90.7 0.4718359935582577
90.73 0.47208951923011533
90.75 0.47250812571075207
90.78 0.4717705628705409
90.8 0.47103572146680234
90.83 0.47035205823042125
90.85 0.4698812175388861
90.88 0.4697597898422412
90.9 0.4694595208472824
90.93 0.46941216462771757
90.95 0.47001969905640745
90.98 0.49361920519813346
91.0 0.49393779388158676
91.03 0.49409406382216303
91.05 0.49424077472582184
91.08 0.49449204095512406
91.1 0.494661392770405
91.12 0.4950892216271817
91.15 0.49618265550307145
91.18 0.49748000230220357
91.2 0.4986474607177961
91.23 0.49921250301697373
91.25 0.5005252810282198
91.28 0.5021126693100312
91.3 0.5035758184067985
91.33 0.5054010138103432
91.35 0.5069101618308519
91.38 0.508022852743236
91.4 0.5086726093799215
91.43 0.5097239822795093
91.45 0.5113545309352152
91.48 0.5129106316365236
91.5 0.5141955153846309
91.53 0.5156164253104307
91.55 0.5171982531060583
91.58 0.5182702435964756
91.6 0.5191403074102557
91.62 0.5197210651537755
91.65 0.5197403654472221
91.68 0.5197378924938831
91.7 0.5196722115288083
91.73 0.5195129140257296
91.75 0.5191392755727329
91.78 0.5186568497218098
91.8 0.5186833032942572
91.83 0.5189996850760904
91.85 0.5193115486990493
91.88 0.5198427798847731
91.9 0.5207244289560491
91.93 0.5215925739618963
91.95 0.5225492945467306
91.98 0.5233395059002267
92.0 0.5240601454903207
92.03 0.524564483832222
92.05 0.5251020131693548
92.08 0.5255159047646272
92.1 0.5252147975193946
92.12 0.5245413751961447
92.15 0.5243058080751046
92.18 0.5247159978149815
92.2 0.5252845067999405
92.23 0.525778208418114
92.25 0.5265015683340472
92.28 0.5269852730313371
92.3 0.5269423798580759
92.33 0.5264313646236313
92.35 0.5259548088820768
92.38 0.5255135861904219
92.4 0.5254257260963164
92.43 0.5256586324395048
92.45 0.5260191621297488
92.48 0.5265434798460661
92.5 0.5273713906459264
92.53 0.5283290500644205
92.55 0.5293084396892208
92.58 0.5299418695873509
92.6 0.5307066089354648
92.62 0.5310964645866275
92.65 0.5316812693573258
92.68 0.5323153826573827
92.7 0.533168212035569
92.73 0.5339023733640839
92.75 0.5339367194397436
92.78 0.5339470123819519
92.8 0.5334778843438953
92.83 0.5330353288118882
92.85 0.5331841297468789
92.88 0.5331607250081656
92.9 0.5332438318323298
92.93 0.5331569372293147
92.95 0.5330227290699564
92.98 0.5329204633531927
93.0 0.5329685838546852
93.03 0.5329900107454845
93.05 0.5330798467877386
93.08 0.533129639576647
93.1 0.5329338299974798
93.12 0.5324004490254798
93.15 0.5317738885555915
93.18 0.5304099597927101
93.2 0.5292280825140683
93.23 0.5279249803980711
93.25 0.5264070482057436
93.28 0.5249124827752715
93.3 0.5235850111456627
93.33 0.5222284392730692
93.35 0.5211516202256994
93.38 0.5201725117649402
93.4 0.5194561513939688
93.43 0.5191702392989458
93.45 0.5194432706184317
93.48 0.5192237683608936
93.5 0.5184465606499634
93.53 0.5174135057750301
93.55 0.5161244970728085
93.58 0.5150007647666636
93.6 0.5137412425460633
93.62 0.5130243855756021
93.65 0.5129546163217996
93.68 0.513211924329408
93.7 0.5140397359575067
93.73 0.5151496669779749
93.75 0.5164544767370511
93.78 0.5174875633979013
93.8 0.5186469279155043
93.83 0.5206104229418832
93.85 0.5226120966004473
93.88 0.5244486475304927
93.9 0.5265885913163755
93.93 0.5285105336106504
93.95 0.5299733055633401
93.98 0.5311168054380507
94.0 0.5322533783279831
94.03 0.5331385362598279
94.05 0.5338884201796729
94.08 0.5339762336790359
94.1 0.5337644935764696
94.12 0.5334616451434416
94.15 0.5331980216429368
94.18 0.5331503686100242
94.2 0.5330215726074139
94.23 0.5330688970929264
94.25 0.533376409161822
94.28 0.5344501319092102
94.3 0.5353315406849052
94.33 0.5358913127350857
94.35 0.5362759586810933
94.38 0.5363427848763886
94.4 0.5368412938107541
94.43 0.5370430926629868
94.45 0.5367582942909995
94.48 0.5368199448862181
94.5 0.5373091472955067
94.53 0.5379050406117998
94.55 0.5379312517593777
94.58 0.5379553387792735
94.6 0.5379201720333825
94.62 0.53745491086309
94.65 0.5365711109664398
94.68 0.5357450104518143
94.7 0.5352947150717127
94.73 0.535317536981272
94.75 0.535187081262985
94.78 0.5346137626763557
94.8 0.5329271924719898
94.83 0.5313768689476474
94.85 0.5298399358581987
94.88 0.5282304638321323
94.9 0.5270734163826744
94.93 0.5260593251087669
94.95 0.5252248505285002
94.98 0.5245450829143815
95.0 0.5239504200717477
95.03 0.5235865050603414
95.05 0.522575622211683
95.08 0.5214463388530722
95.1 0.5204895599327697
95.12 0.5200553331313218
95.15 0.519578512192738
95.18 0.5189719727169761
95.2 0.5186137196841614
95.23 0.5183756746278332
95.25 0.5180451995698853
95.28 0.5175615687542279
95.3 0.517154009128756
95.33 0.5163378410730936
95.35 0.5155771625475922
95.38 0.5145626653258832
95.4 0.5136185401112169
95.43 0.512574362526196
95.45 0.5115120576717676
95.48 0.510366215977764
95.5 0.5090251664067481
95.53 0.5075942837219355
95.55 0.5061572743396425
95.58 0.5048107843209461
95.6 0.5037745352386767
95.62 0.5025844794929228
95.65 0.5015472724868828
95.68 0.5004427738248188
95.7 0.4993379266760257
95.73 0.4981629565430681
95.75 0.49675630238552193
95.78 0.4955851313753891
95.8 0.494526387448308
95.83 0.4937099774069507
95.85 0.49309489337439544
95.88 0.4924926287562752
95.9 0.49192885430978167
95.93 0.49125384985086423
95.95 0.4907197010709743
95.98 0.49022692112264254
96.0 0.4895465344428381
96.03 0.48888556157640367
96.05 0.4880084503809392
96.08 0.48695871165737703
96.1 0.48626323551983314
96.12 0.4862037986906593
96.15 0.4857234899493418
96.18 0.4849485489394005
96.2 0.48406488966340694
96.23 0.48320346064973924
96.25 0.48271627040957527
96.28 0.48211786510097515
96.3 0.4815174135030023
96.33 0.48093965970117103
96.35 0.4807438518555635
96.38 0.4807152247499328
96.4 0.48054594701593395
96.43 0.48034610715411896
96.45 0.48000175015114177
96.48 0.47985352802386755
96.5 0.4798047854457393
96.53 0.47986637762451806
96.55 0.4797046637563137
96.58 0.4792480242619583
96.6 0.4788753121739018
96.62 0.4786671010624373
96.65 0.47830316521616456
96.68 0.4782468240350306
96.7 0.47848925535374615
96.73 0.4785026962336938
96.75 0.47881096056702044
96.78 0.47898944725389514
96.8 0.47931007264806946
96.83 0.47974828866864466
96.85 0.4795199315091202
96.88 0.4794845305634723
96.9 0.4795733246316434
96.93 0.47925213535845007
96.95 0.47915233212517727
96.98 0.4792164168032195
97.0 0.478996529963253
97.03 0.47837597141616667
97.05 0.47803943425836654
97.08 0.4779135846918759
97.1 0.47713078977969786
97.12 0.4764663336949223
97.15 0.4762803315188092
97.18 0.47625682686432
97.2 0.47652174559245797
97.23 0.4770289188843573
97.25 0.47752880363330663
97.28 0.47804535258500647
97.3 0.47822230274418215
97.33 0.47835838703551975
97.35 0.4782378236903363
97.38 0.47809401471615526
97.4 0.4778307943603433
97.43 0.4774577986020296
97.45 0.47745676959942873
97.48 0.4772367666963726
97.5 0.4769494138372534
97.53 0.47719247012424365
97.55 0.4777506256103684
97.58 0.47860181221745224
97.6 0.4796001270793703
97.62 0.481004184551317
97.65 0.4814164404095268
97.68 0.4810991158661619
97.7 0.4812946861098535
97.73 0.48176414557249014
97.75 0.4822981822448244
97.78 0.4822744380122146
97.8 0.48175238713696394
97.83 0.48116737086032974
97.85 0.48024067745621657
97.88 0.4795405829773876
97.9 0.479005626449081
97.93 0.4780630144046582
97.95 0.47688511662938077
97.98 0.475602785409532
98.0 0.4742128097175705
98.03 0.4735467533649199
98.05 0.472810865206917
98.08 0.4720338882933596
98.1 0.4717800484031779
98.12 0.471599062887522
98.15 0.4713582268096618
98.18 0.4709504485358987
98.2 0.47062808380598015
98.23 0.4700155319043197
98.25 0.4690579466699232
98.28 0.4677850157505783
98.3 0.46633882818823263
98.33 0.46539363894964947
98.35 0.4644772086581738
98.38 0.4637578775269197
98.4 0.463614970014815
98.43 0.4631028077046626
98.45 0.4622809369024254
98.48 0.46187328945687167
98.5 0.4615623109621771
98.53 0.4609412826280855
98.55 0.4604547225957877
98.58 0.46050083075657267
98.6 0.4608357998850014
98.62 0.4608617726337183
98.65 0.4607887247769958
98.68 0.46112234527358803
98.7 0.4616202778824781
98.73 0.46242189148468443
98.75 0.4635953591110858
98.78 0.4650118366192901
98.8 0.4662923308110996
98.83 0.46729035883715875
98.85 0.4676045933830669
98.88 0.4681153492412857
98.9 0.4683612351017963
98.93 0.4687312713362868
98.95 0.4693877432382891
98.98 0.4705383705835762
99.0 0.4715041385115114
99.03 0.472124904438212
99.05 0.4726018705809794
99.08 0.4733423796905969
99.1 0.47381291457527225
99.12 0.47427022785710105
99.15 0.47510160033153953
99.18 0.47493999344968524
99.2 0.47421504956722543
99.23 0.4736139046757188
99.25 0.47310827892761775
99.28 0.47364571214423135
99.3 0.474722545930769
99.33 0.4764289140143016
99.35 0.4778327732133801
99.38 0.47938646028313053
99.4 0.48091361213028694
99.43 0.4829640194301132
99.45 0.48498178605433767
99.48 0.4871552234633457
99.5 0.48888200162740075
99.53 0.49030498450239796
99.55 0.4910913432190927
99.58 0.4914073902073447
99.6 0.4914228633605302
99.62 0.49200958931681366
99.65 0.49200827189459917
99.68 0.49087506297632555
99.7 0.4897718474794835
99.73 0.489125713391561
99.75 0.48891431633420446
99.78 0.4883360975202936
99.8 0.4887102997816833
99.83 0.48873008349424524
99.85 0.4883912982421391
99.88 0.4874037490611377
99.9 0.48623540483698674
99.93 0.48560562413209396
99.95 0.4854860134325212
99.98 0.4847812886037724
