0	1.4335713957990361
1	1.4574906700220187
2	1.5425284010798253
3	1.3246750867827601
4	1.2582128739282634
5	1.3050994815750747
6	1.4201770747884395
7	1.4278105866839395
8	1.248381947815432
9	1.3678729919856802
10	1.6273960026398921
11	1.4040588189386571
12	1.380275861601439
13	1.4552977639035847
14	1.3248220866606482
15	1.5237834359570295
16	1.410701313867582
17	1.7154704338113027
18	1.5592821726733217
19	1.4594335321359426
20	1.3565653329476206
21	1.4585175296578823
22	1.508100868261023
23	1.5157740556180748
24	1.2428994673396319
25	1.7138424131308296
26	1.5051698214988605
27	1.3863067233267568
28	1.3258717226844499
29	1.2579510085423586
30	1.3613770419402176
31	1.1844146411429552
32	1.4461300218518918
33	1.214943626871896
34	1.5507789000021894
35	1.3580610986133363
36	1.1832067079947752
37	1.1114410718798746
38	1.4782008869896446
39	1.365946717106917
40	1.323580619407649
41	1.1528253908389903
42	1.1891286675176784
43	1.480341566166644
44	1.2686311661199876
45	1.463089895341086
46	1.323658155523462
47	1.1682454345535407
48	1.5171245111838945
49	1.179497882396672
50	1.4933267053491641
51	1.2769372720548315
52	1.2029641426526632
53	1.427060572428331
54	1.6028534925292912
55	1.2002876088212586
56	1.3913151100468717
57	1.536141847794583
58	1.3782382937709605
59	1.4701108478786398
60	1.4662873928162088
61	1.6641528713542415
62	1.5588535668965622
63	1.4964643286787023
64	1.4690365937417655
65	1.5897742429374453
66	1.3083792028665755
67	1.5636409016423296
68	1.4265497308979131
69	1.5632779424115162
70	1.257546508540439
71	1.2441539150482026
72	1.489393051674783
73	1.3204273416054222
74	1.5857727966840613
75	1.6005937305023799
76	1.3319296386673594
77	1.345044682019193
78	1.3435361107240906
79	1.2162602492157792
80	1.2148737693450091
81	1.2717364172753423
82	1.5131263182522705
83	1.2868307589909338
84	1.504122661100945
85	1.1999523688553309
86	1.4662287477578904
87	1.5102803384402883
88	1.3695456945252698
89	1.5004381328812508
90	1.4642479153110068
91	1.486894927656847
92	1.3144134022717004
93	1.2737602516566895
94	1.6172954037356628
95	1.4836785982752132
96	1.5889839517715312
97	1.5443023113955252
98	1.5545016289501516
99	1.645749002781327
100	1.540639657221794
101	1.5208593724568187
102	1.4669511597112392
103	1.6716856844609396
104	1.50326888933858
105	1.420761328724021
106	1.2068836764643294
107	1.3102825135821035
108	1.5581326035430374
109	1.67798641722237
110	1.3991730147291712
111	1.3927966043645224
112	1.565644651229076
113	1.4983255998180267
114	1.4309818842126545
115	1.3761153378460833
116	1.2250931118953337
117	1.1660784840644705
118	1.3565911848693097
119	1.4054833915787834
120	1.4619559840554388
121	1.3582327097044464
122	1.583281676834008
123	1.3545654278433155
124	1.3425452250433985
125	1.3396165754023521
126	1.365660981082764
127	1.5684082687985879
128	1.4683616277276814
129	1.5799289357819546
130	1.633505988045441
131	1.3537904380598071
132	1.1522804011873644
133	1.3483217183010925
134	1.277958010931374
135	1.3945770376865287
136	1.25680754428271
137	1.346468262236325
138	1.4486266340684564
139	1.4429962333922843
140	1.5488403908370603
141	1.42596004356051
142	1.1082700685747913
143	1.3030184792685326
144	1.6950655643547574
145	1.377596972161819
146	1.4638880702931905
147	1.3747369663329436
148	1.3107032719914793
149	1.4390148777304574
150	1.575664461939055
151	1.5477282206212175
152	1.4468185866004377
153	1.4048016488214563
154	1.4595545738426277
155	1.5403462390642482
156	1.5019307002992213
157	1.5901794428769105
158	1.6227930930696453
159	1.3849148414512462
160	1.4215907258954013
161	1.5618580225308851
162	1.3833578075224653
163	1.5138943434285446
164	1.1667498783832129
165	1.428364157698063
166	1.4366778711363688
167	1.3105108967341081
168	1.1928102684708655
169	1.4910106291593588
170	1.20511048276209
171	1.318119671370907
172	1.2923843332100124
173	1.1768427483566501
174	1.29307842524962
175	1.3471713466818314
176	1.4636440610098345
177	1.4113859572681906
178	1.494393374767748
179	1.4432184814040774
180	1.039071157747671
181	1.4191739050107623
182	1.340726065991005
183	1.4301648837644627
184	1.2547549927962798
185	1.470828725514058
186	1.4260785921214068
187	1.3951148069962993
188	1.3782862838867047
189	1.2262636796610291
190	1.5925313458598662
191	1.4627357738220559
192	1.3487717331634717
193	1.5047539348265009
194	1.4405711029877302
195	1.3198271150986136
196	1.4222209993875283
197	1.4039445879680523
198	1.348161313255348
199	1.2162789041199402
200	1.4028203287148153
201	1.3883316771822192
202	1.3868143025607782
203	1.5149005066421968
204	1.3208562039555465
205	1.3034286857227422
206	1.359629028147818
207	1.325692570149539
208	1.2508707679602131
209	1.199834971257465
210	1.5706029309904077
211	1.442175888771128
212	1.480438374179364
213	1.371833325773383
214	1.228084891022885
215	1.3417529675849822
216	1.2844329175031366
217	1.2333857742727303
218	1.4125024859424709
219	1.3265919410999045
220	1.5376231067235804
221	1.471744432904498
222	1.4533957686205115
223	1.4312604248950105
224	1.3560349267248422
225	1.5644610150597604
226	1.260244516889326
227	1.1689125175338162
228	1.334363153451417
229	1.3401609175359024
230	1.2902510347291931
231	1.429766300754446
232	1.4993342122380116
233	1.2090404089081452
234	1.4277732109043053
235	1.2956505001723266
236	1.481312329257533
237	1.5321613936019762
238	1.3177652830518736
239	1.3959170890212886
240	1.2756581168447085
241	1.4143642103872676
242	1.2643605694997884
243	1.3731764582131551
244	1.4728043973659137
245	1.3953774646089667
246	1.5611560546475356
247	1.3613379701952264
248	1.4348154596363694
249	1.6591326398454478
250	1.454366840094855
251	1.395294413159287
252	1.6099334060278219
253	1.5601536523458606
254	1.483076921105105
255	1.5126769648270055
256	1.2368993380257196
257	1.5079289154523705
258	1.309784265176878
259	1.3229795066306445
260	1.1713435011293816
261	1.473221559200656
262	1.3660528492642279
263	1.1852374581603193
264	1.536007066303749
265	1.265811959373849
266	1.3157553517547773
267	1.206878304264667
268	1.3182951280822002
269	1.088080037923022
270	1.248927771026961
271	1.2538663547613118
272	1.3694993509057183
273	1.471906074156248
274	1.287817317869663
275	1.4982926840469866
276	1.1935888391501759
277	1.3181033191036922
278	1.37518797236623
279	1.441227543829501
280	1.3821893650128572
281	1.41444361102373
282	1.4519832605157243
283	1.4410426889935293
284	1.4687983420508939
285	1.4203571504967933
286	1.5420590970000636
287	1.4410146327733102
288	1.4509518005890178
289	1.5312914572924272
290	1.3464110839679788
291	1.4667762350028706
292	1.672431180398777
293	1.5533367231152961
294	1.566674780860488
295	1.6866353619022743
296	1.294367665524602
297	1.7420594769019422
298	1.557977132729088
299	1.7405615335452933
300	1.3199094863304344
301	1.2877626801652922
302	1.4295697074259535
303	1.4548085904778907
304	1.4404616503418346
305	1.3591721156294077
306	1.4241935419744647
307	1.4375223727350763
308	1.5495838566890348
309	1.2875619115227463
310	1.343504588680236
311	1.3684653523429833
312	1.4144403732504405
313	1.5809185540889905
314	1.509121080093089
315	1.2878867793378153
316	1.5222470623792739
317	1.4741146593412513
318	1.6335467772888417
319	1.4967480427599216
320	1.4306610684521524
321	1.5352505002664745
322	1.370634529262911
323	1.4023402009373667
324	1.4190499856387633
325	1.509283126852218
326	1.1833122681423998
327	1.5243588244071586
328	1.2241585076973693
329	1.4319882686448102
330	1.3123690461223698
331	1.362569390303271
332	1.3301189035051473
333	1.5064043827217006
334	1.5159773569296993
335	1.421466742758362
336	1.6136555530095902
337	1.6478235892686772
338	1.4401574952559664
339	1.3730761402714582
340	1.414055716457441
341	1.4289972905165265
342	1.4808352345160127
343	1.3519620095313782
344	1.6287078307599159
345	1.4919205290956337
346	1.4358375722034846
347	1.4672994035084517
348	1.667830521269359
349	1.588409950349203
350	1.42913939523426
351	1.3014307543544985
352	1.4506318498935964
353	1.5540445889998236
354	1.5087673021317562
355	1.2872150189708145
356	1.664015043837736
357	1.2868888417122486
358	1.2850185444372724
359	1.3963019658906268
360	1.3052650919954893
361	1.5203839545034543
362	1.6155752242715649
363	1.4475214622349066
364	1.3753945006598691
365	1.5622650969555005
366	1.4860192493261593
367	1.432331320512249
368	1.2433837995393768
369	1.44870914062798
370	1.22307009120256
371	1.519407091054155
372	1.33239528494448
373	1.3333938369064222
374	1.4995265808864593
375	1.510237829757876
376	1.5626387187971251
377	1.2738893019602355
378	1.5787821597057758
379	1.6368833751656702
380	1.5982244327102644
381	1.4282800006502814
382	1.6137368851633187
383	1.5450020180357278
384	1.5148785542069494
385	1.5471437350434676
386	1.73180425434226
387	1.5756768928036415
388	1.549886410475184
389	1.6145136926749286
390	1.5146838031750383
391	1.375077890675778
392	1.3429059625971966
393	1.3787570396378688
394	1.5191243604085394
395	1.3945774881412183
396	1.516265932498655
397	1.3693569496291327
398	1.2616482171136125
399	1.5700435288009331
400	1.4560280987093637
401	1.440234215739957
402	1.3405334200955292
403	1.4557319158308604
404	1.5656539348488558
405	1.5151275585044242
406	1.459633294216216
407	1.5672443736361694
408	1.426872986095957
409	1.5311719112681426
410	1.5157435227159657
411	1.390330653645469
412	1.549596201864707
413	1.512498318644967
414	1.339310093153191
415	1.477112720160979
416	1.4489678897283136
417	1.4620299672974981
418	1.5937013445344608
419	1.298565218894686
420	1.246346857603049
421	1.4696037136001672
422	1.4594470427727224
423	1.6103377252395694
424	1.4363890521082434
425	1.4229921295700498
426	1.3395819529808732
427	1.1292675550396198
428	1.352984722750555
429	1.5004205454118438
430	1.378072693677319
431	1.3628227233915542
432	1.6696889396359413
433	1.4389031689679592
434	1.4199954924387157
435	1.4249018050733215
436	1.4021326014926354
437	1.5051751079851186
438	1.283229983703403
439	1.7467761024870556
440	1.381587893809543
441	1.382234454209139
442	1.5510182958115786
443	1.6627166428393731
444	1.6472985463611576
445	1.3896716419445885
446	1.6051312186090558
447	1.5273681026655257
448	1.5036787486127656
449	1.4085244519935607
450	1.411533242965451
451	1.5836373441599736
452	1.4120669978727023
453	1.6474428938666554
454	1.5654455474390798
455	1.4039374041914754
456	1.4632945512820512
457	1.4855347461893142
458	1.6416924600035787
459	1.582732186273765
460	1.410554788675364
461	1.425330480005086
462	1.7031877210535686
463	1.5077970116039525
464	1.5172091845982425
465	1.5822126647052217
466	1.5524886220545833
467	1.411764295966168
468	1.6455638589648727
469	1.681316770272124
470	1.4499586764629617
471	1.4169310787936327
472	1.4370790967704088
473	1.6953141578486037
474	1.5009677632885416
475	1.364126233306553
476	1.1418511597013576
477	1.2877132578886181
478	1.4060195425793471
479	1.2154477543607938
480	1.266631451961508
481	1.409207120745713
482	1.4631899903219634
483	1.2565391317149404
484	1.3640538361194703
485	1.2904610686041043
486	1.444262703721668
487	0.9946755343783371
488	1.142330377090351
489	1.3655236992117405
490	1.4039958463949194
491	1.2152298677135516
492	1.3742955693187033
493	1.297976530159368
494	1.4247342683785265
495	1.3392791977450371
496	1.430667002478635
497	1.4697112543670254
498	1.3464274005921064
499	1.5244565366624516
500	1.5667565238307817
501	1.2674609604771132
502	1.2528182427261312
503	1.3897953433388028
504	1.3760250245743189
505	1.2834806520295265
506	1.2535683776261246
507	1.3995223094987619
508	1.4553700639636191
509	1.4012196236755672
510	1.4001804693068043
511	1.2918071159512023
512	1.2991234255335438
513	1.486607375881765
514	1.146887665103016
515	1.355501102454614
516	1.3111453222636422
517	1.549515788029916
518	1.5399977754919376
519	1.4170755103086896
520	1.2807439128181113
521	1.197822569363062
522	1.5412168610346608
523	1.6051176044956479
524	1.2692867116806232
525	1.369590142982117
526	1.3975134597364092
527	1.3600715700912072
528	1.5202287051183119
529	1.353229822816795
530	1.5049506443501706
531	1.3773598747640032
532	1.512014630849114
533	1.457962699676944
534	1.4896131112460769
535	1.4179626071041083
536	1.4295371795666014
537	1.6241240258224394
538	1.488575014281972
539	1.5362674837478456
540	1.3463867485881418
541	1.5021812654175717
542	1.5221717519855946
543	1.4199688200596166
544	1.6133400741912096
545	1.5991731011391161
546	1.5567639910054125
547	1.462138968278793
548	1.7825348471303868
549	1.524706629458463
550	1.5416419042519387
551	1.5555964065748322
552	1.5028800852097939
553	1.4107295207662944
554	1.3754994167813932
555	1.6344809139046697
556	1.4460522507201263
557	1.482517879103818
558	1.4839922043834146
559	1.4094157972862733
560	1.4377523953926874
561	1.3022011206738169
562	1.5937525316282521
563	1.6575927558224883
564	1.2228793416845667
565	1.476503834445849
566	1.3998424880961777
567	1.6358557843697397
568	1.6114098170614166
569	1.410759947916192
570	1.5949452041627805
571	1.5567757364201202
572	1.6428906915044772
573	1.5493626307766062
574	1.274097638165065
575	1.3259822263865613
576	1.4723824849665896
577	1.3993060482129465
578	1.5326886769770056
579	1.5283239664415833
580	1.6517914831026301
581	1.5017035097046336
582	1.5114554004036969
583	1.5051355834973614
584	1.544422002792739
585	1.7290510300191058
586	1.3504358401549776
587	1.4734434240734668
588	1.4927707384301367
589	1.5641943594889285
590	1.5064061735618717
591	1.5403416479396268
592	1.5308346218410327
593	1.509705393972755
594	1.5230237804928581
595	1.33887793404568
596	1.5170220423010863
597	1.3450690493366577
598	1.404156455264241
599	1.3693946587341688
600	1.354341492738365
601	1.3913841586228979
602	1.3902106261866565
603	1.5899589471904545
604	1.4490987083425133
605	1.6265995800459936
606	1.7531689155396897
607	1.4204919917937626
608	1.494985437449977
609	1.3440061571223265
610	1.0472137868771247
611	1.435145437962174
612	1.5395198210556718
613	1.6116671166535104
614	1.403625717117752
615	1.5268623388170925
616	1.6198497145491486
617	1.455206615393841
618	1.6656632620054006
619	1.5366542026741172
620	1.2703849411561916
621	1.440708408280076
622	1.5874404245675318
623	1.450045866086061
624	1.7129312813536195
625	1.4633628837551784
626	1.6522905033939845
627	1.4312778585693713
628	1.359038115480365
629	1.5340513151065727
630	1.2609427553260935
631	1.6133237395865012
632	1.4156106345682726
633	1.05192511422007
634	1.4208090052171112
635	1.5340351953964435
636	1.5122036287777647
637	1.6490233755033827
638	1.1953663827701788
639	1.2433256613685337
640	1.239780389680689
641	1.2642678508790786
642	1.3494918608639601
643	1.4898510930347695
644	1.4262406231466014
645	1.7662473507006102
646	1.440322619573321
647	1.4567411898422657
648	1.2131029801075885
649	1.41938533520409
650	1.2466752825877763
651	1.517503954544752
652	1.2465663251350854
653	1.2528233133052755
654	1.6595235913085826
655	1.3444991908427386
656	1.3826738908118985
657	1.3944762290415544
658	1.3656262290656551
659	1.4107172918072974
660	1.4599983181209462
661	1.4403813022596328
662	1.4964734200893262
663	1.5729329815631836
664	1.3610376846237289
665	1.1463445664938718
666	1.2625383021108603
667	1.523512054065185
668	1.2544261028788595
669	1.4892812178659864
670	1.3136905833089214
671	1.3355320124619878
672	1.4524040231497135
673	1.3930203912492742
674	1.4869469884029687
675	1.0811380890130058
676	1.4840265026912962
677	1.7764516275594684
678	1.5588775118479594
679	1.4491257765395293
680	1.4047145765933196
681	1.2610555710578106
682	1.4319659900228279
683	1.4072088450285067
684	1.3263414646903064
685	1.485750201576719
686	1.3817820949736017
687	1.3156773864157918
688	1.590081982305292
689	1.64648465594367
690	1.4895931427183569
691	1.51210709016708
692	1.5796236071813963
693	1.1414717471713882
694	1.6422824738903397
695	1.3774717232590077
696	1.5185990034790529
697	1.5909682758465604
698	1.6059248266050596
699	1.4646327433096478
700	1.564820003139018
701	1.4243204082608631
702	1.404718396882904
703	1.5399112774352957
704	1.3208625279109563
705	1.303530597487784
706	1.1874341467008553
707	1.3623057785682235
708	1.3413249436936465
709	1.5104462575828086
710	1.3780209544727926
711	1.2721240757460113
712	1.524611381078679
713	1.4064228662876714
714	1.1813098089016059
715	1.4606210793283994
716	1.5937369214963808
717	1.5912093842782156
718	1.4560963471593706
719	1.596865719069903
720	1.5193969190891006
721	1.2891487504095824
722	1.6659708617119942
723	1.4194506604876553
724	1.3312993639808894
725	1.3138728059472085
726	1.4404023223027598
727	1.516611565107581
728	1.5633163330034696
729	1.1282569423577429
730	1.4746692117804077
731	1.369894797007001
732	1.4059172526549202
733	1.3352296192218116
734	1.3826671565958406
735	1.3227423556119702
736	1.331296466899616
737	1.4418211674849126
738	1.5584522677399193
739	1.1788812447664858
740	1.361851123781939
741	1.3285513799574842
742	1.2552809135081233
743	1.290464856094644
744	1.5005734307411294
745	1.2639063366595806
746	1.3575675496389183
747	1.16742885481085
748	1.336290245435662
749	1.4605484546957754
750	1.2551621277976632
751	1.323313661169744
752	1.4751369845798092
753	1.4271243572431829
754	1.4989424639800084
755	1.2735628078754846
756	1.6389134725076624
757	1.2429305811760274
758	1.190580275824158
759	1.1271810623148792
760	1.3362963229500686
761	1.4288922925558218
762	0.9822446975860535
763	1.4115387826963566
764	1.316683356181793
765	1.3476957731216301
766	1.4044662322283015
767	1.2522466324268229
768	1.2778032179579117
769	1.633871582131745
770	1.23173154937371
771	1.2819721622994904
772	1.50671034525973
773	1.4202394631329995
774	1.4557079792640173
775	1.3952291264305436
776	1.0168126218662497
777	1.4756015653001167
778	1.4528019900151818
779	1.224139347812129
780	1.2516930114750924
781	1.4055754907703677
782	1.491481239130708
783	1.2847286483987341
784	1.550665853589611
785	1.348560482431067
786	1.6943786512468428
787	1.4341594087703098
788	1.476995934550442
789	1.4523144928578642
790	1.1573765873644364
791	1.296269252723071
792	1.3371872428613572
793	1.3174391613077934
794	1.3439879695639678
795	1.484043276665351
796	1.4950310654447112
797	1.5238940829301175
798	1.4455119374177077
799	1.2714288683256845
800	1.3407190809773997
801	1.4422529727188798
802	1.2863634579457353
803	1.2600293044262028
804	1.5715131224641767
805	1.118032933946184
806	1.4051370326323607
807	1.5391145250868392
808	1.3063104822140297
809	1.4293531458492124
810	1.0754303760678963
811	1.4726513377329913
812	1.207462504857958
813	1.275344501704431
814	1.4031229155482332
815	1.1507972402294082
816	1.1628159724932123
817	1.1928159468396629
818	1.1258813829912933
819	1.0329823396073952
820	1.1659068066509595
821	1.2402956619850984
822	1.3763962627792017
823	1.260103226557324
824	1.3627808332518592
825	1.4317620937080384
826	1.0846593858119034
827	1.4742532217162485
828	1.2885611140177868
829	1.155627565880061
830	1.5268770401032032
831	1.5404681125267567
832	1.354727819974882
833	1.316178455727075
834	1.158733153332492
835	1.1845174220927372
836	1.5486462661479983
837	1.6615878193265334
838	1.222942626598279
839	1.63510321975671
840	1.4512593143833084
841	1.3093037514797032
842	1.4373721987383905
843	1.4345294554863024
844	1.337320372250336
845	1.3316108658225474
846	1.3443294619588702
847	1.4156482298606465
848	1.4935218683085476
849	1.5056944612834855
850	1.395226726844193
851	1.2121368165321156
852	1.4720843724452033
853	1.2203873613520757
854	1.5088574814357756
855	1.140962240237065
856	1.1748665360399404
857	1.4412254620099199
858	1.23454667089872
859	1.469895332317624
860	1.6124171240295835
861	1.3046555494723526
862	1.4795794564852065
863	1.4056508932297556
864	1.436545040518207
865	1.3073174418059206
866	1.4499893941868331
867	1.4325846673566751
868	1.493968060204553
869	1.393050190057677
870	1.5634546547984098
871	1.3417280136788956
872	1.3561199151446157
873	1.4585861904357091
874	1.326464739782138
875	1.368780021895996
876	1.4318170532051062
877	1.6927240904825613
878	1.4957473760262228
879	1.4835598598336195
880	1.5178838180145093
881	1.4453124264651591
882	1.545813993352314
883	1.7611218456753037
884	1.4151582413246555
885	1.7275287902804903
886	1.2701643149215713
887	1.3617976497921371
888	1.4650871298121508
889	1.485318003695303
890	1.3583966813651993
891	1.3958274567913174
892	1.5361843806625701
893	1.4677523635549021
894	1.5139248430313768
895	1.5261577155298636
896	1.4902487836742524
897	1.8010245537182796
898	1.5606334702196207
899	1.6016164687099887
900	1.5907720602777504
901	1.4006330072024986
902	1.262113542622665
903	1.5801576016581018
904	1.2071752111410792
905	1.4136220375435418
906	1.5983172587637473
907	1.4223316087595708
908	1.4396739098442097
909	1.2966556801631768
910	1.4875713776805777
911	1.5485034483722895
912	1.3572639441095955
913	1.4610471164020242
914	1.3253243288183614
915	1.4644957421011982
916	1.2648181487017534
917	1.4448621837391162
918	1.4060925011181549
919	1.4096593258812748
920	1.3778003894597177
921	1.4369821759057888
922	1.1735497825524208
923	1.3033220963220309
924	1.409864033708347
925	1.2011993013021107
926	1.5110862093806674
927	1.3211727750752247
928	1.538974448813374
929	1.3179814380514594
930	1.4710320493964653
931	1.3875115226646457
932	1.1729213833900283
933	1.2338248991285432
934	1.1673062595688641
935	1.5840460930401246
936	1.2529917776623993
937	1.6041954167719936
938	1.4748439617788198
939	1.2559857059623047
940	1.3678657024254388
941	1.490781228165245
942	1.519967270716296
943	1.57225672443233
944	1.476585276557661
945	1.431149624555486
946	1.5409504402900969
947	1.4611935669298872
948	1.4938575776821785
949	1.54519231072744
950	1.3558644589531357
951	1.4651857192262892
952	1.5705343162091867
953	1.4548705948861176
954	1.474147486093509
955	1.5703889626915726
956	1.4616638128123123
957	1.3558845008600848
958	1.4821492548073105
959	1.409464535233232
960	1.4009395446664272
961	1.4557344125356892
962	1.2898608117697155
963	1.3798471637973733
964	1.5221121385217558
965	1.6024768248204757
966	1.5318149328817534
967	1.5490280701778114
968	1.4659433419688066
969	1.386365849115149
970	1.3531922354286863
971	1.722506541511961
972	1.2934846103731472
973	1.5413210299396376
974	1.157943102573829
975	1.5095207136596807
976	1.3039725807650429
977	1.3800433812075554
978	1.4683847629464333
979	1.1219324269982305
980	1.5678229739869936
981	1.3363933867205544
982	1.5783794280956946
983	1.568690536344813
984	1.377612635667364
985	1.604483667789736
986	1.426031738893253
987	1.6673831004127968
988	1.46197970875775
989	1.523254779721484
990	1.101269253859525
991	1.449765323237572
992	1.654943865977395
993	1.4670594950488942
994	1.5470059426399017
995	1.4666086570222576
996	1.5145982062913792
997	0.9562032581031724
998	1.4999237275757111
999	1.4134244794121158
1000	1.5650698955564566
1001	1.5092450248936229
1002	1.4764941260357436
1003	1.2732604529623197
1004	1.1052122167406027
1005	1.3011448122981248
1006	1.2153077795357796
1007	1.5872666031958864
1008	1.2606685487292293
1009	1.2598614240199388
1010	1.5751122578760755
1011	1.4339618287941618
1012	1.4741609247701548
1013	1.1992563188077388
1014	1.3767678271471204
1015	1.6179027033910907
1016	1.613003503143299
1017	1.4423086727275636
1018	1.3797899451348175
1019	1.3393153293087263
1020	1.4834092345987622
1021	1.440909498791723
1022	1.431638932977943
1023	1.4393096758631911
1024	1.4087978287512823
1025	1.1157825130541945
1026	1.590006505573374
1027	1.2793864762106186
1028	1.3972883558449407
1029	1.3156032646598437
1030	1.4933070809353728
1031	1.357617109358176
1032	1.5376838175825374
1033	1.330160803871046
1034	1.3787906905347602
1035	1.4503904948959552
1036	1.3046995541218283
1037	1.2831077466499217
1038	1.0671693386476542
1039	1.148737153474367
1040	1.4685853461610061
1041	1.2774814787796809
1042	1.3410644268641945
1043	1.5389156509505661
1044	1.3454693078402042
1045	1.5473769638182302
1046	1.3786762590112487
1047	1.2313313634369547
1048	1.3355381808077378
1049	1.1722755689470006
1050	1.454799806942267
1051	1.307735114171519
1052	1.3673338483929514
1053	1.2691726212548913
1054	1.2196717167053719
1055	1.407694782985567
1056	1.3796449391477081
1057	1.337373440199941
1058	1.530531476033097
1059	1.3959808145700272
1060	1.3870637159826005
1061	1.3697856069820242
1062	1.3356474896007293
1063	1.3672983979611415
1064	1.544870106154993
1065	1.4510683805806637
1066	1.43135698027446
1067	1.3563333583352233
1068	1.335798352925353
1069	1.287549673954617
1070	1.0056673897768225
1071	1.39552805575411
1072	1.3786380754914178
1073	1.1094835069444444
1074	1.3385671627447426
1075	1.5140294146034035
1076	1.522856862799719
1077	1.4556331643326406
1078	1.4113426732293792
1079	1.390043406428577
1080	1.3917953426529472
1081	1.624818456684681
1082	1.5572097615356373
1083	1.5696058113490168
1084	1.5067667545489078
1085	1.5347759787431774
1086	1.5004028078459692
1087	1.3536004616387427
1088	1.6001831214265936
1089	1.3119571965836871
1090	1.4529584665425948
1091	1.4033196787499862
1092	1.3563172890363595
1093	1.4093226161341394
1094	1.4108212852789561
1095	1.4088058770351901
1096	1.3272966297875703
1097	1.3918843364235978
1098	1.6830419449582776
1099	1.3938106620405348
1100	1.3121717163565376
1101	1.1696647700944978
1102	1.3196555532766965
1103	1.6943411357393672
1104	1.7373313611701302
1105	1.4437346497530896
1106	1.4383507351345106
1107	1.5403292750018027
1108	1.645412300316274
1109	1.783250123428194
1110	1.2773358453341839
1111	1.457071316791629
1112	1.4425573580389903
1113	1.4546301637394636
1114	1.2711179516450044
1115	1.6604474718189055
1116	1.3026541348202132
1117	1.498382704761316
1118	1.3354922224253705
1119	1.718272587561643
1120	1.5689675686646956
1121	1.4155368373588955
1122	1.595856747905193
1123	1.4464621591883535
1124	1.3063563396856406
1125	1.4281369705306013
1126	1.3475038349184503
1127	1.4023753607488905
1128	1.388558798799552
1129	1.4954124040429677
1130	1.328394740820912
1131	1.323474975744713
1132	1.3079058327859896
1133	1.479567883624479
1134	1.4183304204140754
1135	1.3760827010368284
1136	1.4165018601437334
1137	1.5760479658531286
1138	1.4285618085478018
1139	1.526059774440972
1140	1.276797393776771
1141	1.4326994461142903
1142	1.4122177601714119
1143	1.5469340902580058
1144	1.3907713601712823
1145	1.5089596577480164
1146	1.3838221020755888
1147	1.485272825558521
1148	1.3662259866906081
1149	1.660048183130091
1150	1.435837591594972
1151	1.3915487653605463
1152	1.5066690457839602
1153	1.4941013582747615
1154	1.4473558518908405
1155	1.2402607738987288
1156	1.1427463459449214
1157	1.350644230917973
1158	1.1211900868362732
1159	1.4021553157426174
1160	1.2505251972011768
1161	1.3628533954459536
1162	1.1528316118658675
1163	1.4410230871887064
1164	1.2631636905649182
1165	1.4938327741771988
1166	1.499745059781653
1167	1.4584827913615257
1168	1.5017331061786652
1169	1.2120361976716152
1170	1.1968517001435959
1171	1.4768192400595088
1172	1.5391821724573815
1173	1.272586007214217
1174	1.2729505504115246
1175	1.331822030739676
1176	1.369860748582424
1177	1.2688508017073208
1178	1.2339034301629481
1179	1.3330165163714511
1180	1.445276905926556
1181	1.4402286806385605
1182	1.2757929077586874
1183	1.4508953879047362
1184	1.4964195662771624
1185	1.4688524914671564
1186	1.3381958253674526
1187	1.3759674304941416
1188	1.4052858646970048
1189	1.4402465540981448
1190	1.2670933880802564
1191	1.358991070361477
1192	1.0926232756302245
1193	1.1341883648507398
1194	1.2316629868946791
1195	1.2865029262004566
1196	1.4243407906540986
1197	1.4786015938188832
1198	1.4379413002848997
1199	1.4412497981134595
1200	1.4624864538915248
1201	1.3191746958980823
1202	1.3142545079502377
1203	1.56628321652989
1204	1.3168036188802175
1205	1.2020553550364124
1206	1.3877320157236643
1207	1.3451910081231162
1208	1.306176507057282
1209	1.4916606896192377
1210	1.1367142019511203
1211	1.117302701532017
1212	1.3982601855508416
1213	1.3808400594103596
1214	1.3514288801141103
1215	1.279793078802903
1216	1.2948815656282566
1217	1.3305600969507463
1218	0.961318943764272
1219	1.4342112384067187
1220	1.3704708636994987
1221	1.3505448520323589
1222	1.479608970761193
1223	1.428385035022564
1224	1.3502305257448655
1225	1.287747818816764
1226	1.3276893938405068
1227	0.9284878212992194
1228	1.4165423975617624
1229	1.5264280412100222
1230	1.4311200010692815
1231	1.4336023358155534
1232	1.3091067968802643
1233	1.2514653549918087
1234	1.318827842338379
1235	1.2732860899010257
1236	1.30139071433602
1237	1.3198186954871607
1238	1.511820878024859
1239	1.4430559241686274
1240	1.2919613858353411
1241	1.3548630085981224
1242	1.317579560525446
1243	1.5776505881528928
1244	1.2682516074672938
1245	1.3963936181022392
1246	1.1142065630745044
1247	1.237740871254584
1248	1.4134218440817605
1249	1.6755802228162764
1250	1.383642469757742
1251	1.4080229067455587
1252	1.4961822750342746
1253	1.6705105947291115
1254	1.4654448673629896
1255	1.3140310377530806
1256	1.555404300274151
1257	1.1818226410242523
1258	1.4660940808965266
1259	1.4317322759714262
1260	1.4176149012082033
1261	1.458828134855023
1262	1.3807980068354537
1263	1.32582627858771
1264	1.4241301445036487
1265	1.563918696782011
1266	1.235727793099349
1267	1.3376163042686806
1268	1.5490896396787832
1269	1.4464605428442434
1270	1.3414903890444105
1271	1.5226465103853053
1272	1.211015406685679
1273	1.4887437912691819
1274	1.505840629253213
1275	1.3189837092477552
1276	1.3772049212699675
1277	1.3213957509896745
1278	1.207113778485925
1279	1.3625303809517055
1280	1.6385263530088807
1281	1.28873678386503
1282	1.2496019215156629
1283	1.386056932486635
1284	1.447415602818149
1285	1.4186344185485966
1286	1.1308805477411805
1287	1.480632108823108
1288	1.2426263511096098
1289	1.39307059144767
1290	1.5602453203588618
1291	1.4577523897411964
1292	1.3641541413085025
1293	1.4266038267798824
1294	1.3373545029665816
1295	1.4881237635436015
1296	1.6214377311776969
1297	1.3825119878420302
1298	1.303167392683094
1299	1.5061661867180214
1300	1.4318380419561578
1301	1.2666685683265757
1302	1.1479467295915298
1303	1.3150239505544192
1304	1.3872110472772945
1305	1.2843706714458594
1306	1.5483373063880366
1307	1.2142256512714942
1308	1.4824886262775396
1309	1.5396954018259827
1310	1.1849087787215744
1311	1.3594823714731097
1312	1.4468707449873228
1313	1.4768431089884941
1314	1.5328818503674002
1315	1.3526243583885442
1316	1.652598153031111
1317	1.3111472699581124
1318	1.3980543326654928
1319	1.3789136486253804
1320	1.124986681399767
1321	1.2638921768692466
1322	1.2111859818506592
1323	1.272133640765989
1324	1.2917011755250534
1325	1.3372855930907874
1326	1.1357884669872211
1327	1.2469753457259818
1328	1.3460067939992355
1329	1.2164436837759018
1330	1.2599911276874514
1331	1.331526435141744
1332	1.1167987258160257
1333	1.285991954208343
1334	1.163749815564895
1335	1.2162156239467
1336	1.254069491054506
1337	1.4256958160185609
1338	1.2445480081368945
1339	1.2085019128518626
1340	1.2149141253509423
1341	1.5297333217152218
1342	1.3309629177405558
1343	1.3982419971255635
1344	1.4790996784565917
1345	1.241366063740977
1346	1.3323539312503814
1347	1.2128969818387723
1348	1.2209115681043559
1349	1.4051372667501327
1350	1.2807177834997843
1351	1.1941995660782678
1352	1.4710811123157994
1353	1.3506943173064703
1354	1.4757478989371995
1355	1.1929697256239733
1356	0.9763370437700586
1357	1.4528603936047042
1358	1.2960132139702827
1359	1.4643877984335947
1360	1.498542821309567
1361	1.388864821886777
1362	1.3040608190342589
1363	1.3437639438476194
1364	1.5389779077776788
1365	1.405527395366112
1366	1.4093134335075264
1367	1.4603192304567227
1368	1.4904736644473044
1369	1.4478079135578166
1370	1.3691221033896197
1371	1.443257416290131
1372	1.3883846632375005
1373	1.473157057143696
1374	1.576474389050491
1375	1.3445789021253094
1376	1.321369691767914
1377	1.5995628943060214
1378	1.6074475068181593
1379	1.3525406281950016
1380	1.466922822691861
1381	1.4167132827521376
1382	1.217120949863601
1383	1.5453250525069815
1384	1.4459868738095665
1385	1.149683866264936
1386	1.436295713088455
1387	1.0561536539769134
1388	1.4003144747924914
1389	1.4072014647927833
1390	1.3345334127955122
1391	1.3884199502292058
1392	1.3055731725184159
1393	1.3726567272043315
1394	1.670920703238423
1395	1.201778254800107
1396	1.2891973601584965
1397	1.0593470999687482
1398	1.4635697013361766
1399	1.2075510270529055
1400	1.4199129606013328
1401	1.289214136636306
1402	1.2988534486988308
1403	1.3319838844798269
1404	1.2851942591504057
1405	1.5250539501081528
1406	1.5046761483850648
1407	1.3209460815859833
1408	1.6180461036454954
1409	1.3158693575221538
1410	1.0078909040377944
1411	1.3122380974353236
1412	1.3182788001724421
1413	1.4396566408673837
1414	1.4024145639280705
1415	1.3727632330612696
1416	1.4624224794396645
1417	1.7092680136989211
1418	1.5132281187397885
1419	1.4749807469932539
1420	1.561173392595665
1421	1.2951182842510622
1422	1.3136031091136238
1423	1.44789414333561
1424	1.3224493012022764
1425	1.2353332696346804
1426	1.6142194062449025
1427	1.2689143357306454
1428	1.3646782306723284
1429	1.438474851521319
1430	1.400158388705346
1431	1.2472172072586458
1432	1.3113604013739883
1433	1.2851428398925107
1434	1.4797149055425036
1435	1.4901550732643019
1436	1.3449764985449542
1437	1.3658388277576068
1438	1.5743857370946752
1439	1.2807996449683423
1440	1.344152496001347
1441	1.6396857815769277
1442	1.4603604990244705
1443	1.192311062002913
1444	1.5427279038113382
1445	1.3115387126976097
1446	1.6712474432597428
1447	1.317861577890579
1448	1.616190905722096
1449	1.3213440021571607
1450	1.324884833665574
1451	1.4502846700578342
1452	1.4643988310519849
1453	1.3905936486885915
1454	1.3798513713325835
1455	1.6742147360984634
1456	1.6108577917049627
1457	1.2579168922390358
1458	1.1947903005327327
1459	1.4820489607609706
1460	1.1752716081184658
1461	1.3867222851082133
1462	1.2858213289950646
1463	1.365425447201277
1464	1.270981792653455
1465	1.4880274750401399
1466	1.36805293655199
1467	1.2788124617245735
1468	1.2667992781989217
1469	1.4174427203145281
1470	1.4063861270894342
1471	1.3827765925271442
1472	1.266078245388148
1473	1.4361162441760915
1474	1.4425301610544008
1475	1.3941645190066982
1476	1.2722291199768534
1477	1.552086463233977
1478	1.4297290940162548
1479	1.3316775890725123
1480	1.472302485614448
1481	1.4774791230538862
1482	1.4269479025766085
1483	1.3027506073987978
1484	1.2325464148376022
1485	1.3271771088031472
1486	1.3510722537502924
1487	1.267047789021916
1488	1.4545751260305249
1489	1.2354994961799448
1490	1.3258460432852783
1491	1.2677434990030223
1492	1.3182858967557365
1493	1.1629386759372777
1494	1.4110760694885405
1495	1.2559912130009458
1496	1.3670560948366526
1497	1.3164656579966585
1498	1.59553327739866
1499	1.5044733466454137
1500	1.2493170596586736
1501	1.313931155260129
1502	1.5555191353080189
1503	1.567890651925602
1504	1.3903852521996487
1505	1.1052151145624982
1506	1.298140995882281
1507	1.1813935337686254
1508	1.2626219019604812
1509	1.0800654673248522
1510	1.453414608439172
1511	1.5820416391060195
1512	1.4433158228149456
1513	1.3689347216182555
1514	1.5841943768924849
1515	1.2511535424854103
1516	1.3001250945145035
1517	1.2760415452797247
1518	1.4399569974789312
1519	1.2508973946186779
1520	1.4973477989229091
1521	1.4695756205600743
1522	1.3346343287701508
1523	1.52047655927596
1524	1.4575260252171223
1525	1.291764920009651
1526	1.3062843120593248
1527	1.1664322064552015
1528	1.5207723214224151
1529	1.5539964345302641
1530	1.4103812416645645
1531	1.3130182220823896
1532	1.267261625261136
1533	1.313271282084464
1534	1.3367523371177075
1535	1.3995894889452247
1536	1.536524651377137
1537	1.3427347485684278
1538	1.4057270723688904
1539	1.6393272956979292
1540	1.2486705848464765
1541	1.4276642671295183
1542	1.5280959453010148
1543	1.6283826933292354
1544	1.4299590593224736
1545	1.3353364966424273
1546	1.3761832945646708
1547	1.2541696783760137
1548	1.4638701274454444
1549	1.5070479848750091
1550	1.3194058685632073
1551	1.3309625111785826
1552	1.3235861853884292
1553	1.416974048859994
1554	1.3299799641718864
1555	1.457889084030984
1556	1.4508546775836257
1557	1.3845835294564943
1558	1.347440766851069
1559	1.3839499443274275
1560	1.4304620770080874
1561	1.505239412752082
1562	1.4809456894711355
1563	1.3645041944923864
1564	1.1035851315042797
1565	1.4928937691153565
1566	1.4667645988322962
1567	1.21778649983494
1568	1.3444342792986617
1569	1.5447849645151899
1570	1.4199442436556189
1571	1.2707294802002072
1572	1.2155832208155142
1573	1.1881422827768937
1574	1.450905937496526
1575	1.4748979945970135
1576	1.4371193945858614
1577	1.3647377265747913
1578	1.5874980729903794
1579	1.4183529070962975
1580	1.3900655332571499
1581	1.2734440539276006
1582	1.3893358086134544
1583	1.3453418395799313
1584	1.38415472500922
1585	1.6030309477171112
1586	1.1678423798161093
1587	1.289112828563651
1588	1.4200735019471247
1589	1.3463392339485203
1590	1.3716314189798762
1591	1.3600861773142747
1592	1.3339233906769616
1593	1.2978738576599798
1594	1.3730942464763372
1595	1.2254846625400089
1596	1.5678186575301813
1597	1.376734087671377
1598	1.50971617256756
1599	1.2737686517329256
1600	1.2746271004452585
1601	1.3961266550145037
1602	1.3023573383524856
1603	1.5248308714728582
1604	1.3559335136999993
1605	1.3255342036103703
1606	1.4300508151687406
1607	1.4417441128569026
1608	1.2516373194362482
1609	1.2691644030617253
1610	1.096649413501081
1611	1.661152260208901
1612	1.2441064162810243
1613	1.3290058008536838
1614	1.333169203218198
1615	1.322986336229917
1616	1.5938795181377827
1617	1.494330708358189
1618	1.4134241846567375
1619	1.3288380652616165
1620	1.4933996104686
1621	1.3163823477848142
1622	1.3984382766334003
1623	1.6145835853723052
1624	1.3769659987070246
1625	1.1512158743111334
1626	1.450288301621202
1627	1.1890726588137004
1628	1.2135913668035097
1629	1.3547072964518676
1630	1.2442793046174412
1631	1.3986496358229765
1632	1.3453454696207057
1633	1.3213942138672818
1634	1.279493776017651
1635	1.3591851710944614
1636	1.2938319890654348
1637	1.4460289906049124
1638	1.5433479780786967
1639	1.3096850414382517
1640	1.3240956535467308
1641	1.3437813774942087
1642	1.3409167402162998
1643	1.5429467075960406
1644	1.460615341626704
1645	1.414903280868733
1646	1.4487380346876417
1647	1.326785739850544
1648	1.2290364198246146
1649	1.5277320375670058
1650	1.3046229383575265
1651	1.2509362196869422
1652	1.52570020234331
1653	1.592697353138843
1654	1.2774244399710817
1655	1.532662155779429
1656	1.5287917183892485
1657	1.2844706613075207
1658	1.4102819192513314
1659	1.250959228126074
1660	1.5035662118303699
1661	1.152575721480516
1662	1.2358903609566514
1663	1.2802637485856854
1664	1.3984231333591632
1665	1.3007284746658259
1666	1.2860133832937344
1667	1.393026545583466
1668	1.4480973262272712
1669	1.2486126923078897
1670	1.3794951188706592
1671	1.3962844765257383
1672	1.5413752400885627
1673	1.2976954350803023
1674	1.4216051421034677
1675	1.3645405037769547
1676	1.4531680949670012
1677	1.3517775073369769
1678	1.3221057575669866
1679	1.3557576871919175
1680	1.4723838474539306
1681	1.2723726991086792
1682	1.506390494726143
1683	1.3353497988321823
1684	1.2727359044583788
1685	1.5574799416296372
1686	1.20691439746586
1687	1.3414222011391153
1688	1.178265638464347
1689	1.4463866181409804
1690	1.6298093375088658
1691	1.4920991105380994
1692	1.5447459861963837
1693	1.5443390851590375
1694	1.4181989864879225
1695	1.5191028791729069
1696	1.2929755557317881
1697	1.1557981002761002
1698	1.1566614528906083
1699	1.2854955058081718
1700	1.583086796184672
1701	1.4186449887725596
1702	1.4357778612941718
1703	1.3878723759677742
1704	1.3367555018767454
1705	1.295991856130376
1706	1.3371503996072314
1707	1.6213414319673172
1708	1.4139833017788068
1709	1.3467835738503768
1710	1.4340063801873475
1711	1.1812199296537178
1712	1.397526015503492
1713	1.4617172235585636
1714	1.2197933861616133
1715	1.6237022111334785
1716	1.3243206778744752
1717	1.3129680671997859
1718	1.215437414306779
1719	1.4017437584455357
1720	1.5036610700416504
1721	1.3148432845210565
1722	1.461621497322099
1723	1.2703386503825143
1724	1.3876926356087786
1725	1.3556630104013292
1726	1.5008638178070506
1727	1.447917191563577
1728	1.5024492772916935
1729	1.341636585355839
1730	1.4435596514760176
1731	1.3467562629269745
1732	1.4546558316541265
1733	1.485742861071061
1734	1.4065215880222628
1735	1.3910566191485367
1736	1.3169188157893237
1737	1.4559685399868323
1738	1.3432870674064143
1739	1.4668826781616544
1740	1.1944687504904807
1741	1.2366897211392793
1742	1.1347824804465618
1743	1.4663307018865697
1744	1.4868279763885752
1745	1.4365622196067234
1746	1.3339001710048863
1747	1.2650915876831255
1748	1.375469592467819
1749	1.3754538143897825
1750	1.2781584482147783
1751	1.3578826073991161
1752	1.3834834701245935
1753	1.2847729243187713
1754	1.317669028242351
1755	1.2413299897035772
1756	1.2507241824558974
1757	1.5605255122927666
1758	1.4732966345595904
1759	1.3036458012377696
1760	1.3047128357769768
1761	1.497148619349767
1762	1.5960108819285426
1763	1.3102166280355791
1764	1.1760137467700313
1765	1.2216980788498515
1766	1.2367721377006422
1767	1.3424220204564672
1768	1.3460458925855237
1769	1.4022327019407275
1770	1.23461370177395
1771	1.4358789723787238
1772	1.2678869319125528
1773	1.2438112785819961
1774	1.3358825332165571
1775	1.485931657808262
1776	1.4918580517413644
1777	1.3638418040150269
1778	1.2525915547113724
1779	1.2189452467109567
1780	1.395124500254704
1781	1.272765496534823
1782	1.5310756108919938
1783	1.17563380705737
1784	1.3298867755167496
1785	1.2105638880671208
1786	1.5931016611207944
1787	1.236248899499009
1788	1.4793176050448766
1789	1.2671811029597102
1790	1.2891678665456716
1791	1.3969117318569955
1792	1.3785698030082147
1793	1.125012921836451
1794	1.406788113956202
1795	1.4489454329711002
1796	1.529667283076126
1797	1.3775115669867273
1798	1.4730411810155317
1799	1.4698108880768892
1800	1.203766549477099
1801	1.4623601257290713
1802	1.5230976310780102
1803	1.8243448307217778
1804	1.389457683919118
1805	1.4722121890678368
1806	1.5029420498049304
1807	1.589733774538136
1808	1.6181671665428863
1809	1.459787198297513
1810	1.3438607182919735
1811	1.4479075652367976
1812	1.4622793665317446
1813	1.3424259229124433
1814	1.3851228423387136
1815	1.6936972751644876
1816	1.3017614757884735
1817	1.3713553781674794
1818	1.3882226683147358
1819	1.4988764568072719
1820	1.3452344809877395
1821	1.3837747586649678
1822	1.4570298835894473
1823	1.3364331581789495
1824	1.5371290442270673
1825	1.3425083287169965
1826	1.42758003529195
1827	1.4130976681838117
1828	1.2232556107210513
1829	1.500281857922335
1830	1.6356832415622067
1831	1.422705796202527
1832	1.2012975429732138
1833	1.408507053321343
1834	1.3070336971888978
1835	1.3007771767596332
1836	1.4931546331185346
1837	1.6287621350790693
1838	1.1857385910839724
1839	1.59320663409383
1840	1.5286932084939193
1841	1.3551617139295211
1842	1.5471042077203627
1843	1.761876398658455
1844	1.4340931702988118
1845	1.5060340583844423
1846	1.557513605312656
1847	1.5784722453459898
1848	1.4642844804634096
1849	1.464395790800771
1850	1.4540134595610588
1851	1.3545171069146302
1852	1.2556118057770551
1853	1.409075977945821
1854	1.3993760096999954
1855	1.2457149336674809
1856	1.209557307173637
1857	1.408107800506417
1858	1.4753856793164253
1859	1.2517413318179307
1860	1.51557851446804
1861	1.5954301821314716
1862	1.4592662839782051
1863	1.4637434310763027
1864	1.3284446739911004
1865	1.4215097678702662
1866	1.066205540058215
1867	1.3549821440938834
1868	1.4926739978689088
1869	1.4793917569067778
1870	1.5904348247388942
1871	1.4211485543592215
1872	1.329025148861107
1873	1.2056428581655183
1874	1.2945179393493345
1875	1.2514047221111926
1876	1.5106765634414128
1877	1.1938396770467425
1878	1.5228131057270227
1879	1.1856402626462639
1880	1.4742723964541415
1881	1.384986152028682
1882	1.190315724079185
1883	1.3658716711417649
1884	1.4907181392544786
1885	1.4078515529671425
1886	1.2474835431444142
1887	1.440154664066923
1888	1.4936721954336505
1889	1.3459028587988913
1890	1.5888060974183307
1891	1.4481755505898577
1892	1.4001329275100565
1893	1.427462070495065
1894	1.2070466215033768
1895	1.4195736271802923
1896	1.3133815604978107
1897	1.2758577304624485
1898	1.3527395201084587
1899	1.135662090005791
1900	1.3227678752771854
1901	1.2869801287772495
1902	1.3153658411809173
1903	1.3528411470743213
1904	1.5956745158588623
1905	1.4098042092709766
1906	1.425704549039722
1907	1.458355400029538
1908	1.3576756141673605
1909	1.3864313894909692
1910	1.3985072368030669
1911	1.4779152653047376
1912	1.5870697973502514
1913	1.386849580172925
1914	1.4857124131817325
1915	1.4275368449873154
1916	1.6026694071557162
1917	1.6358829285658947
1918	1.6105083326645575
1919	1.4143893921268347
1920	1.4216127929018743
1921	1.684451719102232
1922	1.4280761710166223
1923	1.6896404020074234
1924	1.5459618110637456
1925	1.4164567889460042
1926	1.1814915103881982
1927	1.4422506238110078
1928	1.4682724689439823
1929	1.7162038609832624
1930	1.5074348452874466
1931	1.4992321223669185
1932	1.481202121094399
1933	1.3201991023381112
1934	1.4618306697707824
1935	1.576908679664559
1936	1.4782071244597872
1937	1.4022465252764749
1938	1.5273646689348144
1939	1.527910448306899
1940	1.3842847213630083
1941	1.5214687826065856
1942	1.3956107695841597
1943	1.4054718378924775
1944	1.57407970510492
1945	1.4566506598675504
1946	1.3229853225900197
1947	1.3602781238033477
1948	1.5365723685420585
1949	1.4959937121998141
1950	1.5493699397817147
1951	1.521574968981281
1952	1.1640251118441476
1953	1.5001562991718822
1954	1.3888004156272586
1955	1.4243222112901204
1956	1.337444535914853
1957	1.4610872246128226
1958	1.4880862986198375
1959	1.4553611161788969
1960	1.4014933984945415
1961	1.5938769668097807
1962	1.270161730870787
1963	1.2670605385546923
1964	1.3573223446781393
1965	1.462757840450477
1966	1.290588592661716
1967	1.708707755036177
1968	1.2395156385134927
1969	1.3885677245126233
1970	1.3409652976492354
1971	1.4060572145470827
1972	1.6140431576114203
1973	1.5799229940528685
1974	1.6022446514262778
1975	1.446328737534007
1976	1.3134395614512409
1977	1.3998803542673108
1978	1.5334137828996262
1979	1.4032989106562692
1980	1.3794790733984394
1981	1.7205361316233612
1982	1.5919982526027998
1983	1.5181908723561672
1984	1.606180625732138
1985	1.3889109236956516
1986	1.16068110638915
1987	1.6240717054053082
1988	1.4962778733944935
1989	1.3562092582769942
1990	1.4833900428136568
1991	1.5896061882657981
1992	1.3589801275623299
1993	1.5786475723651514
1994	1.67635055780285
1995	1.5369217697102335
1996	1.5707370140793355
1997	1.4483031219667493
1998	1.4335169809854345
1999	1.4885920199719647
2000	1.3898219793404767
2001	1.3447891066217634
2002	1.5269536271416768
2003	1.2831643715271215
2004	1.3165132429783308
2005	1.4488351571689537
2006	1.2810959293664408
2007	1.343468157696587
2008	1.551304127310208
2009	1.2936303373862643
2010	1.4927035036019545
2011	1.3867529273092032
2012	1.3970985139693068
2013	1.3271028922989183
2014	1.1083508512005422
2015	1.233198191366147
2016	1.5071831282329615
2017	1.2426666419279533
2018	1.3599263561416794
2019	1.3081807113744002
2020	1.1490286892069455
2021	1.3335716878180524
2022	1.3582826221317679
2023	1.131336907727987
2024	1.331124708905319
2025	1.451903573120569
2026	1.5387298145743484
2027	1.3117909107220078
2028	1.6776398741916105
2029	1.390264666109341
2030	1.3035253782407135
2031	1.220711268825439
2032	1.406507670643094
2033	1.469029808406954
2034	1.3927164572877402
2035	1.4505015530815695
2036	1.3367460214519713
2037	1.5648871043810872
2038	1.2672399073392449
2039	0.7879402268686122
2040	1.7230515599314877
2041	1.384576559733803
2042	1.496410150679274
2043	1.5177419645304728
2044	1.4620880394676816
2045	1.5997707092346343
2046	1.3850110626854317
2047	1.4798513031422702
2048	1.7387054397805715
2049	1.618373983663352
2050	1.2398471161717057
2051	1.5872945038108588
2052	1.6222405743936772
2053	1.5375839951763073
2054	1.5560144764586836
2055	1.5622332290615095
2056	1.5885013816802118
2057	1.5214658098682825
2058	1.3258169182787156
2059	1.5172276046401827
2060	1.6429552502888491
2061	1.6081586520081177
2062	1.2624871533568194
2063	1.5083364814003697
2064	1.6892754221063262
2065	1.4143218363227785
2066	1.238608577780247
2067	1.6584411955652558
2068	1.4922227907513135
2069	1.4204110034540698
2070	1.5996606308817083
2071	1.5104524931530625
2072	1.398094538210638
2073	1.3921452885840961
2074	1.3533333034828918
2075	1.4608549110689786
2076	1.478930157067269
2077	1.4963977294146116
2078	1.3975071192953221
2079	1.4718378586001046
2080	1.4555786905419692
2081	1.6322284233067137
2082	1.6094811388929036
2083	1.392143866454582
2084	1.429647661382694
2085	1.480362574137973
2086	1.3038240266104175
2087	1.3423345839251735
2088	1.512029565125648
2089	1.3384255586405782
2090	1.4042461270583106
2091	1.500251757461245
2092	1.34477574851967
2093	1.399689693126267
2094	1.4648264485285847
2095	1.6276970016374575
2096	1.5741921149553144
2097	1.611421224252001
2098	1.3687755142902789
2099	1.588965510558902
2100	1.583200900838859
2101	1.4223897319050307
2102	1.4287630629853658
2103	1.4813020712678948
2104	1.4610397345217625
2105	1.5153854449898398
2106	1.6821481284808208
2107	1.4031256731190944
2108	1.5209528720566459
2109	1.6680737392942857
2110	1.6639324443622643
2111	1.5822868770716865
2112	1.4528676847418238
2113	1.5749232256073078
2114	1.269640405660566
2115	1.427328267386588
2116	1.3024486705751848
2117	1.584547419471554
2118	1.6110904890146063
2119	1.436187021332624
2120	1.3705683566270233
2121	1.3714854298680885
2122	1.5036688605171105
2123	1.63192760874619
2124	1.4834306667574486
2125	1.3792004561715545
2126	1.5218414099438617
2127	1.5071602673628888
2128	1.2904381175558832
2129	1.2811450626585972
2130	1.5501600958174429
2131	1.6699887393985753
2132	1.6682032927184307
2133	1.5554696555496577
2134	1.5419172436728064
2135	1.4414833523518833
2136	1.532042975663528
2137	1.6708207943346023
2138	1.6508443157356465
2139	1.5833629092698382
2140	1.429306719124919
2141	1.565441619227076
2142	1.4946159062342412
2143	1.5281741912031226
2144	1.506893390648077
2145	1.4340920051240935
2146	1.6280311341947118
2147	1.6238053422193324
2148	1.649160023429324
2149	1.6949114762191588
2150	1.6124359821692495
2151	1.5480088277496937
2152	1.5910067599125794
2153	1.2928617328745249
2154	1.61459165678459
2155	1.5083570819473884
2156	1.4533721974261213
2157	1.4705698888236618
2158	1.3880084789985334
2159	1.5473875513067232
2160	1.4944229081197695
2161	1.4322248603414267
2162	1.4579769891223175
2163	1.3304496152582916
2164	1.5268189868818849
2165	1.2170163253799968
2166	1.3122197858555131
2167	1.44703164843093
2168	1.4605046887393818
2169	1.4625846696177136
2170	1.6701309109069715
2171	1.4912426632404467
2172	1.4833151959031934
2173	1.3534059155218912
2174	1.4657239706867402
2175	1.3442216739554655
2176	1.4609950481446423
2177	1.391444270619655
2178	1.377248021194378
2179	1.3047153271995762
2180	1.4537027954847384
2181	1.618604343629843
2182	1.4850489165224294
2183	1.551274978262553
2184	1.4441794199406317
2185	1.5099886255108208
2186	1.3936242943583783
2187	1.2995697633219017
2188	1.6220424275285787
2189	1.6738437946310274
2190	1.5219102399326905
2191	1.5990643821221704
2192	1.4484729620756007
2193	1.4697829061428547
2194	1.5852180953037678
2195	1.5073440444796922
2196	1.704666949244096
2197	1.4785098860054773
2198	1.2707979571202712
2199	1.4918248578625974
2200	1.6870633776841164
2201	1.5577489922272
2202	1.4405741917513715
2203	1.5793933266433686
2204	1.4659346049430497
2205	1.3469825359305014
2206	1.4383125895723115
2207	1.5225433778948185
2208	1.7059219420317309
2209	1.534318374790552
2210	1.3933911124768885
2211	1.4066886364204996
2212	1.5274733741489672
2213	1.475750625089729
2214	1.5644853741199
2215	1.4313663871459976
2216	1.4176558717839909
2217	1.674722219614035
2218	1.5375614891705147
2219	1.6640326494834983
2220	1.6705053408589898
2221	1.4172737967351845
2222	1.4516780676210268
2223	1.4408241304549705
2224	1.5097826164134416
2225	1.4654129827558653
2226	1.3917483360477854
2227	1.3702486111807854
2228	1.4649156438886874
2229	1.5740481866001101
2230	1.3427822064400736
2231	1.4448202802956505
2232	1.5171450908672894
2233	1.3909122219779613
2234	1.6669387031587242
2235	1.5262684500997947
2236	1.3853171706415697
2237	1.35205524698215
2238	1.4947634067632407
2239	1.3893295692949983
2240	1.3494224856435342
2241	1.3924818568338784
2242	1.3538133082634394
2243	1.4635133230955026
2244	1.4972958663847307
2245	1.1790837636889853
2246	1.204726911136476
2247	1.3402633983824894
2248	1.2986550513872988
2249	1.4758011743093415
2250	1.3003371778137085
2251	1.3993296637741186
2252	1.2711689386565335
2253	1.3329016521310144
2254	1.4194547171947207
2255	1.3565917507403469
2256	1.2574006808819733
2257	1.2712316184222212
2258	1.4272728080418204
2259	1.41412739084732
2260	1.2558955025238607
2261	1.1665249107515867
2262	1.3617174761892372
2263	1.225576522092898
2264	1.4337704829553675
2265	1.4020571336419585
2266	1.557621467333884
2267	1.3157067104137186
2268	1.3404567603965234
2269	1.6506739553549639
2270	1.5579550032584084
2271	1.3926103798221334
2272	1.4890645628623804
2273	1.5338347615326149
2274	1.2221704288786925
2275	1.3766401109592734
2276	1.216932733288832
2277	1.440106463131068
2278	1.407957116144049
2279	1.303965177481535
2280	1.3567563467815533
2281	1.3355831044734199
2282	1.2001296744639047
2283	1.107057553573134
2284	1.258175799262875
2285	1.2241312998572398
2286	1.1747434786045436
2287	1.3577015414546654
2288	1.2185797461651109
2289	1.2453034062977972
2290	1.383349389484016
2291	1.4202700358306657
2292	1.3060547332656407
2293	1.297716414230178
2294	1.208523888351187
2295	1.3543247317960638
2296	1.567008845671124
2297	1.2354708691026526
2298	1.4377403026648394
2299	1.5027504706545556
2300	1.2642129925000367
2301	1.425643733151928
2302	1.4602934730914883
2303	1.3971182084501554
2304	1.5492770357284666
2305	1.3883863065819058
2306	1.644839545705813
2307	1.3222319201054944
2308	1.606446203379331
2309	1.3927103415585906
2310	1.4131036742933543
2311	1.518214047705172
2312	1.2743919075985373
2313	1.269955289447281
2314	1.2162459554007121
2315	1.6958904273154833
2316	1.3530724785828778
2317	1.2525148861334017
2318	1.2503016427999625
2319	1.6735572467426112
2320	1.388243255199333
2321	1.5718475796495335
2322	1.2596636303963111
2323	1.2498296703444904
2324	1.4003099106131252
2325	1.3881801081751401
2326	1.4459328491377794
2327	1.2272689027327386
2328	1.5805584734852058
2329	1.384374944738866
2330	1.2960378761858047
2331	1.3589222069654483
2332	1.368920645178035
2333	1.2399979842467204
2334	1.4568275855237662
2335	1.490753942698037
2336	1.329078735370569
2337	1.5336206020855492
2338	1.4271004458830963
2339	1.5660601910858298
2340	1.0880213161725396
2341	1.5034964111744475
2342	1.6020972395067314
2343	1.3610806646086593
2344	1.3111669478749404
2345	1.4731579412802331
2346	1.7257180625033537
2347	1.5608287305620638
2348	1.1730573211318653
2349	1.3828030169481667
2350	1.5222447379886617
2351	1.3051067804651162
2352	1.53633838048002
2353	1.3324367046190022
2354	1.3665027111251034
2355	1.519178938634588
2356	1.5301682608394829
2357	1.5285284917452644
2358	1.4211863935797084
2359	1.520318035460228
2360	1.3739785031893854
2361	1.3237847566220111
2362	1.3810494987341804
2363	1.5229262841135838
2364	1.5476878779063075
2365	1.216350403289445
2366	1.5534714187330356
2367	1.443173729520674
2368	1.372503516307806
2369	1.3141743657681675
2370	1.4477141609493254
2371	1.4706100573189207
2372	1.4238441869848861
2373	1.2217865818502247
2374	1.501538592984797
2375	1.3428240795247237
2376	1.6990692985982614
2377	1.282266319251924
2378	1.2653809379894885
2379	1.3175044172131527
2380	1.5005196761918687
2381	1.2206136476355953
2382	1.2321513697762494
2383	1.5973531784705457
2384	1.58984074158447
2385	1.2215579799802205
2386	1.340277019203605
2387	1.3584528276492067
2388	1.3715295534158007
2389	1.607844402460668
2390	1.5986509560806939
2391	1.4007808395099253
2392	1.417779788486497
2393	1.58557434127767
2394	1.4829629394355588
2395	1.3817315325824369
2396	1.3645224678261223
2397	1.1825501488080485
2398	1.2180612401763908
2399	1.6403745159473662
2400	1.5378860518715332
2401	1.2939294127606182
2402	1.2766272464386563
2403	1.3077715557678626
2404	1.4147578004985288
2405	1.320811845598359
2406	1.206947760527387
2407	1.4635516980727488
2408	1.2929345691655638
2409	1.182259520401419
2410	1.3682127985128534
2411	1.211753936440014
2412	1.4618706036792277
2413	1.3501779340948337
2414	1.2648146140898742
2415	1.5109729378423424
2416	1.5607489831530548
2417	1.497234027802347
2418	1.5404003214014959
2419	1.54571517344431
2420	1.6786939791946258
2421	1.6675367575272537
2422	1.561418918497246
2423	1.3943145291458416
2424	1.4985803776849644
2425	1.3180051200707819
2426	1.375295788440159
2427	1.4957132727545641
2428	1.5577933596516882
2429	1.3979407435551316
2430	1.5561233595564954
2431	1.5830289420748347
2432	1.5067218080857665
2433	1.299397168764609
2434	1.532823483084765
2435	1.4424114234433705
2436	1.4427555264358818
2437	1.352561959018413
2438	1.5530228782366773
2439	1.4597506574202
2440	1.2559881318374984
2441	1.5335600046329148
2442	1.6384316116068127
2443	1.4202800633745187
2444	1.3842523223448049
2445	1.4757978105568912
2446	1.5134862434410672
2447	1.4338471501944905
2448	1.5481889329180034
2449	1.3379149405801616
2450	1.2547107824823904
2451	1.3314365420573435
2452	1.330310376769503
2453	1.4822061236771669
2454	1.3652757710781331
2455	1.5400686748515664
2456	1.2944209488436609
2457	1.2811390925911892
2458	1.2945572847386273
2459	1.4214382802317638
2460	1.1384774687459414
2461	1.3016503137188125
2462	1.518760488914197
2463	1.2463643509021214
2464	1.547567696684606
2465	1.280195754657191
2466	1.2398613677913322
2467	1.5678840074184335
2468	1.6697396108220102
2469	1.5583918364625173
2470	1.4158337799637635
2471	1.489511897444458
2472	1.2795808523278294
2473	1.381241164805142
2474	1.3627746185511564
2475	1.490512091240582
2476	1.382804930889788
2477	1.544718813820965
2478	1.3849333518322853
2479	1.3978975252369816
2480	1.5555388106304329
2481	1.563683071966519
2482	1.4739687382067213
2483	1.5633116258139759
2484	1.5478853198364535
2485	1.2011303983272001
2486	1.3001908772587385
2487	1.5148000573468094
2488	1.3905724651724851
2489	1.598189916247212
2490	1.6802235557708278
2491	1.6205608167058956
2492	1.391979962438667
2493	1.52000482910317
2494	1.4706920599190336
2495	1.4768115162454722
2496	1.4593198993559318
2497	1.5163574473423425
2498	1.5869751874388862
2499	1.350029013191922
2500	1.4748761087752793
2501	1.2487408660797208
2502	1.3837902255254189
2503	1.5752223141884594
2504	1.5292193211477436
2505	1.2396768139522731
2506	1.1663572927718164
2507	1.3782384236759382
2508	1.4318534255872497
2509	1.357533760242104
2510	1.6077517073930645
2511	1.380521935900598
2512	1.2399075924963812
2513	1.6017673807811246
2514	1.4284589935685896
2515	1.5371166325515455
2516	1.573820865447545
2517	1.4711176844967744
2518	1.4148533173769857
2519	1.2226082786529378
2520	1.4301234596402252
2521	1.333061547074083
2522	1.486716342677901
2523	1.3169891419347446
2524	1.4421730220214874
2525	1.3221442965330927
2526	1.2933409335662787
2527	1.1871486417156423
2528	1.4543368326893222
2529	1.2800150294898713
2530	1.534331511745054
2531	1.3911512052890556
2532	1.0932600765482035
2533	1.1539979712929316
2534	1.5063207462229289
2535	1.3049528033942062
2536	1.3157579560207433
2537	1.3439182823155336
2538	1.3185252515966868
2539	1.554866198830823
2540	1.3430048456657322
2541	1.3864632065851
2542	1.2815929248510844
2543	1.4328030050445288
2544	1.4303743823505757
2545	1.65359584112822
2546	1.4586808046706863
2547	1.423038584978712
2548	1.3456210444506334
2549	1.4149454063503122
2550	1.359353662603974
2551	1.4047557390992749
2552	1.4675382547898357
2553	1.39225902943208
2554	1.2610014220223185
2555	1.468691734632148
2556	1.609662256517574
2557	1.4243173463323868
2558	1.2004446870139618
2559	1.47392054563435
2560	1.034230643150238
2561	1.4781543413035054
2562	1.3130498695438446
2563	1.2663069792892814
2564	1.3341635137102916
2565	1.5854572038237462
2566	1.4808431385412224
2567	1.7049024570296345
2568	1.5658372534150262
2569	1.3922846001485516
2570	1.3948442526458995
2571	1.5900685535655952
2572	1.5559049990768135
2573	1.4558272526120428
2574	1.5537681990420296
2575	1.506504115604515
2576	1.5516855210882015
2577	1.5850027817510766
2578	1.6777805399964862
2579	1.4941422492516767
2580	1.6454004731778757
2581	1.4096520550346305
2582	1.3108113268877544
2583	1.661940000101499
2584	1.3960255755610491
2585	1.3382858528548407
2586	1.577605077156502
2587	1.6853484270373829
2588	1.672774090934094
2589	1.6200297106498907
2590	1.4612002154479462
2591	1.339135868989153
2592	1.3943620147033708
2593	1.388764121374761
2594	1.53618984524189
2595	1.4330923752845384
2596	1.3607098884537954
2597	1.512941340203563
2598	1.6027004707304136
2599	1.6012918714171505
2600	1.4785937518169634
2601	1.4903284321099814
2602	1.572765676538173
2603	1.575658535541415
2604	1.5753001176633898
2605	1.477557497866435
2606	1.4070785582261855
2607	1.5285701489498416
2608	1.4281589982487222
2609	1.4515969924189733
2610	1.3523944805109858
2611	1.4713395540627334
2612	1.3255851571694555
2613	1.358553309263317
2614	1.1371683169154716
2615	1.1593016420779978
2616	1.2538607427006236
2617	1.3309298023287244
2618	1.471684679380843
2619	1.2739034708396952
2620	1.3524835122554302
2621	1.468206988690054
2622	1.5008757413630598
2623	1.512171480312642
2624	1.3633679085726371
2625	1.3320815730758826
2626	1.2106377400162138
2627	1.5183026637562353
2628	1.5000079850555192
2629	1.2843921100152609
2630	1.490845622673634
2631	1.63253249490072
2632	1.3731368876193903
2633	1.5615796347229172
2634	1.4857681540418959
2635	1.4151716045041176
2636	1.4949296075757574
2637	1.3710582821644202
2638	1.4192313041847424
2639	1.4137047749433584
2640	1.4880448687791654
2641	1.2926833235467678
2642	1.3575589989079087
2643	1.652862475709243
2644	1.326528353187612
2645	1.3978387383244355
2646	1.4562280383221275
2647	1.3756184031878869
2648	1.6149800638485465
2649	1.538001799410987
2650	1.5055415575765998
2651	1.4749867550037032
2652	1.372521173111047
2653	1.3365949958059329
2654	1.4449777623871654
2655	1.36519643828953
2656	1.4471363711645966
2657	1.545612657649349
2658	1.4823800253855748
2659	1.5277064627988892
2660	1.573925647836128
2661	1.3347944371383993
2662	1.6807396133850627
2663	1.5551922106215226
2664	1.5572970540561015
2665	1.576109399054381
2666	1.396859096708717
2667	1.4851304645294634
2668	1.405733558864914
2669	1.5962369866198964
2670	1.3749670303593653
2671	1.283742362605628
2672	1.388498361461688
2673	1.5182662319065248
2674	1.4600491715337778
2675	1.5338192024702981
2676	1.6658517561836346
2677	1.3472507236930271
2678	1.361694540668875
2679	1.4939734799188131
2680	1.5447704080428921
2681	1.381402067679629
2682	1.6485147020559292
2683	1.4053796364481996
2684	1.475585054960691
2685	1.5477245171211949
2686	1.3009097644042058
2687	1.6268196380944546
2688	1.3441539234736388
2689	1.2308482696073901
2690	1.5227704394973394
2691	1.4067776651753312
2692	1.5219578269448089
2693	1.2185495151060595
2694	1.4522538024473775
2695	1.5227363545766175
2696	1.3915100611793063
2697	1.47109703048078
2698	1.4897682113948163
2699	1.3374541675346936
2700	1.6936277767353618
2701	1.5356022474361817
2702	1.2153736552101462
2703	1.4873354454338101
2704	1.5187319925540985
2705	1.4231221890738648
2706	1.3978045530014445
2707	1.5141215734575508
2708	1.5748200904249186
2709	1.3907666013322506
2710	1.5958771897638044
2711	1.6158231401632588
2712	1.5221314026539812
2713	1.340559237557242
2714	1.5449654914052326
2715	1.4349772848201416
2716	1.5165013449390052
2717	1.4070225106842766
2718	1.553599569568364
2719	1.3918822921437697
2720	1.6620321417324249
2721	1.656078453185207
2722	1.4453950592254197
2723	1.5868640221077972
2724	1.6121076884916283
2725	1.4471223812091278
2726	1.336609415120764
2727	1.5097708827297398
2728	1.6428142360678937
2729	1.2544472615403728
2730	1.4917635721896698
2731	1.5256069589995092
2732	1.6574799179131041
2733	1.646776440785475
2734	1.8359653538860068
2735	1.3415692181507965
2736	1.4355788285404898
2737	1.7297740770244157
2738	1.531728823729169
2739	1.4374976280321965
2740	1.5338837718397926
2741	1.5469089070959365
2742	1.3288327242723803
2743	1.3884923947715713
2744	1.3975794010189604
2745	1.6648818190329862
2746	1.5751911062276243
2747	1.2544342997212914
2748	1.4890159864166028
2749	1.2609455362887754
2750	1.2893108168687102
2751	1.1247716568594948
2752	1.2306674587467685
2753	1.2937740474909394
2754	1.3998001181234176
2755	1.394104318278914
2756	1.344027956562244
2757	1.3608976249633895
2758	1.404101857209682
2759	1.1578555977373521
2760	1.6030547722625847
2761	1.214201613174694
2762	1.17278645088842
2763	1.2290507487193056
2764	1.1922835991404772
2765	1.4744046466680134
2766	1.3814467846918403
2767	1.5198515928907852
2768	1.5645949966799042
2769	1.3776505820091347
2770	1.4711856409641948
2771	1.5227865082502532
2772	1.3340412835880489
2773	1.3183751973125868
2774	1.089587467020272
2775	1.3506078747909473
2776	1.560429381616544
2777	1.6216397173951618
2778	1.2942407497106494
2779	1.3944621958374628
2780	1.2995968463226162
2781	1.2677470171788157
2782	1.403872551233951
2783	1.632276962287297
2784	1.5489639844302754
2785	1.4092748884096415
2786	1.3217032693400446
2787	1.3753296315676609
2788	1.5186142379771304
2789	1.694993518912016
2790	1.41525376992662
2791	1.4300628631747263
2792	1.629774751849455
2793	1.2693603301067833
2794	1.3604944856485623
2795	1.2651753441740354
2796	1.1286732841430311
2797	1.343009934868383
2798	1.4184806597323092
2799	0.9448284412395193
2800	1.4415129157886972
2801	1.0597985784321553
2802	1.4335713957990361
2803	1.3558229492334166
2804	1.3415781476270974
2805	1.2971689861167117
2806	1.301166598684916
2807	1.4825006574655957
2808	1.4123269439090325
2809	1.4167503458754993
2810	1.4609716168410933
2811	1.3724994291952415
2812	1.4953684464566976
2813	1.4818494252956056
2814	1.3353926048312685
2815	1.7475755110015114
2816	1.398845944402263
2817	1.3182071007116938
2818	1.2384854952639965
2819	1.498598003166241
2820	1.2339741458036326
2821	1.5641074744028711
2822	1.3778573097448203
2823	1.3342373599300985
2824	1.4519703834648492
2825	1.3670344306965878
2826	1.372300436606355
2827	1.2987266931992694
2828	1.1125514421491094
2829	1.2791897336702698
2830	1.2616442312442784
2831	1.3557834451881907
2832	1.4125221006056554
2833	1.5834203210103661
2834	1.3329316910430207
2835	1.385735972303061
2836	1.4915892490592126
2837	1.4706356760818453
2838	1.404440250900913
2839	1.0786238276862812
2840	1.3537541865894858
2841	1.55112210582472
2842	1.4478309688443212
2843	1.6783160562060713
2844	1.3938245927035111
2845	1.549435030484764
2846	1.4940345833130482
2847	1.3464362191722128
2848	1.3507745165786824
2849	1.4142362857909392
2850	1.469239069665558
2851	1.3745645213767552
2852	1.2559136139571456
2853	1.462839906333867
2854	1.2612543937988698
2855	1.2587990728072633
2856	1.3865281577434396
2857	1.3265057446567883
2858	1.1708580064387564
2859	1.1667715066284219
2860	1.3769325655097417
2861	1.6115323176200913
2862	1.1501932324624016
2863	1.3606806427092148
2864	1.5407065958393964
2865	1.5830128667135674
2866	1.2957415103561731
2867	1.2812227710962458
2868	1.459575428852786
2869	1.2793616851326228
2870	1.5251146093613777
2871	1.4182778315522642
2872	1.2870583524419827
2873	1.3270828285701244
2874	1.2970389154197222
2875	1.435989740508348
2876	1.269637404571154
2877	1.1641316808862314
2878	1.301878039490886
2879	1.5546870289517023
2880	1.311696894885124
2881	1.1996914602973865
2882	1.4488455248973882
2883	1.3654378336071653
2884	1.270209439669643
2885	1.2548481803534755
2886	1.5278791089305168
2887	1.5712981510702895
2888	1.122029476435527
2889	1.4460242053062173
2890	1.4239089437693686
2891	1.2395764483869391
2892	1.153428647729071
2893	1.282161611155528
2894	1.4616027074687707
2895	1.2357040173680727
2896	1.5011994427233368
2897	1.3659037648306582
2898	1.3327841389869084
2899	1.3854596017342997
2900	1.2440410715866257
2901	1.3020169872882177
2902	1.1284138307152793
2903	1.3362465864066213
2904	1.1982535371132261
2905	1.4863080873841212
2906	1.266690360831399
2907	1.1336630896312636
2908	1.3844164425276793
2909	1.1176285475500405
2910	1.4393481626579283
2911	1.2358432349726833
2912	1.1051048505622239
2913	1.400984589903898
2914	1.4229197393335977
2915	1.4247232995120376
2916	1.2994112938264373
2917	1.6508338421651292
2918	1.4666579876975347
2919	1.6710576852823529
2920	1.326352132788616
2921	1.5579885970006213
2922	1.537339058499776
2923	1.3491675875762323
2924	1.5069901445475324
2925	1.5552522324792815
2926	1.5662369719214944
2927	1.3864532852844633
2928	1.502391882763643
2929	1.4420323958540937
2930	1.3490399528335228
2931	1.3715709092789605
2932	1.3107419518354608
2933	1.5284740355315085
2934	1.3471960106789664
2935	1.2913310534177844
2936	1.5923403381589842
2937	1.6539981533572663
2938	1.508428088433129
2939	1.475754218651946
2940	1.5250829968039061
2941	1.5710753999896108
2942	1.501452534714532
2943	1.4979852337183985
2944	1.4208829222969435
2945	1.5235268625273377
2946	1.5419958435363312
2947	1.5394128325168908
2948	1.478661292521364
2949	1.4028417127677761
2950	1.730378613493096
2951	1.3598883472763306
2952	1.5680149517179776
2953	1.492474666860129
2954	1.6033605462520675
2955	1.300363262049328
2956	1.5393422371916854
2957	1.6009776203753212
2958	1.6479605367803865
2959	1.4460844921549234
2960	1.5490222087171872
2961	1.5378234496841465
2962	1.5348509378401516
2963	1.4408466492004062
2964	1.4113664881179118
2965	1.5112871175468123
2966	1.4943360931828047
2967	1.3824109245576708
2968	1.401529619445143
2969	1.5419176211194228
2970	1.3723424110777667
2971	1.5024412449953926
2972	0.7115672353605514
2973	1.3746216358111485
2974	1.280750113555423
2975	1.3314148245331536
2976	1.3943936919003652
2977	1.3039644856287254
2978	1.2757742377639714
2979	1.369937423096189
2980	1.4987533394787087
2981	1.3959306529220354
2982	1.4491540304765491
2983	1.5065422618777045
2984	1.3662090025529716
2985	1.4696997102118843
2986	1.2743971985760782
2987	1.4919185431691395
2988	1.4221987107000755
2989	1.4113304459787335
2990	1.3190232494545093
2991	1.483157152117017
2992	1.4608899675904028
2993	1.3486605764336559
2994	1.5532794964104266
2995	1.4370864429749504
2996	1.3627436138697488
2997	1.4723986764733028
2998	1.4470610074158115
2999	1.2534173664328065
3000	1.586035455791865
3001	1.4617886838423653
3002	1.412569835210207
3003	1.4490708452150713
3004	1.3835691678957718
3005	1.4916347346752041
3006	1.3143878596220748
3007	1.1549225393614173
3008	1.5423664347305521
3009	1.3001001448346605
3010	1.376994919614908
3011	1.477695283556246
3012	1.4762128566410526
3013	1.4414762220372235
3014	1.6334224133830018
3015	1.257527276196231
3016	1.5646294963702474
3017	1.3719735839807792
3018	1.4203385985374286
3019	1.1879953013759885
3020	1.4632261777525681
3021	1.545848566307301
3022	1.4894059702977354
3023	1.7305235300038084
3024	1.4096505719379988
3025	1.497979833661513
3026	1.4747833012645686
3027	1.3718534662923676
3028	1.5384011983577666
3029	1.4359149546878298
3030	1.0372402550501563
3031	1.411734079902334
3032	1.462660666723717
3033	1.5300361625292531
3034	1.4521509658908944
3035	1.5412508401363954
3036	1.4560572764206046
3037	1.5793013903746922
3038	1.5534290294516755
3039	1.3391367100065381
3040	1.3894404618735403
3041	1.4278484280724337
3042	1.2651612963270835
3043	1.6464514290544976
3044	1.3910670751296694
3045	1.5251004454462982
3046	1.518383289788114
3047	1.3511955597133827
3048	1.3744139517928804
3049	1.5554558635026
3050	1.4752674949812574
3051	1.4386271323988238
3052	1.5778905718823455
3053	1.495794061993909
3054	1.5399733479545046
3055	1.3785775384579477
3056	1.3290785165985461
3057	1.3262937558109555
3058	1.466663034373168
3059	1.3886942547389334
3060	1.3497077206895234
3061	1.3981178177137772
3062	1.471220670579582
3063	1.4228788258339367
3064	1.4584778179998403
3065	1.5285904354683741
3066	1.4392700154861102
3067	1.5775928685944087
3068	1.450098493241952
3069	1.4872647870273406
3070	1.3938879809050415
3071	1.415888477819069
3072	1.5150775222133301
3073	1.6646762830173993
3074	1.3846854099407375
3075	1.5435601896215072
3076	1.4137030637466885
3077	1.5477261037571912
3078	1.508769347593529
3079	1.3996922296612735
3080	1.6502676970001073
3081	1.5474232544534667
3082	1.3421553518052252
3083	1.4377789157160623
3084	1.6705383668796634
3085	1.5035444465167371
3086	1.503875979617369
3087	1.5948555889142353
3088	1.444626180595325
3089	1.5823519209156607
3090	1.560148791457605
3091	1.5879477722758142
3092	1.5123770552245615
3093	1.5259272622796713
3094	1.4247799866357274
3095	1.3877995554606621
3096	1.6566012336251477
3097	1.5495739283884522
3098	1.627092693957445
3099	1.3359697975253926
3100	1.4859027139353185
3101	1.3698949616931997
3102	1.3944765274154798
3103	1.4187621025064217
3104	1.4671375127782698
3105	1.435409633820744
3106	1.6004205897083414
3107	1.4723745032175846
3108	1.593383135502048
3109	1.4852723074688448
3110	1.4540415958171626
3111	1.4385473695209907
3112	1.3850574444259056
3113	1.4248481117716105
3114	1.4011431682369027
3115	1.5001614317437224
3116	1.4619071745735253
3117	1.3952450966360068
3118	1.412798889843323
3119	1.2473639074105585
3120	1.4180232517982234
3121	1.5414459061896904
3122	1.5009305438259049
3123	1.4522848872621232
3124	1.4136938267927104
3125	1.4447888063370589
3126	1.5532233026218252
3127	1.5007465059439926
3128	1.492767927057564
3129	1.4003597089291104
3130	1.4200156820219454
3131	1.365677454681469
3132	1.558955873505857
3133	1.5087916947902977
3134	1.647115683252141
3135	1.3902618186359914
3136	1.4199708123831838
3137	1.4156976239417747
3138	1.673758332246389
3139	1.4194210612858236
3140	1.5048285919319557
3141	1.3379797769544735
3142	1.6186663095045577
3143	1.3326459268205926
3144	1.5931176174796768
3145	1.6714716386394515
3146	1.525897695107695
3147	1.4895059836121651
3148	1.6396961680066002
3149	1.3330726926433183
3150	1.5027990220028786
3151	1.3757694926910837
3152	1.3226323552386845
3153	1.6901485421075717
3154	1.4681235953620342
3155	1.3924188490110907
3156	1.4787073176600876
3157	1.3356472283384142
3158	1.4502553582584652
3159	1.6447784667474197
3160	1.5413670465546303
3161	1.2737875216166108
3162	1.3999643461947315
3163	1.3640888424903401
3164	1.5609250069774168
3165	1.4100153270598943
3166	1.5335575684812828
3167	1.5629602480391378
3168	1.2302718745694639
3169	1.5564976116640836
3170	1.3611936108661222
3171	1.449386380239389
3172	1.4403048078308696
3173	1.322962469710343
3174	1.45258733763955
3175	1.4977803449008191
3176	1.3798341687971638
3177	1.2928460237129982
3178	1.5188432756510966
3179	1.5030330493780117
3180	1.4869483893134594
3181	1.2907619966196064
3182	1.4044679827746729
3183	1.5610609166175489
3184	1.4476500093388938
3185	1.5413496817475916
3186	1.4889857609079495
3187	1.471749987913428
3188	1.3919069096212313
3189	1.4986920932522725
3190	1.4889900749822091
3191	1.5912400852656414
3192	1.3220759308265015
3193	1.5837684331234545
3194	1.2361982970814818
3195	1.3762915873214177
3196	1.3773320168659806
3197	1.4297195018689808
3198	1.4139485800005807
3199	1.457564971393304
3200	1.3712150793156166
3201	1.421624670829114
3202	1.1542424269929188
3203	1.2291672355260952
3204	1.3914433783743139
3205	1.5616356534561464
3206	1.5048611148294562
3207	1.5279462179031373
3208	1.237417015825752
3209	1.2877710045030164
3210	1.5695380881150058
3211	1.2590712897352931
3212	1.488156213704089
3213	1.4966917611570292
3214	1.3598444883012157
3215	1.5030535293292155
3216	1.3504190449641023
3217	1.3937344490675467
3218	1.4393003328264737
3219	1.5483507591775267
3220	1.2800400594262165
3221	1.5058894945271133
3222	1.5402959727924006
3223	1.3928826472598566
3224	1.1357889147255789
3225	1.470864781095289
3226	1.4834878369375062
3227	1.4728356789529693
3228	1.534605770505062
3229	1.5712213658183003
3230	1.4251713376726831
3231	1.5417306512262523
3232	1.484399927477074
3233	1.3393927419361502
3234	1.5311734926416767
3235	1.4832905972576136
3236	1.2997665981851223
3237	1.4560684247027782
3238	1.3115506482391115
3239	1.487672320641444
3240	1.453936443227037
3241	1.4544653941590209
3242	1.3587354360069963
3243	1.319027705861664
3244	1.4764624486922073
3245	1.3932959320362621
3246	1.500636542836124
3247	1.6216038190917825
3248	1.4544226873600221
3249	1.5235371234039352
3250	1.4555238424917971
3251	1.4602092773638877
3252	1.3767227615508424
3253	1.6391012445251436
3254	1.505717953852901
3255	1.6106749892708487
3256	1.4398211998659467
3257	1.4890730921516373
3258	1.4181116042457658
3259	1.351677061903699
3260	1.5503525862048289
3261	1.45021060874608
3262	1.4944797193882728
3263	1.4418376553333048
3264	1.4481214268608416
3265	1.3517658887499817
3266	1.3532376394328096
3267	1.4618788013838702
3268	1.4837523380413633
3269	1.3212277673205506
3270	1.5622141189462078
3271	1.258850060711238
3272	1.4737186509829863
3273	1.6742050611582409
3274	1.4307648276750458
3275	1.4248659267309052
3276	1.1760814219168647
3277	1.089113980964083
3278	1.5719481547071663
3279	1.3877521905308101
3280	1.3808475263403852
3281	1.512081365169607
3282	1.409533220314864
3283	1.547658880424718
3284	1.1564016115385074
3285	1.4163264560527153
3286	1.3388069102140132
3287	1.1151587069943796
3288	1.435366167757597
3289	1.4409661231459203
3290	1.1738962964525665
3291	1.2082874863814954
3292	1.1630363079975221
3293	1.5679071725980023
3294	1.5599016512978503
3295	1.3606797450044865
3296	1.4970080408400184
3297	1.4299773293928386
3298	1.7440041637997874
3299	1.563082669441715
3300	1.6058996112213226
3301	1.221268610042878
3302	1.501904898406659
3303	1.2912664789373
3304	1.286895502261074
3305	1.2470585256124598
3306	1.2994367321329467
3307	1.545588280814142
3308	1.2566527778928045
3309	1.4750949523225956
3310	1.5192270743824126
3311	1.6414026538161066
3312	1.4265192203112784
3313	1.3463582683177984
3314	1.4374859083404714
3315	1.36594233417895
3316	1.3504268136970679
3317	1.3983805284728286
3318	1.396884952735085
3319	1.5425048050987635
3320	1.428464411838527
3321	1.488075167719581
3322	1.3263086958629282
3323	1.3811860144257282
3324	1.3575340774255424
3325	1.6334974993366478
3326	1.518639889482327
3327	1.3791243528854027
3328	1.3268652357843491
3329	1.317393770321309
3330	1.20768142851875
3331	1.579062583960769
3332	1.3465486560063915
3333	1.1356328955030106
3334	1.4457592518358902
3335	1.48285444204339
3336	1.4152945535370804
3337	1.3592125027185236
3338	1.4218787517454723
3339	1.3192064729720983
3340	1.465433785118565
3341	1.5507063407724881
3342	1.4913660500712527
3343	1.4534515668791816
3344	1.4569890680536945
3345	1.394159552863518
3346	1.4714759302979366
3347	1.6872598938741465
3348	1.4921673535940514
3349	1.3488428746409447
3350	1.5285466311317037
3351	1.5099046916189263
3352	1.4951786332083274
3353	1.3341341679656185
3354	1.4066216915017744
3355	1.5127274501517856
3356	1.4659833115366987
3357	1.5014293613279526
3358	1.401404026450637
3359	1.5986575931612228
3360	1.2064610638319326
3361	1.5600066344147747
3362	1.5323960470064988
3363	1.4256744672861204
3364	1.4256597630759986
3365	1.5126984887115738
3366	1.5972154261999958
3367	1.3721405696209477
3368	1.4345568188241937
3369	1.6120362466232305
3370	1.5023458001974026
3371	1.6050944501497986
3372	1.5304716055232164
3373	1.5729323544341305
3374	1.5720622886836362
3375	1.5625204803519694
3376	1.5104226930100535
3377	1.5332889273751638
3378	1.4357685350414273
3379	1.5292697651595555
3380	1.5313438985312429
3381	1.561013088239892
3382	1.494693636535911
3383	1.6111545098472169
3384	1.447725997793355
3385	1.472323577804342
3386	1.6950370916390154
3387	1.5038019206961344
3388	1.6430053384345795
3389	1.515464717352898
3390	1.4773983798762573
3391	1.4058533392177088
3392	1.4860568635473181
3393	1.448901087912002
3394	1.5185448991539021
3395	1.5576209699499186
3396	1.6935766154750806
3397	1.6869069288768805
3398	1.436849264453655
3399	1.4879901489076852
3400	1.37161840845384
3401	1.3803078975005318
3402	1.60948300504407
3403	1.503987399820939
3404	1.7566058654934098
3405	1.2933216922094541
3406	1.5033104073722758
3407	1.623566614760439
3408	1.3766697954432214
3409	1.4958661452165223
3410	1.4306413865336436
3411	1.1580359009911652
3412	1.6634377411714611
3413	1.5830310707577562
3414	1.675918078394973
3415	1.5994012889387093
3416	1.4278274742286718
3417	1.2884870474573893
3418	1.5628417077424925
3419	1.4908304460594213
3420	1.4851925597712263
3421	1.446040739080032
3422	1.465025661384713
3423	1.4371370716016743
3424	1.5381702059325244
3425	1.6336937765198405
3426	1.3907908683277124
3427	1.4133468292054914
3428	1.5728185678013338
3429	1.3842783715805365
3430	1.596320570902537
3431	1.5183594512573872
3432	1.4269087254474808
3433	1.4422429806777286
3434	1.3427242276852174
3435	1.5872540164590887
3436	1.1087161050265983
3437	1.443182304822403
3438	1.4098091504798171
3439	1.477172849467206
3440	1.5914646854993428
3441	1.162933340346029
3442	1.4315228171972845
3443	1.7268878929019098
3444	1.4821846484370171
3445	1.3621657270947642
3446	1.4792894296536856
3447	1.501679688023412
3448	1.282650785556082
3449	1.4172647231474202
3450	1.5555797222267491
3451	1.480874914337676
3452	1.5419830294878776
3453	1.3455403719975234
3454	1.3663717349443398
3455	1.3725693592423882
3456	1.4663510232308394
3457	1.4973490533954381
3458	1.3251489487627972
3459	1.2792422414723648
3460	1.2166487155483843
3461	1.2755767178762039
3462	1.4257799626625445
3463	1.273479617502582
3464	1.1676300011708325
3465	1.3402445093697704
3466	1.4725504006729733
3467	1.4737626760801164
3468	1.3223710897446483
3469	1.518712571080224
3470	1.39916728089319
3471	1.3650864114716077
3472	1.5523526155114906
3473	1.2940596242509614
3474	1.4769652131040871
3475	1.317844142279616
3476	1.1234463458839172
3477	1.2495890676897428
3478	1.6521799537156059
3479	1.5526383997308568
3480	1.4680649852112755
3481	1.4734355526179028
3482	1.34276847628911
3483	1.4659129067680348
3484	1.5440673111941654
3485	1.3315042239339194
3486	1.6996927503738428
3487	1.3694439049467864
3488	1.3157453593151494
3489	1.3767753412210455
3490	1.59635815448323
3491	1.3451007573568485
3492	1.391535850388392
3493	1.516543800251523
3494	1.531084370224382
3495	1.517510667445858
3496	1.341756032644994
3497	1.42002398382027
3498	1.2816077217939084
3499	1.4758885753776434
3500	1.3452574387807952
3501	1.518588263589419
3502	1.4344009525585364
3503	1.5872693752514793
3504	1.3648935487449207
3505	1.5644531387933531
3506	1.5608683776716008
3507	1.5646775978655831
3508	1.6358016693744468
3509	1.7307235181555258
3510	1.587932510696411
3511	1.4003449031218236
3512	1.3975368759065354
3513	1.3356964199418322
3514	1.5610033212271393
3515	1.469652973916981
3516	1.3340597468278246
3517	1.4718415493424308
3518	1.3337686787331169
3519	1.1830537519015316
3520	1.537545754052678
3521	1.204531916281
3522	1.3574841041015786
3523	1.3871136917726175
3524	1.242990588659181
3525	1.4898489926953986
3526	1.5541952105258054
3527	1.21238073282285
3528	1.502349992544637
3529	0.9313261671473725
3530	1.307670146305515
3531	1.3435705916684006
3532	1.4191096009019983
3533	1.2677667824341892
3534	1.4181558144084192
3535	1.3529877166348874
3536	1.3651659883603628
3537	1.3380523497591026
3538	1.372948564695149
3539	1.4627315438751203
3540	1.0631762295613976
3541	1.4748075576867912
3542	1.1664912841727473
3543	1.2808699617334907
3544	1.5476321653898106
3545	1.3093842978794186
3546	1.242156898713426
3547	1.2715536435256762
3548	1.2650995199488928
3549	1.3967834999630615
3550	1.4036761503584703
3551	1.4172042472311788
3552	1.4166078131311084
3553	1.3695552791297936
3554	1.1461324616238346
3555	1.4665168640935342
3556	1.4808377049705885
3557	1.3723788060261495
3558	1.4064744528981892
3559	1.3289724431299301
3560	1.4004682930865466
3561	1.3187979751809231
3562	1.273152135187692
3563	1.4089782659027215
3564	1.4780756887205013
3565	1.2918885846593688
3566	1.3515571315359656
3567	1.2462418034168155
3568	1.333400898975025
3569	1.5879985267734824
3570	1.5063317911825258
3571	1.6003882984587043
3572	1.4227067156375561
3573	1.6243021818534524
3574	1.4883545852594942
3575	1.4906975955943602
3576	1.407852201813305
3577	1.5691217585587045
3578	1.618096722961641
3579	1.3690187428533387
3580	1.366398648805694
3581	1.4108009487775406
3582	1.420479953879964
3583	1.422131877348053
3584	1.377734258628245
3585	1.528443376769177
3586	1.135278752380099
3587	1.1546688019239044
3588	1.2343581391607343
3589	1.2693944910551236
3590	1.2827737791913245
3591	1.3489488348993626
3592	1.0391225359391991
3593	1.2417510325128165
3594	1.3756275361473058
3595	1.5130880412114023
3596	1.2249952939444715
3597	1.3958683921559223
3598	1.2195498142553012
3599	1.3207747768125986
3600	1.5175253774167954
3601	1.3085084535184737
3602	1.366545070836651
3603	1.3190306731417292
3604	1.2915323859350571
3605	1.318389333514453
3606	1.387665644144743
3607	1.2147694933151403
3608	1.2342717534988534
3609	1.3914604249878972
3610	1.2543723982005817
3611	1.4718850074708458
3612	1.4475950807689792
3613	1.0685949646176887
3614	1.1527733524108463
3615	1.4902691423982812
3616	1.3627055138195987
3617	1.6490446578099622
3618	1.4819674996277494
3619	1.5116263846983624
3620	1.4417590142351675
3621	1.2086015512531234
3622	1.3813712305038721
3623	1.4123098532294356
3624	1.488879950178935
3625	1.4318695537727177
3626	1.2396347961490508
3627	1.402170605095706
3628	1.318403779417281
3629	1.4343008038375358
3630	1.2025218320802675
3631	1.4547495449500372
3632	1.2480918016264666
3633	1.3547383596054388
3634	1.3693512592038872
3635	1.5817016212349913
3636	1.4091742540848726
3637	1.656323759272193
3638	1.5349788895726173
3639	1.3010789823359705
3640	1.5367120742253377
3641	1.4361028865697567
3642	1.5589608935021617
3643	1.3816744981787294
3644	1.2854305279271725
3645	1.3451602591288692
3646	1.6215524579968874
3647	1.3965148232240918
3648	1.0971657477474555
3649	1.3714683142614668
3650	1.5393368250686152
3651	1.4706860211839403
3652	1.2803636627772503
3653	1.3900480480122115
3654	1.3665663547934879
3655	1.4049240862033003
3656	1.6460051871870152
3657	1.2190406927688164
3658	1.5700124853670987
3659	1.5318573500192538
3660	1.5038041984296
3661	1.3810656059962416
3662	1.1627135614399735
3663	1.5470873027986336
3664	1.3949497523659231
3665	1.1529352927508194
3666	1.4238820740670783
3667	1.4379916759316427
3668	1.318397375691877
3669	1.1761046593162883
3670	1.3932013004959671
3671	1.4416612621534342
3672	1.4076103366764445
3673	1.3064271311491373
3674	1.1796397686850795
3675	1.6037178979170355
3676	1.2825268283720757
3677	1.2715858791835648
3678	1.4540535505249614
3679	1.4255017992305112
3680	1.4096665568112714
3681	1.4307330601047552
3682	1.531222669384919
3683	1.4393560751917653
3684	1.2158496453632186
3685	1.2658029715697334
3686	1.0600875672818375
3687	1.5094539395243323
3688	1.57311928667393
3689	1.325474264891466
3690	1.2022083694419836
3691	1.4283210651989147
3692	1.5664852533217293
3693	1.1741167427945642
3694	1.378217019078125
3695	1.2642386756849462
3696	1.5469876093280495
3697	1.165948811408005
3698	1.5096965179730324
3699	1.5291374142629615
3700	1.3082152102708622
3701	1.4889281510515706
3702	1.3021808970521733
3703	1.1302776220600834
3704	1.4140529530268207
3705	1.4742052034361601
3706	1.4382461842388943
3707	1.3975786931608047
3708	1.3637443125415583
3709	1.4274915343100258
3710	1.3644910398847774
3711	1.211194144055569
3712	1.2778054256701386
3713	1.4343252940912645
3714	1.374106769590584
3715	1.6304193006029706
3716	1.4375098362294452
3717	1.4898767412054281
3718	1.3861489393035646
3719	1.6015288122771691
3720	1.5502025865341698
3721	1.61375608734936
3722	1.5201862446019714
3723	1.4550777649455164
3724	1.3998330948962225
3725	1.518870336092501
3726	1.5257731789682947
3727	1.5318256840360216
3728	1.6186244473965117
3729	1.4488870426122462
3730	1.384092603995676
3731	1.3501965693827607
3732	1.345493121393485
3733	1.3453927453970334
3734	1.2957873991142554
3735	1.5603389587775238
3736	1.5824822647818906
3737	1.6634188368564833
3738	1.6020973961261022
3739	1.6004820066861682
3740	1.50817094082044
3741	1.4720916769426793
3742	1.5083427359134742
3743	1.5962597015370112
3744	1.469964566856523
3745	1.4969597998031416
3746	1.486704300920036
3747	1.3930370730444102
3748	1.516264778352903
3749	1.7498411150012168
3750	1.628267362801708
3751	1.4386483636502265
3752	1.4758340000582326
3753	1.4944868577907258
3754	1.579049206052479
3755	1.5667199351722474
3756	1.47488052776179
3757	1.6330127061699926
3758	1.2853859015123397
3759	1.7192925595109647
3760	1.3159102419842401
3761	1.470510737237108
3762	1.6781066633321062
3763	1.5002413690809058
3764	1.2858699104916735
3765	1.523784786545791
3766	1.355848502163888
3767	1.5382077519678583
3768	1.4035997884648523
3769	1.2154223465412701
3770	1.25396383170726
3771	1.5327719796822252
3772	1.4057243165341566
3773	1.5473649458179974
3774	1.4478433494937866
3775	1.5053133376546781
3776	1.4726701240408897
3777	1.4652565720408117
3778	1.6307691556853978
3779	1.5839399935944722
3780	1.3375875506737243
3781	1.7776366541254105
3782	1.2770873157767177
3783	1.3284451184335773
3784	1.4624831949112598
3785	1.6278131326486311
3786	1.332781998024634
3787	1.569803280892756
3788	1.1505206804011456
3789	1.4840114898714478
3790	1.2552731817471252
3791	1.4856643294609502
3792	1.3127557062946977
3793	1.481243222543333
3794	1.1934395055464821
3795	1.2254526393687837
3796	1.487680861609038
3797	1.3228076563680569
3798	1.5066330580441667
3799	1.2626067285316664
3800	1.3934977720693655
3801	1.2796906481692694
3802	1.470536753384469
3803	1.4890969239377887
3804	1.4251481973013054
3805	1.1974226048645338
3806	1.4366859139253196
3807	1.6238814429209154
3808	1.5917380877450853
3809	1.4648228316349812
3810	1.399282049979443
3811	1.5293478741100595
3812	1.178660215231007
3813	1.3828047779934145
3814	1.3485510394760503
3815	1.2366115534734026
3816	1.5124945219660215
3817	1.3139656415724377
3818	1.2311376695908447
3819	1.242691838784573
3820	1.559850586485901
3821	1.1538621416633221
3822	1.3726725924207401
3823	1.5572668264221932
3824	1.426894604671227
3825	1.4457144062371874
3826	1.4071732508854873
3827	1.3560763563577234
3828	1.5460604535690932
3829	1.3593823572838974
3830	1.4479427913507805
3831	1.4905076432757993
3832	1.4397013113473376
3833	1.4680897580442167
3834	1.1826584524582846
3835	1.661232866135386
3836	1.293519941468318
3837	1.4385610829709623
3838	1.2057530773797838
3839	1.408215300949006
3840	1.4156498236162556
3841	1.3483561822506132
3842	1.2902196379438065
3843	1.3018956781773836
3844	1.091146086242826
3845	1.2677879037340256
3846	1.3232820822782327
3847	1.3356105174529156
3848	1.3528855108790652
3849	1.1154830930667057
3850	1.5461851359713275
3851	1.508973180535219
3852	1.5623898357927046
3853	1.5657234544453231
3854	1.472948050488723
3855	1.418638183138324
3856	1.5091023730220168
3857	1.4531678392067557
3858	1.2569889587035146
3859	1.3257138313596402
3860	1.3760369422601268
3861	1.571734688980409
3862	1.3446003362034746
3863	1.2668589136667054
3864	1.7478356556762558
3865	1.245489872762958
3866	1.567154323733582
3867	1.277790298346157
3868	1.4694812691844927
3869	1.607913700857924
3870	1.3790693979577213
3871	1.288950050825615
3872	1.441705598534011
3873	1.4166850447075812
3874	1.480837996949195
3875	1.8004452310869823
3876	1.4966538505297613
3877	1.5155001872191713
3878	1.321171345571737
3879	1.5197150362167522
3880	1.6306695480598117
3881	1.417625562595732
3882	1.2930557733439
3883	1.4615911621849265
3884	1.4617211219906854
3885	1.3974048443315035
3886	1.353858487254444
3887	1.5550463956477099
3888	1.3582406144820112
3889	1.3887954750552503
3890	1.37194327218995
3891	1.5170577603824096
3892	1.3234027144328768
3893	1.020032002106719
3894	1.4459308102243205
3895	1.4299747119976043
3896	1.4975049150701283
3897	1.4417755317469396
3898	1.475927401394012
3899	1.6997201713566408
3900	1.3424196423123336
3901	1.4674271277352693
3902	1.452515109485489
3903	1.3126233891817722
3904	1.4627010631255861
3905	1.4144573066586719
3906	1.5859953850724358
3907	1.471718830927361
3908	1.4713981792548807
3909	1.3081132798692983
3910	1.4174073746212985
3911	1.16906953615948
3912	1.424172169751877
3913	1.3348155437687894
3914	1.4274238589993393
3915	1.4421480540913767
3916	1.1920237186248817
3917	1.3948468485301644
3918	1.4517454164885428
3919	1.4529422363598146
3920	1.3129177078787284
3921	1.6067860289124096
3922	1.345838265795518
3923	1.348145759666258
3924	1.359502665273895
3925	1.5035395275633918
3926	1.3026441035111145
3927	1.5008813255425695
3928	1.3083245266267745
3929	1.3540422030196761
3930	1.4742218635459359
3931	1.56643222087083
3932	1.0676765803525712
3933	1.261104843487289
3934	1.4702425851156717
3935	1.4800802536573
3936	1.4021816129985185
3937	1.3362975945981304
3938	1.3737533246262432
3939	1.5563748642450124
3940	1.4958965346560338
3941	1.5250205957257512
3942	1.5922714337933443
3943	1.4699347418173152
3944	1.3740622631505355
3945	1.4268334372168898
3946	1.5037122345210916
3947	1.4603447363996
3948	1.5226862453914993
3949	1.5775214758312932
3950	1.4414421248732954
3951	1.2755905121929807
3952	1.5085107169079528
3953	1.565901719996876
3954	1.400217706984464
3955	1.6754886972488174
3956	1.5018338893813226
3957	1.5836397026752713
3958	1.5439906175210718
3959	1.1977318063129265
3960	1.4786802366867247
3961	1.3611808375208285
3962	1.6052881345818153
3963	1.6454634273602633
3964	1.378353465631143
3965	1.4740048236123238
3966	1.544238622995425
3967	1.5124705886422622
3968	1.7122523815977084
3969	1.5608574752496756
3970	1.4381497903971716
3971	1.310982345907427
3972	1.3287019517767975
3973	1.3004890195221563
3974	1.4016816849954978
3975	1.5059476281261408
3976	1.4534065498116155
3977	1.3244681673130314
3978	1.2915950809532502
3979	1.3700434470067104
3980	1.5282152324364875
3981	1.17861793076355
3982	1.4850727095157865
3983	1.414820870351554
3984	1.3815555520049956
3985	1.6095035477011355
3986	1.5599731051289747
3987	1.4778389203245546
3988	1.600813526004299
3989	1.2955527173321821
3990	1.5996644685721182
3991	1.3691641690170695
3992	1.5182506402609472
3993	1.313282806980386
3994	1.788035068983836
3995	1.5115585165009582
3996	1.4507410283296598
3997	1.6154280420377611
3998	1.3072484800346618
3999	1.5107331625848113
4000	1.3320153239617998
4001	1.5982780298975505
4002	1.4320388095232184
