0	4.371785150862884
1	4.511535241671274
2	4.388359824656909
3	4.159811138890018
4	4.336115017551279
5	4.708008489806491
6	4.546729127992517
7	4.6736971391819955
8	4.57525287636529
9	4.358837155185084
10	4.882064799474016
11	4.7124208772319
12	4.625833798308058
13	4.374061959683313
14	4.519818221546994
15	4.42910281215588
16	4.134360377732843
17	4.513210888617112
18	4.454674149318714
19	4.422896331281648
20	4.546510124158502
21	4.729385627475905
22	4.569575932012012
23	4.508255019819296
24	4.71017032882041
25	4.626926490103688
26	4.65891267591191
27	4.701047865710394
28	4.290423208912698
29	4.464175210709897
30	4.401476551276281
31	4.549267620451354
32	4.739296252867336
33	4.597820395997636
34	4.662731154160669
35	4.027256054062725
36	4.521100527347972
37	4.7284642865128585
38	4.561945740100004
39	4.507290095356134
40	4.583573993138628
41	4.4420798575869425
42	4.614073672188395
43	4.266354687861183
44	4.4715437820552015
45	4.484070283799386
46	4.178145670130035
47	4.072158327817036
48	4.05514349613144
49	4.01005547914067
50	4.125535154301943
51	4.767243219426624
52	4.600054563465811
53	4.606709458739918
54	4.580051312326808
55	4.994538809178134
56	4.062088061524713
57	4.090371779677597
58	4.261571982965952
59	4.436510428714489
60	4.3060107255427535
61	4.512054222316674
62	4.561331667516313
63	4.27889039401684
64	4.944772866824723
65	4.31998824988084
66	4.527186427301854
67	4.32056254958481
68	4.59624254898183
69	4.626171486423566
70	4.524568889934429
71	4.477530893342594
72	4.410180861062089
73	4.392648109065508
74	4.7049696127818175
75	4.386394210237671
76	4.2352563228099385
77	4.3968335386588135
78	4.338052841968391
79	4.332450903924749
80	4.345750017682157
81	4.481236509151525
82	4.201276293942634
83	4.864302308153477
84	4.316293411869684
85	4.042363935520736
86	4.1391070555003955
87	4.484464055508591
88	4.847370019268092
89	4.273813500887179
90	4.399582606157823
91	4.57655191873849
92	4.369326200918536
93	4.4974017973080604
94	4.342315213458369
95	4.469858084312469
96	4.162005985803474
97	4.6519216190235575
98	4.498778096995005
99	4.326696586612111
100	4.525276810233926
101	4.697536652112091
102	4.271525941853796
103	4.616456174904678
104	4.316685908879186
105	4.153001368856751
106	4.6882985444712135
107	4.539378766868456
108	4.4822966358748735
109	4.4583127547488814
110	4.492610382281635
111	4.653797649151141
112	4.727055177479802
113	4.479177675445946
114	4.2715664062595184
115	4.378077180640654
116	4.000562484554588
117	4.478598234496505
118	4.118232298286861
119	4.366777838971795
120	3.8705251429045573
121	4.686602472812716
122	4.776307578714146
123	4.4917485399903505
124	4.099620236587843
125	4.38149838091963
126	4.337665712089565
127	4.31942941861153
128	4.4645154793546356
129	4.431559583999807
130	4.40387726950674
131	4.622769964677424
132	4.46326683315736
133	4.599808715262556
134	4.426993027345685
135	4.440978062318467
136	4.086081985178607
137	4.291583570300387
138	4.389213620194073
139	4.825272276847891
140	4.061239259366543
141	3.1283577408583887
142	3.932937948361807
143	3.860486096399755
144	2.8813225441831603
145	3.0598736269973332
146	4.422505134350498
147	4.119197986893354
148	3.995088313932365
149	4.624161249819245
150	4.294993711498367
151	4.301445497361463
152	4.036510613703189
153	4.1754249949175755
154	4.33390272825851
155	4.265746264728709
156	4.711038225086157
157	4.6245287953617815
158	4.090237221692871
159	4.505003560514701
160	4.551756241834695
161	4.571549929924813
162	4.200775814029605
163	4.702073185709293
164	4.234969089808214
165	4.139558208774386
166	4.160059716581027
167	4.620349241511472
168	4.340447362237344
169	4.547974719304894
170	4.654392727470491
171	4.751071472394157
172	4.471132384575458
173	4.7501442689254185
174	4.484116005055592
175	4.467547506450061
176	4.449637805634646
177	4.401284053439998
178	4.386714648204309
179	4.3554528446728815
180	4.503894313944256
181	4.74901977429351
182	4.570339849859272
183	4.531539727397751
184	4.546564835235687
185	4.447607024150804
186	4.543339559809569
187	4.436603293616097
188	4.320967576370841
189	3.858466263741489
190	4.403264048995865
191	4.441599940149142
192	4.2953698682548564
193	4.05029803406607
194	4.652205459999976
195	4.741859399142428
196	4.4433222411831625
197	4.843731299243823
198	4.5144681557860595
199	4.2868110121352085
200	4.362796890992183
201	4.423998265817473
202	4.612087873368128
203	4.61416178210478
204	4.506359184146551
205	4.768818737392734
206	4.474437824724947
207	4.498117424161872
208	4.467037571895421
209	4.657467549461599
210	4.332549613363589
211	4.237653598351262
212	4.9328897430917955
213	4.347240300789398
214	4.492088375199289
215	4.317585693170864
216	4.48559381524458
217	4.739726323201555
218	4.256187043594886
219	4.458052580130248
220	4.821176537459857
221	4.005199095630405
222	4.246478052856644
223	4.054970410551278
224	4.084463765041081
225	4.4181074538348515
226	4.1545634503423985
227	4.7744297124124
228	4.474696234646873
229	4.479120426546341
230	4.127532778380559
231	4.289347465859094
232	3.8765914292064227
233	4.594538475766822
234	4.139556845901016
235	4.309679903431776
236	4.118142367822006
237	4.249470064872474
238	4.179696789281595
239	3.973952785947598
240	4.497001697395951
241	3.967362662509799
242	4.45017994332511
243	4.2202684555581245
244	4.159734143600997
245	4.201426113483009
246	4.4954151619593485
247	4.243284496222359
248	4.278122776671391
249	3.968486705641959
250	3.683190376502623
251	3.7888799695544186
252	3.926840969809901
253	4.49402664640422
254	4.218045105473149
255	4.154635281126548
256	4.100402731742584
257	4.497266897471563
258	4.430554368229731
259	4.621443813757271
260	4.467069162415157
261	4.478974605369766
262	4.177688832214398
263	4.566280904094308
264	4.499492709423685
265	4.576491110803076
266	4.409321223567147
267	4.642948433299281
268	4.183893470240883
269	4.307233775926255
270	4.690930962903125
271	4.574242432381414
272	4.439868731739603
273	4.019315088709403
274	4.352092110504137
275	3.926369066352695
276	4.529134319029976
277	4.320775503003203
278	3.929169957701247
279	4.477372865310518
280	4.41194442302237
281	4.322876876132913
282	4.299187121026775
283	4.386681468960488
284	4.197564208039345
285	4.621180260948747
286	4.409392708640294
287	4.124077411954568
288	4.398216168111799
289	4.04336070157392
290	4.475730854746226
291	4.391976594519527
292	4.446184000056415
293	4.419516760818589
294	4.605216268776363
295	4.388394082151719
296	4.462615789239168
297	4.4768723146187535
298	4.431404370684156
299	4.3166923987118535
300	4.623609936694607
301	4.086430815158957
302	3.8821042652130995
303	3.9609533297479445
304	4.208400404092518
305	4.502688879975626
306	4.153852449639577
307	4.165357817924282
308	4.4301884814834995
309	3.894245675230538
310	4.892612639573674
311	4.03292199770645
312	4.57958418623043
313	4.42510077419444
314	4.657402080557764
315	4.116921364675767
316	4.4311336392385225
317	4.435473095866391
318	4.6986227955486415
319	4.5239524638763715
320	4.5310038496974645
321	4.208925987037419
322	4.1749680888096306
323	4.2150828119407
324	4.2665689276061975
325	4.413496864033165
326	4.444169059862965
327	4.398423008708856
328	4.638067176218648
329	4.753573372524871
330	4.352939287287319
331	4.344086586398652
332	4.708009662411531
333	4.190448853708339
334	4.180304817563732
335	4.5979515652915675
336	4.427933347869064
337	4.327185006191874
338	4.122276812406534
339	4.498476706179078
340	4.314153505001187
341	4.294323666315098
342	4.118874988721314
343	4.424772254206701
344	4.021485359093166
345	4.265623371958981
346	4.387995651677901
347	4.499565045784943
348	4.144426735603891
349	4.0688027176968475
350	4.535856539580373
351	4.532118477736207
352	4.759877923923949
353	4.547485650147669
354	4.13125639503416
355	4.425143797458456
356	4.230701524503099
357	4.465453390934919
358	4.232252311534526
359	4.89056167255086
360	4.553693255658961
361	4.594636864890677
362	4.721299616025167
363	4.660965464556456
364	4.70104410173705
365	4.384266630174983
366	4.531110935745667
367	4.418449542248655
368	4.628088099580395
369	4.170925301611088
370	4.574349762519649
371	4.135898088340777
372	4.203808243906575
373	4.230883277380845
374	4.324838147137434
375	4.431002738823727
376	4.4718888568608754
377	5.083149878162664
378	4.338748549583348
379	4.450787902235745
380	4.556432112610835
381	4.294606761500623
382	4.369722895339065
383	4.731282288114583
384	4.387186782703043
385	4.469021159565555
386	4.333696071704263
387	4.506725261683139
388	4.18600211227557
389	4.262327881763693
390	4.240606628410927
391	4.4548084256200005
392	4.504547537487723
393	4.468488065867427
394	4.670136547013659
395	4.550311712812268
396	4.206747776559829
397	4.463271601513268
398	3.9084816458041294
399	4.149777168290791
400	4.29763080606157
401	4.587358095078356
402	4.943020639302889
403	3.9396686352848977
404	4.167380880546221
405	3.977374914377474
406	3.9237026145167935
407	4.178057312274332
408	4.395133772315364
409	4.497333955109639
410	4.317775371113531
411	4.294625239231823
412	4.170541817723607
413	4.217412108954853
414	4.497052934067313
415	4.278393920476804
416	4.3970866896705525
417	4.351735087788081
418	4.181444994358507
419	4.247257075954561
420	4.53129166799285
421	4.161604865641082
422	4.364544794031354
423	4.50202022977451
424	4.597329854448125
425	4.048534860181701
426	4.846159659585276
427	5.091171193493796
428	4.188266745511889
429	4.832411119764375
430	4.485925353474509
431	4.387330065826642
432	4.479111187639731
433	4.391795502152447
434	4.264392277204913
435	4.332395308958222
436	4.575778950722448
437	4.3400635513374874
438	4.489821378127509
439	4.525113586144262
440	4.069510185058679
441	4.277551021290379
442	4.337399004308226
443	4.7221961354952295
444	4.5160106500311175
445	4.238781236227483
446	4.6555997675407195
447	4.487950921464705
448	4.291348753090177
449	4.61856839120372
450	4.204526888269372
451	4.038701800028496
452	4.353079309968876
453	4.034483950508766
454	4.351578097777232
455	4.111532695934278
456	4.250196973807438
457	4.334682387716558
458	4.287123461890444
459	4.213716049782672
460	4.173070322332006
461	4.566688725562173
462	4.225386418999179
463	4.338644903845498
464	4.223603782036505
465	4.273657891214728
466	4.351748248554544
467	4.227048624218364
468	3.8669927674067335
469	4.2164019143968785
470	4.41921613226019
471	4.227514950240312
472	4.32640588537601
473	4.460953777814606
474	4.277120244195039
475	4.657672117256214
476	4.567590682584101
477	4.635484026218671
478	4.669929283050913
479	4.698671047407218
480	4.297190319067122
481	4.115379108175465
482	4.705621371851256
483	4.489750559410552
484	4.698586867699007
485	4.468012740130085
486	4.271792540431788
487	4.830581901079258
488	4.093930212936195
489	4.395425271029414
490	4.502831020267465
491	4.619136990725409
492	4.289477406758318
493	4.309008707320437
494	4.335868779688526
495	4.528852774596794
496	4.8589740968732285
497	4.426455711694005
498	4.225842090724638
499	4.286076161175228
500	4.196917383750335
501	4.483113189153309
502	4.315890182329317
503	4.3612176917041365
504	4.425947821167892
505	4.298503847663171
506	4.5659918469165675
507	4.181982208153636
508	4.451371192302292
509	4.623548281189433
510	4.295223186410594
511	4.185917750157135
512	4.247945705017301
513	4.410019521026648
514	4.789071856071947
515	4.385647820315644
516	4.084641974683287
517	4.549903237198427
518	4.422822362600224
519	4.265072359131655
520	4.635569654888563
521	4.424983454464313
522	4.507797065931932
523	4.561379297307648
524	4.338422174610965
525	4.669400239015074
526	4.779542319704343
527	4.374747319766993
528	4.377287193788163
529	4.6828979639470365
530	4.297247606761405
531	4.473791780724281
532	4.4407877801341
533	4.773843302878814
534	4.536401492047866
535	4.258582284547681
536	4.524736843827256
537	4.350765628881916
538	4.562837129836794
539	4.74147850653606
540	4.464394808059148
541	4.8278294383452325
542	4.814815013372533
543	4.290764829872149
544	4.519478250593543
545	4.370447055916283
546	4.099150997791219
547	4.3172735345354845
548	4.101022608941435
549	4.439668837543585
550	4.400382979333825
551	4.367019930049907
552	4.268991705814628
553	4.137624396068832
554	4.473198311360933
555	4.130571868514391
556	4.03305863529499
557	4.1494319152416255
558	4.648419213866787
559	4.449454820199987
560	4.323459231325164
561	4.226514366952636
562	4.267333445012619
563	4.6645874119486255
564	4.598068717454557
565	4.426597810390585
566	4.481005055809597
567	4.431351056173236
568	4.073401397941704
569	4.298426380688066
570	4.336398027814202
571	4.244000191556028
572	4.340683699469331
573	4.8040531327580265
574	4.80548444252721
575	4.5097170986048996
576	4.278234385282005
577	4.712059571103187
578	4.404238714422961
579	4.278087956828407
580	4.5921502605442335
581	4.316469809697416
582	4.145845469796629
583	4.504641843710143
584	4.773463150117886
585	4.120352207887651
586	3.7829972590899272
587	4.760261033971526
588	4.177423070938843
589	4.267349209747691
590	4.479636606137884
591	3.8947240208324145
592	4.303223275928298
593	4.230402639453286
594	3.938258897605667
595	4.7949067164667865
596	4.730237391785448
597	4.884524179918716
598	4.316921895750141
599	4.511318871853275
600	4.780548523210563
601	4.141022194833469
602	4.455500571570879
603	4.303866961254026
604	4.466853597165412
605	4.510957491189641
606	4.686199457592568
607	4.467889533988796
608	4.208597185306762
609	4.763219984742152
610	4.992219451899731
611	4.171405871841386
612	4.599533860990821
613	4.724059472149703
614	4.654117829075053
615	4.563405422779346
616	4.885807579856652
617	5.109581347025451
618	4.4940652564409955
619	4.662883678973759
620	4.517296787844833
621	5.012504961157787
622	4.325095634951926
623	4.879763810663539
624	4.485980512597218
625	4.625025356509753
626	4.449048674302598
627	4.710357605165217
628	4.28679352826024
629	4.5241675122072325
630	5.345886045765519
631	4.7613686400863475
632	4.5554883298655
633	4.505275485040594
634	4.6556018575758165
635	4.396983823661377
636	4.3030667209972275
637	4.286597828271406
638	3.7318197756802736
639	3.721684981398153
640	4.105966408435436
641	4.339573652023534
642	4.5479420288294214
643	4.681618483957417
644	4.190799140553037
645	4.2889693279762895
646	4.403678882808437
647	4.193924720345528
648	4.78372735857513
649	4.573241643100719
650	4.6349950810596745
651	4.48504481918007
652	4.591688203629722
653	4.117519663967849
654	4.346688310093227
655	4.36366570653856
656	4.635241251635235
657	4.649321585695346
658	3.946028827377581
659	3.7736732890733116
660	3.932998306160139
661	4.284700077348603
662	4.509223165070438
663	4.9222364217222685
664	4.530427705726857
665	4.849246179141254
666	4.707525288425548
667	4.5599284924259935
668	4.624898031673016
669	4.547291481898579
670	4.472741273114914
671	4.017739403819133
672	4.4659767552740774
673	4.408489649845758
674	4.055622383499508
675	4.2721979836832435
676	4.513778214136394
677	4.527879685954329
678	4.205184816254471
679	4.394594724996112
680	4.342043509789571
681	4.5436249574173715
682	4.4322120815583395
683	4.734856947707078
684	4.422231823199101
685	4.872405590270071
686	4.307569778538762
687	4.642372410646177
688	4.3142949487984374
689	4.308406017440866
690	4.190478189237559
691	4.344060565485869
692	4.403246462574752
693	4.509290236405372
694	4.454380129240683
695	4.3875637070702505
696	4.36564780252995
697	4.271125922239012
698	4.302090210082332
699	3.999855097096136
700	4.023454609709186
701	4.0345159488302125
702	4.013599687115826
703	3.8072520036687427
704	4.31905544389434
705	4.021210993013283
706	4.5743723109740575
707	4.346787394526165
708	4.373306070805007
709	4.471262225114955
710	4.437614949791806
711	4.293610382385703
712	4.613042107715386
713	4.832292288577652
714	4.152326258374335
715	4.414795642552619
716	4.0401638831066755
717	4.404588920171446
718	4.524914593676507
719	4.622186243572111
720	4.346068074692138
721	4.43699833192078
722	4.349576697572967
723	4.50831458008697
724	4.848076990293921
725	4.7341746386974854
726	4.349835425238673
727	4.287116012823244
728	4.1085060465104375
729	4.586562033719708
730	4.240104483460129
731	3.9253124771330308
732	4.041498013748867
733	4.567628515844764
734	4.18336115757783
735	4.378291487064006
736	4.629388725449667
737	4.59324427264247
738	4.669613166699165
739	4.54798861817182
740	4.457998421133101
741	4.284419305634024
742	4.685056089931208
743	4.2089596453181795
744	4.054679846510148
745	4.221221308060285
746	3.898806798200627
747	4.036462407964558
748	3.831143731052173
749	4.429098733492955
750	4.5025186780683635
751	4.160625026357569
752	4.09360680152731
753	4.289256772252004
754	4.376238278483508
755	4.763727036391293
756	4.302115517825838
757	4.460538333081275
758	4.615908811552797
759	4.481725434905067
760	4.486610384465814
761	4.641671645844773
762	4.605569510300392
763	4.744043510654831
764	4.833168429124671
765	4.821026215179339
766	4.535558663171664
767	4.8786704340062785
768	4.598614874890221
769	4.670596337530234
770	4.728665389992077
771	4.6076360857436995
772	4.535624789553131
773	4.548810370884745
774	4.549920377390507
775	4.976165878071996
776	5.160017426380365
777	4.401301336821712
778	4.749148453187372
779	4.519799773203589
780	4.766235882576517
781	4.432251291252441
782	4.234326886256093
783	4.212906385478924
784	4.213432432258586
785	4.0090134561281126
786	4.517030765105591
787	4.406683102656659
788	4.537352017152544
789	4.669662059987811
790	4.579959584511369
791	4.473862230077721
792	4.345560559617401
793	4.413636823125993
794	4.158658475642187
795	4.344143082881407
796	4.774956084382881
797	4.031991019451415
798	3.998722071797012
799	4.511793706243595
800	4.0385975775844605
801	4.079197148942667
802	4.3793843961418455
803	4.16797460642545
804	3.94103375129429
805	4.180464942576194
806	4.297591309501911
807	4.346729135555213
808	4.566820904003565
809	4.46979942775908
810	4.58427432730171
811	4.394666307232285
812	3.8150547486852213
813	3.930873666077221
814	3.8106064737665784
815	3.7475631741778646
816	4.09235515241812
817	4.0391822136508315
818	3.9538628046190327
819	4.149357821151716
820	3.984210022324147
821	4.175100538106335
822	4.12680237600755
823	4.0258195204920275
824	4.018888336151419
825	3.8093160083208897
826	4.0199863927529265
827	4.003068264028293
828	4.144213687827443
829	4.789341144614014
830	4.530054709533532
831	4.593201509466789
832	4.570002943555302
833	4.791443742496878
834	4.272489146028321
835	4.700324026161236
836	4.488716098279472
837	4.373757807038996
838	3.962130396278912
839	4.246267846465006
840	4.156953749184441
841	4.044857468947841
842	4.376410761778545
843	4.482374480246625
844	4.173325271294173
845	4.326145947985196
846	4.015938919827841
847	4.372313803388712
848	4.030412871366087
849	4.353410453672867
850	3.9049906176083664
851	3.9143819131430466
852	4.569427914195673
853	4.343319503409063
854	4.697801530834904
855	4.400474148049048
856	4.45074885017834
857	4.311120897972401
858	4.792914263431916
859	4.426253267823538
860	4.337652066588187
861	4.813438732881089
862	4.5332308231191565
863	4.659813231489716
864	4.475374262967421
865	4.687809534059671
866	4.642536637839463
867	4.441366941868967
868	4.536040243781848
869	4.037434497792628
870	4.1808231370103695
871	4.335905520263728
872	4.087205829304127
873	4.124980434821569
874	4.341662187941963
875	4.182533355175067
876	4.5813906663576915
877	4.126830993217988
878	4.317998530487754
879	4.44872097869423
880	3.9354978584125018
881	4.367443660404407
882	4.708976806456314
883	4.683201266472533
884	4.779322030806451
885	4.160153664233277
886	4.644317617857814
887	4.399706814403735
888	4.342279773598911
889	4.408009766876701
890	3.9635829369401487
891	4.116486989117043
892	4.131825935859944
893	4.464490537401982
894	4.340115627128468
895	4.6752140262437765
896	4.308668611418877
897	4.618912840649544
898	4.450847242762613
899	4.6892573646238045
900	4.406113093096967
901	4.427745272993108
902	4.3535860541790985
903	4.5028800649339775
904	4.238301845540261
905	4.152089589668801
906	4.1412966352391045
907	4.254245390714809
908	4.4769939631990825
909	4.444618887967049
910	4.354158687951426
911	4.4519841406042895
912	4.1818029288090734
913	4.719957747997242
914	4.442898150576948
915	4.703056874279332
916	4.790800267416704
917	4.902272105412155
918	4.145077563704764
919	4.539675988412964
920	4.4130341672648985
921	4.564298566797464
922	4.38580283395963
923	4.283924705366702
924	4.561087008306209
925	4.593847374597023
926	4.44262002466227
927	4.213838572962459
928	4.426202240063326
929	4.174796819246045
930	4.704612480206067
931	4.365809318174231
932	4.423598843261713
933	4.511173813260635
934	4.699268902300123
935	4.631560974507199
936	4.688443447207383
937	4.541604945362606
938	4.7391711966427845
939	5.022005578538789
940	4.772039916979559
941	4.661899234536672
942	4.133112157925136
943	4.566129943278298
944	4.616816090643562
945	4.580900021966115
946	4.4263527804529135
947	4.61896160679566
948	4.8636940949469265
949	4.384047594531698
950	4.306362738263605
951	4.772680988488572
952	4.653705643353321
953	4.236650247175431
954	4.588523552812558
955	4.397200829120867
956	4.431134706628602
957	4.585543619864289
958	5.049392376503349
959	4.36395663446322
960	4.02558590202071
961	3.9829583879463137
962	4.160027426159382
963	4.097658105893062
964	4.66247446734326
965	4.421834090535758
966	4.82139824526456
967	4.368840060070606
968	4.239605090921173
969	3.9257829260421104
970	4.404240687813429
971	4.1707836580941935
972	4.614296505668222
973	4.796774545489043
974	4.526392455054822
975	4.752448531122769
976	4.41920698981903
977	4.39087602446815
978	4.297817271323174
979	4.510316923359302
980	4.304272134454257
981	4.325950038798124
982	4.396654302338495
983	4.104831911294835
984	4.518884005430812
985	4.471949713099845
986	4.647508226164901
987	4.156554267534839
988	4.507490056649303
989	4.893845436324186
990	4.880472326487231
991	4.698609696830722
992	4.587622987022798
993	4.612741253263562
994	4.476623372458588
995	4.758053846526043
996	4.398717548680138
997	4.466513988529205
998	4.713917568156592
999	4.345121221909566
1000	4.393160730226068
1001	4.431124317055177
1002	4.373155832890027
1003	4.185540433995497
1004	4.681290723054941
1005	4.294007272407682
1006	4.43844313454024
1007	4.073247004116131
1008	4.313088885201943
1009	4.695218797775586
1010	5.069256476827045
1011	4.647976377982084
1012	4.666339572192269
1013	4.37180638658928
1014	4.497640445495459
1015	4.718089928641154
1016	4.625860204308679
1017	4.483110726843035
1018	4.235307316842911
1019	4.635297424181104
1020	4.23532261983377
1021	4.042584714696485
1022	4.261088805752738
1023	4.165721757206081
1024	4.731714905244494
1025	4.452679862059818
1026	4.5894031982121914
1027	4.247182573214532
1028	4.5329706953234465
1029	4.235635625827721
1030	4.363376338934957
1031	4.351880284335927
1032	4.516421473113461
1033	4.079380017735748
1034	4.440702449236243
1035	4.461851848029119
1036	4.34975364324484
1037	3.9900369913715052
1038	3.962131018506639
1039	3.8158383568263856
1040	4.240125351166483
1041	4.28466931822842
1042	4.653719633840053
1043	4.24269770909753
1044	4.384284103843591
1045	4.530334605834673
1046	4.387904600970028
1047	4.243467779402037
1048	4.5632095158139485
1049	4.4111287178336385
1050	4.989145360813276
1051	4.39869444504067
1052	4.724336648258315
1053	4.636538934346563
1054	4.729660948379752
1055	4.592576881500862
1056	4.795186481836357
1057	4.531941929916118
1058	4.377575907421933
1059	4.392066500153511
1060	4.3472149776244535
1061	4.522422372984072
1062	4.3848294492170234
1063	4.401971070599365
1064	4.302927450753055
1065	4.375306999453069
1066	4.761888334979292
1067	4.353026491353447
1068	4.697898150170572
1069	4.884526403080302
1070	4.342605241643101
1071	4.403744313962613
1072	3.8822416276322396
1073	4.794769553465848
1074	4.582829055447164
1075	4.39990168120867
1076	4.73820197736234
1077	4.295150316065507
1078	4.580961225832154
1079	4.551471485077049
1080	4.393418266418397
1081	4.488755409644126
1082	4.5846185015472685
1083	4.053032118662006
1084	4.206935960476117
1085	4.358253768531128
1086	4.417833446451049
1087	4.527097963673713
1088	4.3729572417342055
1089	4.742959997608707
1090	4.556449242763946
1091	4.342822785276156
1092	4.524719292653469
1093	4.668350485734865
1094	4.646801393605813
1095	4.802541728925167
1096	4.313886067278738
1097	4.332493504800779
1098	4.45659726940975
1099	4.457673954768797
1100	4.33555664427753
1101	4.477638108790978
1102	4.472304911526768
1103	4.072565631429937
1104	4.708855101627861
1105	4.349179592773686
1106	4.292908895702506
1107	4.614153555517678
1108	4.5502326013119
1109	4.4526329263437745
1110	4.323630671478813
1111	4.777092081910663
1112	4.399630433149339
1113	4.925922944260678
1114	4.388409638171136
1115	4.67585363762337
1116	4.377272429988899
1117	4.049467658885588
1118	4.234924563486884
1119	4.562514041654008
1120	4.257522246642355
1121	4.244022233151004
1122	4.225171328540669
1123	4.565870189697814
1124	4.338990019768052
1125	4.496241765721674
1126	4.554734091005102
1127	4.346252307320418
1128	4.590321478599884
1129	4.270108350785871
1130	4.596115965215436
1131	4.580766422054965
1132	4.432463986319338
1133	4.673142076044861
1134	4.629055519939175
1135	4.28858506820617
1136	4.1533976413087395
1137	4.63840370018227
1138	4.268754809617866
1139	4.412799819267526
1140	4.459860167291345
1141	4.5296773852900865
1142	4.501356776247375
1143	4.468993601378094
1144	4.151989844340149
1145	4.216709991849978
1146	4.702564540927287
1147	3.9585553666753017
1148	4.631722051948983
1149	4.445009101790728
1150	4.83276551673963
1151	4.2693204581490365
1152	4.449835011307768
1153	4.4686676207400176
1154	4.864874760961924
1155	4.389966617046799
1156	4.365076398639863
1157	4.5064924459737
1158	4.105382233426434
1159	4.365271712747523
1160	4.6488651251638835
1161	4.7824375592475
1162	4.459842356425582
1163	4.050417484803626
1164	4.611366749941026
1165	4.3021866813063
1166	4.325081232063608
1167	4.78156316954625
1168	4.483278877879862
1169	4.380025049439744
1170	4.692457924081181
1171	4.576547355151791
1172	4.518492297510997
1173	4.602150728771445
1174	5.011406761503264
1175	4.224074353744915
1176	4.388089075707034
1177	4.228831983100626
1178	4.456885931857803
1179	4.229939462549485
1180	4.560502258753777
1181	4.300694976083473
1182	3.9956523127371733
1183	4.779265797234825
1184	4.451906130917036
1185	4.408554424841529
1186	4.477685742586595
1187	4.83254463242618
1188	4.749434454300291
1189	4.493205940907645
1190	4.777273451571768
1191	4.309637981214011
1192	4.2029726311536075
1193	4.274681291444961
1194	4.467951347383635
1195	4.1966252431103666
1196	4.63309399414009
1197	4.335858311146254
1198	4.416032576722757
1199	4.480814748056025
1200	4.2814259707306395
1201	4.336570908337513
1202	4.157649859033538
1203	4.059170353218549
1204	4.389918766716655
1205	4.355420866326332
1206	4.698118780342806
1207	4.401051535737863
1208	4.917044448958655
1209	3.976889172862795
1210	4.018921048173523
1211	4.1676124300161606
1212	4.338165255328827
1213	4.617481069122782
1214	4.503517388041785
1215	4.510493824518661
1216	4.611170138882342
1217	4.465737904182459
1218	4.538692560564377
1219	4.569352729534404
1220	4.938928885938781
1221	4.7098288789889065
1222	4.268457374049886
1223	4.4911504773285715
1224	4.229944982414644
1225	4.467011365611013
1226	4.483461867596553
1227	4.577345496819104
1228	4.119008684655158
1229	4.294258030393022
1230	4.142607690314667
1231	4.011631891128026
1232	4.056140406317854
1233	3.9818263107594487
1234	4.38236261165907
1235	4.356520573611503
1236	4.395407513688283
1237	4.718636821047101
1238	4.67931316223045
1239	4.434816131263044
1240	4.462897446080252
1241	3.9975495483589114
1242	4.065164722531284
1243	4.050435112552689
1244	4.075669610876426
1245	3.917693076467623
1246	4.028779692827992
1247	4.675432313602433
1248	3.708076511960736
1249	3.8263593248282204
1250	4.472120262800152
1251	4.405484264503525
1252	4.39895484932233
1253	4.831570468246837
1254	4.4821515078439855
1255	4.403853521523205
1256	4.495930202442608
1257	4.155172278647343
1258	4.545018568233093
1259	4.147899492981224
1260	4.3084748257726755
1261	4.267764871561382
1262	4.42830430938255
1263	4.4381496804780705
1264	4.605571870176474
1265	4.413050141508542
1266	4.771656922277988
1267	4.565396878208876
1268	4.293121245480246
1269	4.635199297061436
1270	4.282062390572397
1271	4.441337785616815
1272	3.9521520651607065
1273	4.262422915242441
1274	4.505490449838315
1275	4.361135670369776
1276	4.63220857173006
1277	4.442217769057744
1278	4.394961542221687
1279	4.802731619970527
1280	4.6400990953170025
1281	4.448223515914021
1282	4.417240400685569
1283	4.622331850524546
1284	4.79105484458449
1285	4.50292859674934
1286	4.68628406882452
1287	4.568918655205945
1288	4.403049241483189
1289	4.241480333500718
1290	4.431178664117036
1291	4.489517804709477
1292	4.284519382014231
1293	4.354366637994631
1294	4.476715485672753
1295	4.457027845248689
1296	4.361612441776907
1297	4.456442564203649
1298	4.76218895270536
1299	4.627054985778573
1300	4.352997787695421
1301	4.316810411299467
1302	4.510377449702936
1303	4.937766792192172
1304	4.642933011020224
1305	4.653925888887176
1306	4.6254562802222505
1307	4.555500479244154
1308	4.392872516687434
1309	4.5940941836171785
1310	4.641436460945879
1311	4.714644401522712
1312	4.512453511544963
1313	4.577257268279739
1314	4.409826757513337
1315	4.177453169002637
1316	4.441338683594587
1317	4.361553258244832
1318	4.323710125457972
1319	4.6328155994045686
1320	4.611458884596079
1321	4.486432778072778
1322	4.591523601767002
1323	4.467085726708158
1324	4.368056876629484
1325	4.407547219294756
1326	4.6018975697025235
1327	4.445856634177847
1328	4.528232278479174
1329	4.270769764399599
1330	4.6040501332008965
1331	4.50361445096107
1332	4.682205981089587
1333	4.436380783684314
1334	4.454147690271253
1335	4.441777110683996
1336	4.145173091930785
1337	4.488814629848571
1338	4.452126853211567
1339	4.498176461303537
1340	4.904060544746682
1341	4.498957538688648
1342	4.636783243856576
1343	4.750162636664619
1344	4.6640751027334755
1345	4.897234013487868
1346	4.513141761789466
1347	4.595986109529907
1348	4.472288738421527
1349	4.6996593812825305
1350	4.251344611424742
1351	4.765083910266152
1352	4.837476130414449
1353	4.5682839601395395
1354	4.537901635635309
1355	4.547763103134485
1356	4.699533477570898
1357	4.251310301136859
1358	4.338122703436422
1359	4.454002678202851
1360	4.543804609210486
1361	4.54587049892359
1362	4.406722304646028
1363	4.752339729565193
1364	4.397001064761815
1365	4.550777320361576
1366	4.318483445202434
1367	4.47780800484636
1368	4.31476298144986
1369	4.746019580294545
1370	4.47681822712503
1371	4.894509461552788
1372	4.430388022647119
1373	4.500742372946549
1374	4.496332286981198
1375	4.512933960669059
1376	4.711559911119665
1377	4.259496876466944
1378	4.412176382526071
1379	4.328284634983418
1380	4.3747032089877145
1381	4.326375533077017
1382	4.34672871738735
1383	4.703524277031304
1384	4.7941875354923775
1385	4.650792135600814
1386	4.714797845796049
1387	4.819518600263756
1388	4.639241966756389
1389	4.5732549295234906
1390	4.768256902787746
1391	4.829051840209826
1392	4.732258126478121
1393	4.766977743950694
1394	4.413049454568083
1395	4.450417253184037
1396	4.441629563061409
1397	4.447699017622966
1398	4.577950184933665
1399	4.4125340217153415
1400	4.7418242380318585
1401	4.7217884250620585
1402	4.168887899286519
1403	4.2990295155972476
1404	4.399236674644541
1405	4.770246221515979
1406	4.587148821542609
1407	3.940530082328534
1408	4.57775822138888
1409	4.522555455405049
1410	4.423566361051949
1411	4.366141929119704
1412	4.630800114061369
1413	4.3948883956528455
1414	4.486767340376973
1415	4.83857192102526
1416	4.295128417421945
1417	4.2322561690963925
1418	4.351783578129724
1419	4.271622875411995
1420	4.473055383097284
1421	4.406495206158424
1422	4.1637682325750225
1423	4.426602191069918
1424	4.623609203690003
1425	4.807658561291439
1426	4.978721442384745
1427	4.362137563053839
1428	4.895006643131243
1429	4.705737383317122
1430	4.809803380478525
1431	4.0519865477698485
1432	4.148541120482272
1433	4.165052603203424
1434	4.233345057999157
1435	4.49846603964086
1436	4.160304596127468
1437	3.8917232832645317
1438	4.223763464173921
1439	4.6722019874063525
1440	4.424376840206413
1441	4.297149695804713
1442	4.532021290745513
1443	4.307426400998863
1444	4.438825863016752
1445	4.3884058749205135
1446	4.495400986074531
1447	4.278810329983217
1448	4.4359690203784465
1449	4.054589598609994
1450	4.191824912633573
1451	4.558775955610034
1452	4.558712043643531
1453	4.801605555826114
1454	4.749137128914536
1455	5.002804438021749
1456	4.291628898245283
1457	4.38300853040461
1458	4.4136945735344995
1459	4.768475492158874
1460	4.500126066544774
1461	4.092704180054284
1462	4.5989550525473515
1463	4.404038072592329
1464	4.353871254602978
1465	4.568063624911346
1466	4.393073863589002
1467	5.083611593578471
1468	4.614552687034442
1469	4.069878490180452
1470	4.513875255544911
1471	4.864016634995047
1472	4.4682670186253395
1473	4.499975519220778
1474	4.589662518514355
1475	4.694885867851752
1476	4.742654679347461
1477	4.399799304567523
1478	4.42673755352318
1479	4.3395987681664945
1480	4.332786270748431
1481	4.624146168545268
1482	4.3780084949460445
1483	4.190843101305546
1484	4.621539987099286
1485	4.721764226388291
1486	4.354153531435464
1487	4.286473579563011
1488	4.549439309678359
1489	4.204325696035026
1490	4.559845011717902
1491	4.343045262558081
1492	4.372690970930798
1493	4.327464075661354
1494	4.526519897401028
1495	4.349273393138536
1496	4.371798706750728
1497	4.812966372434581
1498	4.413680014708976
1499	4.378360304951644
1500	4.62066608269821
1501	4.314390660851921
1502	4.462337846427804
1503	4.5079141752226315
1504	4.498886180513391
1505	3.9953528830727683
1506	4.360259612192597
1507	4.413946258973081
1508	4.108475567773009
1509	4.059331778235554
1510	3.9306018941824603
1511	4.343563017343786
1512	4.694380821867445
1513	4.6526739757859525
1514	4.536942598906633
1515	4.497675339746329
1516	4.470591073104443
1517	4.409965353376939
1518	4.549111543940943
1519	4.275856999681811
1520	4.426430823690933
1521	4.646799207196921
1522	4.618088183937083
1523	4.28006057668797
1524	4.448969677235551
1525	4.201531830846856
1526	4.394418960432786
1527	4.2786486953040095
1528	4.115422653983183
1529	4.487546308630428
1530	4.1701070594626595
1531	4.294715658391639
1532	4.5962098594296545
1533	4.609283188438706
1534	4.3453437461378215
1535	4.188633222047607
1536	4.309457791856414
1537	4.317853640410407
1538	4.516116041514211
1539	4.1349655126902665
1540	4.531722133316805
1541	4.976484670957972
1542	4.523055111561032
1543	4.623635576505403
1544	4.368191584729261
1545	4.741217400676715
1546	4.752898989890704
1547	4.578325218566469
1548	4.619567425235394
1549	4.781130145114299
1550	4.246730118064985
1551	4.5632563802831925
1552	4.5321364218173485
1553	4.3102222977693305
1554	4.652144110929358
1555	4.717684578633586
1556	4.2914794716968325
1557	4.183581370602245
1558	4.162509556146361
1559	4.711552950350486
1560	4.374309429408394
1561	4.049594020416858
1562	4.599583781986852
1563	4.183791663301202
1564	4.666306078213122
1565	4.344455866371175
1566	4.7055438898091255
1567	4.55731722128601
1568	4.575974369582709
1569	4.6626548302327695
1570	4.515124327092696
1571	4.705650193435667
1572	4.310157367664825
1573	4.867049697405194
1574	4.465752007687674
1575	4.3413743672320635
1576	4.31555812452094
1577	4.317062652395283
1578	4.541247871372977
1579	4.568199716425601
1580	4.574630915963638
1581	4.717392395401205
1582	4.2615324518118705
1583	4.199918502556005
1584	4.211167942749606
1585	4.128106899207495
1586	4.268597415569493
1587	4.031644409749004
1588	4.328063282455824
1589	4.452979327598359
1590	4.351240225848501
1591	4.553009882737253
1592	4.317533418112657
1593	4.387258998435126
1594	4.465728931415124
1595	4.627919257074609
1596	3.9172819518822157
1597	4.572173481135046
1598	4.59008370688784
1599	4.244043839776631
1600	4.670858641270836
1601	4.503136410186132
1602	4.425192809018526
1603	5.114401249310241
1604	4.248342330593944
1605	4.647322743351997
1606	4.491620086528528
1607	4.59428677853792
1608	4.523497962643605
1609	4.327749193289929
1610	4.555668738544439
1611	4.544119773318038
1612	4.538531711924126
1613	4.436369868325619
1614	4.371602395418811
1615	4.6005780806306245
1616	4.220502483523346
1617	4.728781718471777
1618	4.623147228388222
1619	4.720442806374452
1620	4.943556634269644
1621	4.7959574296331935
1622	4.717920431364718
1623	4.768154458597026
1624	4.472116996361129
1625	4.736264327587071
1626	5.193028716130362
1627	4.568566445471857
1628	4.602568448079778
1629	4.637110352451323
1630	4.841692066452334
1631	4.5597760592772
1632	4.442977036588322
1633	4.484031548714165
1634	4.303842477852536
1635	4.821515119033261
1636	4.480235676203251
1637	4.299043281533584
1638	4.702980021027836
1639	4.450142929454595
1640	4.166926667642305
1641	4.721106726916917
1642	4.50746183854358
1643	4.2915984599371235
1644	4.624151703172206
1645	4.569670227060511
1646	4.450510517615504
1647	4.733419435336129
1648	4.738342853247328
1649	4.4385132709609385
1650	4.417414599454843
1651	4.337724910846686
1652	4.364636388296198
1653	4.4448681796107685
1654	4.597883315696303
1655	4.293121799271905
1656	4.420366787448857
1657	4.381920484091256
1658	4.679920006735131
1659	4.676800789338417
1660	4.602983285999316
1661	4.785212223731173
1662	4.421542465671599
1663	4.78499808619323
1664	4.4295150717266685
1665	4.518257871144337
1666	4.601586158923182
1667	4.564004865436755
1668	4.507883246048026
1669	4.522554164306015
1670	4.611269966217489
1671	4.649503372214423
1672	4.510587684283435
1673	4.525392311768306
1674	4.485558360759664
1675	4.784422794045478
1676	4.718676821383459
1677	4.484848301315822
1678	4.635474882931169
1679	4.466612598510612
1680	4.871247137028188
1681	4.293976945429132
1682	4.7078512744556
1683	4.266018285653324
1684	4.5394451311683035
1685	4.6950907564816715
1686	4.45623084235418
1687	4.589588696546641
1688	4.576328231817779
1689	4.210360855760749
1690	4.586029262196611
1691	4.51001026520053
1692	4.4097782583691805
1693	4.7232874527548
1694	4.175315835234518
1695	4.181812886868733
1696	4.48250379929947
1697	4.138813723612635
1698	5.0476712198810825
1699	4.641754382144577
1700	4.2352839419435
1701	4.560916675587644
1702	4.303924684787884
1703	4.187326389954582
1704	4.124161938323749
1705	4.553334768661025
1706	4.629459713861317
1707	4.349844721330424
1708	4.2808679937819925
1709	4.343685892930303
1710	4.629984789597795
1711	4.392136978669126
1712	4.375846184072623
1713	4.581783940208376
1714	4.738182345778759
1715	4.5129416542801
1716	4.531044743049783
1717	5.060381477219448
1718	4.457033424647476
1719	4.336242054133875
1720	4.125821031532807
1721	4.3921952853188815
1722	4.562326751810679
1723	4.53272502263691
1724	4.783710636109021
1725	4.768905297910264
1726	4.342859294315966
1727	4.439695030893165
1728	4.488227336590364
1729	4.5871048202278315
1730	4.469435862782834
1731	4.684498032883118
1732	4.580055097437864
1733	4.926826561938531
1734	4.580128803871721
1735	4.507652229667427
1736	5.005209680830356
1737	4.905998134143378
1738	4.848986406781918
1739	4.922051059264235
1740	4.566946072241437
1741	4.461217832581181
1742	5.044210208360711
1743	4.653422084537809
1744	4.493290034457061
1745	4.887532052867507
1746	4.696549755774424
1747	4.511878612873322
1748	4.402522351621629
1749	4.37360262099477
1750	4.47393102505468
1751	4.379140604270791
1752	4.494496350438222
1753	4.597180006727566
1754	4.640044471946479
1755	4.770986821846041
1756	4.602816400009868
1757	4.664432291371473
1758	4.378106195787811
1759	4.724973045696377
1760	4.481437216942969
1761	4.5994974175065995
1762	4.732006924833056
1763	4.268185801531376
1764	4.440249231644911
1765	4.509440279198228
1766	4.360068772044018
1767	4.258643073589432
1768	4.155114947994277
1769	4.510206312361026
1770	4.138507385807156
1771	4.357286356979008
1772	4.442409076551944
1773	4.513265960250955
1774	4.408297551758295
1775	3.7176257548185343
1776	4.6134308369612995
1777	4.670833068063591
1778	4.726586446422541
1779	4.792044048980391
1780	4.196344319933162
1781	4.2606110574891085
1782	4.616690353426515
1783	4.329068917627389
1784	4.757293286366006
1785	4.879684247733822
1786	4.728427210796327
1787	4.4718355123943505
1788	4.638274634046394
1789	4.843291720020888
1790	4.630858112740315
1791	4.690819450703189
1792	4.80172648653722
1793	4.783441149861527
1794	4.087301336671568
1795	4.471428953909482
1796	4.379120270024623
1797	4.3276662524912854
1798	3.8564012952816813
1799	4.457263703997693
1800	4.336162148799326
1801	4.162188221751316
1802	4.464424975007635
1803	4.347160778467388
1804	4.389025444197257
1805	4.448744950748478
1806	4.691369514751853
1807	4.232746244111
1808	4.61125204810724
1809	4.4488468309076605
1810	4.505203566382176
1811	4.316840577232366
1812	4.39004359112569
1813	4.570638780307227
1814	3.96369564295505
1815	4.110185908619501
1816	3.9796047468367077
1817	4.596151875808062
1818	4.690761835947402
1819	4.383763301189338
1820	4.396548292830847
1821	4.45858005998715
1822	4.368785383073889
1823	4.358574703830322
1824	4.560719610902573
1825	4.786154602468196
1826	4.559742148430546
1827	4.669680742057755
1828	4.295944083416828
1829	4.679779180750576
1830	4.2397543265452
1831	4.202682612935171
1832	4.378712222594726
1833	4.132279625525432
1834	4.185149925080724
1835	4.315884081149032
1836	4.350765395654232
1837	4.39990089207421
1838	4.216534643884412
1839	4.379626992842979
1840	4.327512165691672
1841	4.25337049446494
1842	4.151195935903789
1843	4.125209527369776
1844	4.349280750085581
1845	4.745943774122909
1846	4.3743102131400455
1847	4.624808066476352
1848	4.375307312776175
1849	4.2684675950889766
1850	4.499587438638826
1851	4.573157380622631
1852	4.65719893064896
1853	4.456255527810224
1854	4.312974976166957
1855	4.478971789864177
1856	4.361682042331497
1857	4.318433371093343
1858	4.569401447838279
1859	4.467653845899991
1860	3.9216153400638665
1861	4.624559628513158
1862	4.2927910528162085
1863	4.286100997844981
1864	4.635100861030315
1865	4.478754085349196
1866	4.490078742004676
1867	4.537045493343614
1868	4.279775286010899
1869	4.300964991150062
1870	4.308961266589828
1871	4.324041818831647
1872	4.4823227773751135
1873	4.276422319776088
1874	4.596355205359049
1875	4.311961914338897
1876	4.335747733603096
1877	4.230961673876051
1878	4.598697368745058
1879	4.777251668730555
1880	3.9172317431132204
1881	4.743093480718376
1882	4.848886114477707
1883	3.9964736632438944
1884	3.8720944612672477
1885	4.193320827890372
1886	4.350628268741078
1887	4.293232722486675
1888	4.372851856761836
1889	4.442921087040811
1890	4.444574497857464
1891	4.589886753131952
1892	4.584827570770922
1893	4.410832037041593
1894	4.718643680465847
1895	4.3335175534658354
1896	4.490156925910692
1897	4.639318812478698
1898	4.962576315529901
1899	4.776089170158794
1900	4.5819799357642585
1901	4.44011423602672
1902	4.3232081432127325
1903	4.432925095280379
1904	4.381215792418475
1905	4.4289382075210275
1906	4.279243624895302
1907	4.6405563951114575
1908	4.102524173359473
1909	4.4523044053993726
1910	4.052283204825878
1911	4.436415163747844
1912	4.257362370615687
1913	4.438207706026982
1914	3.9589606238313895
1915	4.178605041167427
1916	4.203582969787337
1917	3.971499616720321
1918	4.187213227928372
1919	4.415481975273403
1920	4.5807785232709985
1921	4.625655796760711
1922	4.144440331841477
1923	4.3178685053051575
1924	4.296216960449974
1925	4.280017939073233
1926	4.66948570566018
1927	4.482574219592217
1928	4.585528436242262
1929	4.128713046138596
1930	4.20550715716815
1931	4.394068215481636
1932	4.180537853563901
1933	4.251205677084965
1934	4.061483121106115
1935	3.999082615294532
1936	3.9228324064941407
1937	4.348490150391751
1938	4.314063370406521
1939	4.502121140675317
1940	3.975459870382196
1941	4.28423982353787
1942	4.063508090946904
1943	4.160244524311867
1944	4.376641317664047
1945	4.4016590869647265
1946	4.269176929912942
1947	4.6873527987176
1948	4.706308741585713
1949	4.637628840141594
1950	4.231151433030579
1951	4.234382693844435
1952	4.394448704592413
1953	4.312744345386112
1954	4.290950629531963
1955	3.886961539454987
1956	4.263253248688334
1957	4.451518118717955
1958	4.380985215315062
1959	4.44307634792851
1960	4.216411639315525
1961	4.581976829308979
1962	4.2994853504628745
1963	4.176117737307209
1964	4.294389879384284
1965	4.352773400574476
1966	4.807562108451136
1967	4.456638945627456
1968	4.574228198036497
1969	4.165310442974176
1970	4.616531145769179
1971	4.240866033018618
1972	4.627011102571866
1973	4.257496585450616
1974	4.42880779786292
1975	4.2292066953255905
1976	4.10452497472751
1977	4.6883215933330025
1978	4.54488890764716
1979	3.925029196531992
1980	4.283120534509052
1981	4.437099029436288
1982	4.544746795438062
1983	4.632225810749753
1984	4.748758848707926
1985	4.036993009702255
1986	4.410905581446369
1987	4.765119620999763
1988	4.234620028947294
1989	4.508158162328886
1990	4.496562551774867
1991	4.207493705795671
1992	4.418916108492007
1993	4.347912572576025
1994	4.486907876603597
1995	4.33835218666013
1996	4.436879122659157
1997	4.529990555017678
1998	4.305392963791977
1999	4.650573174519122
2000	4.344407814718065
2001	5.134682492223926
2002	4.732548220349128
2003	4.49823061208708
2004	4.556176153251557
2005	4.406901373621057
2006	4.452225850816466
2007	4.45123711702382
2008	4.43249821549918
2009	4.046788456412437
2010	4.700413272520727
2011	4.555001782844505
2012	4.207957079876547
2013	4.280539500770927
2014	4.677070225900709
2015	4.676873473696764
2016	4.547169350181655
2017	4.535279120242039
2018	4.459667169356724
2019	4.62544065870773
2020	4.63088890627046
2021	4.314838442076615
2022	4.253480779047989
2023	4.550242673603152
2024	4.450383597478958
2025	4.48718872964733
2026	4.551716385932088
2027	4.591862666063058
2028	4.624396341445738
2029	4.300432645121954
2030	4.091454849928835
2031	4.401362959910562
2032	4.370971755390311
2033	4.598808475239773
2034	4.336877042771319
2035	4.639562237650944
2036	4.5903700038777
2037	4.812074888963163
2038	4.5858539421236575
2039	4.520552366776839
2040	4.113829661324063
2041	4.425784262928401
2042	4.286212563477671
2043	4.763400999615876
2044	4.274736373122372
2045	4.50548155653216
2046	4.647135129040677
2047	4.704779903652784
2048	4.838558043676674
2049	4.324656370204225
2050	4.197849970174797
2051	4.709958538224273
2052	4.140696426446514
2053	4.719199667804127
2054	4.683352281692804
2055	4.857041471159571
2056	4.577992893322805
2057	4.564804464356848
2058	4.334763826663905
2059	4.819071682137825
2060	4.445032403763194
2061	4.806054821168158
2062	4.379817196559999
2063	4.5122971874597
2064	4.199996077287647
2065	4.763207775271037
2066	4.647971061584403
2067	4.378868787169413
2068	4.447778659909147
2069	4.1711510169178245
2070	4.163313818298817
2071	4.2159789156501635
2072	4.595283622178311
2073	4.166082910001929
2074	4.210072444593874
2075	4.3537169709179615
2076	4.079890599447879
2077	3.7710950207687977
2078	2.874014658902694
2079	3.869999110032113
2080	4.442115328725154
2081	4.039978095058426
2082	4.071970393869535
2083	4.295204741119038
2084	3.995594432051607
2085	4.263733440436865
2086	4.379843578317597
2087	4.303868598425307
2088	4.325287668962718
2089	4.870820713068605
2090	4.668672505919961
2091	4.672424765612917
2092	4.595656433809745
2093	4.266346156787812
2094	4.091429698436343
2095	4.309011427208161
2096	4.29693079638702
2097	4.463293664450348
2098	4.078547921219208
2099	4.1320329462691765
2100	4.381289897612889
2101	4.067896727830107
2102	4.346008971300341
2103	4.139926256086785
2104	4.3439860941912
2105	4.198435826429838
2106	4.402487028088858
2107	4.488298243347153
2108	4.4863329476239215
2109	4.46765775611667
2110	4.303569682046426
2111	4.469959581159681
2112	4.636353880753322
2113	4.329671026979354
2114	4.210460574294029
2115	4.2137145771074564
2116	4.3655115737913235
2117	4.407529565225301
2118	4.467353045529628
2119	4.361869484422782
2120	4.930686897836218
2121	4.650952679769043
2122	4.514388826910231
2123	5.092803478742365
2124	4.576608452723831
2125	4.499213401734886
2126	4.405359753200105
2127	4.4567314947359185
2128	4.317754867530858
2129	4.387023977024606
2130	4.168685062643415
2131	4.575556435744768
2132	4.77767526262667
2133	4.444046066835693
2134	4.8832512733525295
2135	4.947531586416816
2136	4.220250298416498
2137	4.079560514329204
2138	4.340312320934022
2139	4.28428777437126
2140	4.483664142811301
2141	4.581242681912606
2142	4.3131905251423905
2143	4.452024262230863
2144	4.510737216754715
2145	4.634587132225164
2146	4.5828226769378375
2147	4.385494602408896
2148	4.517588042502606
2149	4.131385583958709
2150	4.589826924693031
2151	4.534400917234793
2152	4.621452793329732
2153	4.7092481721395
2154	4.428348014065256
2155	4.882560191080574
2156	4.351100576023387
2157	4.6423527483329075
2158	4.430847307220372
2159	4.214456353759337
2160	4.681321280905214
2161	4.59086535759271
2162	4.569488483597989
2163	4.605883639898192
2164	3.926368335858272
2165	4.373732484446236
2166	4.641357124667221
2167	4.254454085362535
2168	4.7343785045168
2169	4.30891207513697
2170	4.35048214906513
2171	4.646848860373008
2172	4.489162240331777
2173	4.420759336595678
2174	4.233636335666753
2175	4.598999389367036
2176	4.139489386273397
2177	4.629743908879524
2178	4.248257885929281
2179	4.333225219908083
2180	4.570675888920418
2181	4.513156794283459
2182	4.439473029889577
2183	4.254124984796359
2184	4.314934986737819
2185	4.32916284700955
2186	4.370658247871926
2187	4.458528376974821
2188	4.16248111313618
2189	4.117946065694903
2190	4.161247937145727
2191	4.719956249118384
2192	4.001093703900067
2193	4.095314851578388
2194	4.10272687542454
2195	4.800455394629707
2196	4.314559447726734
2197	4.968567952122294
2198	4.827473122820411
2199	4.7621022880884825
2200	4.562096485852654
2201	4.315292168260742
2202	4.271045064716683
2203	4.4226029259625586
2204	4.61554966571765
2205	4.407842196859224
2206	3.8956561462262442
2207	4.508991880151612
2208	4.847453567618431
2209	4.438014076492319
2210	4.240898212247202
2211	4.429384348451331
2212	4.508562365081267
2213	4.510746806971175
2214	4.33095927362484
2215	4.012838773400245
2216	4.348615699605087
2217	4.594237295619849
2218	4.629984399304809
2219	4.480743419360942
2220	4.406532842111497
2221	4.42894754634548
2222	4.390297001165268
2223	3.8330254642489563
2224	4.35919292537151
2225	4.031320893655143
2226	3.8630209655701955
2227	4.273550799840426
2228	4.480245455663068
2229	3.972760570095963
2230	4.385274643645018
2231	4.285373833890295
2232	4.2869148071264105
2233	4.403964009733931
2234	4.507874600381293
2235	4.75153836948208
2236	4.359485208021366
2237	4.56762941931555
2238	4.538403031271017
2239	4.470700216892014
2240	4.8200250364841315
2241	4.358169476938124
2242	4.580083119572458
2243	4.463538078133334
2244	4.592874957805123
2245	4.323582264290363
2246	4.385965686653971
2247	4.3985858804236795
2248	4.18541177352001
2249	4.568529550353272
2250	4.353846446286596
2251	4.607926642305444
2252	4.486937538862704
2253	4.412082649924138
2254	4.5468229889621705
2255	4.542845452317723
2256	4.462755001455311
2257	4.719398897173688
2258	4.870246148482775
2259	4.336618856852057
2260	4.400908045446486
2261	4.675749645899453
2262	4.571705863625713
2263	4.649585464610262
2264	4.597584767175977
2265	4.422987070380208
2266	4.841495167862379
2267	4.674281891634906
2268	4.60723412959435
2269	4.458074564918229
2270	4.548489962547019
2271	4.30026651327549
2272	4.811218808447837
2273	4.731936247234269
2274	4.363121114087853
2275	4.810146537482051
2276	4.289214993301759
2277	4.58800772954121
2278	4.410141463373097
2279	4.6413241164217975
2280	4.475016982793378
2281	4.710826144662167
2282	4.31133295961239
2283	4.6948857224831535
2284	4.4546278122451595
2285	4.57738298494806
2286	4.52474406346617
2287	4.6358842011808195
2288	4.505542058241299
2289	4.60124711103472
2290	4.280916437160074
2291	4.040903535270755
2292	4.589736930718378
2293	4.507864963594502
2294	4.4759575327610674
2295	4.358655326297006
2296	4.799522011808591
2297	4.322454066075233
2298	4.56597410441337
2299	4.513897322704445
2300	3.9605918688025046
2301	4.314517778018372
2302	4.271342594865719
2303	4.254980137097039
2304	4.623872868605931
2305	4.10345326409325
2306	4.939664559848655
2307	4.240602889470475
2308	4.439717994371322
2309	4.49313054967984
2310	4.8389177849515
2311	4.464377992335625
2312	4.70337668465433
2313	4.356648107874482
2314	4.9477314362858635
2315	4.153127784844077
2316	4.429267743704883
2317	3.8338177595585563
2318	4.302506730702563
2319	4.45549781530499
2320	4.448676808173559
2321	4.317605587659073
2322	4.303106616252136
2323	4.427236303876254
2324	4.461686276300638
2325	4.616843065155017
2326	4.51334024096639
2327	4.293646768909522
2328	4.10929516956002
2329	4.5015314974992995
2330	4.792999604943845
2331	4.324827885001679
2332	4.265249082429348
2333	4.445554339612205
2334	4.220978079146449
2335	4.576574813273011
2336	4.4953892259130495
2337	4.358962615911175
2338	4.3372050464335645
2339	4.41482966828103
2340	4.221536129182979
2341	4.504768466480642
2342	4.633451442912963
2343	4.271785913393191
2344	4.458392000694067
2345	4.3172336634897075
2346	4.572777230828031
2347	4.809840700200348
2348	4.558889653760924
2349	4.386908518417551
2350	4.401903177379305
2351	4.703178699916215
2352	4.438715142065478
2353	4.500025781398591
2354	4.453675041532412
2355	4.639804510300424
2356	4.712271949031522
2357	4.589134591521537
2358	4.6495642230582135
2359	4.488597793626624
2360	4.259553096617932
2361	4.111386269729542
2362	5.108191006516699
2363	4.291603816359791
2364	4.41932673041074
2365	4.472271204486965
2366	4.957501645851287
2367	4.475607532071357
2368	4.490855866885864
2369	4.308823592320799
2370	4.308536942893794
2371	4.172680960687425
2372	4.347312142765871
2373	4.159282453212469
2374	4.113175158798588
2375	4.2806462283721505
2376	4.475763006156605
2377	4.072242799995313
2378	4.874053694553008
2379	4.140056771746117
2380	4.307935667718348
2381	4.581165191534415
2382	4.254337759374233
2383	4.65191827882309
2384	4.573640305670732
2385	5.024954788972991
2386	4.991614538179209
2387	4.57773769210302
2388	4.287129718711474
2389	4.279059465140781
2390	4.681049970422451
2391	4.260774158221541
2392	4.7375586541139
2393	4.741821532420022
2394	4.502294000159841
2395	4.4218639499105805
2396	4.571625791388393
2397	4.429109814397607
2398	4.71234636326259
2399	4.18412344301371
2400	3.835029320167047
2401	4.227905888739904
2402	4.415799378511339
2403	4.740481649086058
2404	4.288490429764306
2405	4.7134441706634504
2406	4.517578681398458
2407	3.755433351640546
2408	4.578169072207724
2409	4.250018634612161
2410	4.136856025234386
2411	4.327594659681902
2412	4.264940060101348
2413	4.449648212835707
2414	5.059853008228041
2415	4.588185358957193
2416	4.148480136530982
2417	4.583909761184649
2418	4.667562340148361
2419	4.056871729640657
2420	4.131702725403241
2421	4.371970519635133
2422	4.446362095517024
2423	4.566929231034765
2424	4.268094275786659
2425	4.598041779164165
2426	4.325076131631421
2427	4.221385168904849
2428	4.568845405687479
2429	3.9632775436038723
2430	4.345617780686375
2431	4.285962655530366
2432	4.224750810008306
2433	4.370053221051384
2434	4.211214283354655
2435	4.407561074049083
2436	4.365074714483502
2437	4.188504156515236
2438	4.153472279097873
2439	4.241730562938291
2440	3.986719883543971
2441	3.8584985802346177
2442	4.365997276939818
2443	4.572851297488369
2444	4.129493271163827
2445	4.545201526613774
2446	4.703792103839121
2447	4.462142741436133
2448	4.026840852560752
2449	4.477648410364496
2450	4.650393431586177
2451	4.704553402833919
2452	4.557391441352548
2453	4.682843249795247
2454	4.578423094468054
2455	4.367435064221955
2456	4.372621009867353
2457	4.603332627303445
2458	4.486850891186275
2459	4.60995609702517
2460	4.861243037707336
2461	4.619673738709153
2462	5.027447599023558
2463	4.496005243411343
2464	4.804694990134553
2465	4.782172294162452
2466	4.458333779881761
2467	4.395435727148202
2468	4.755844858960275
2469	4.398679384882627
2470	4.3308991193216455
2471	4.644403266097444
2472	4.372490278388474
2473	4.834272139023965
2474	4.278939063330851
2475	4.780963081528349
2476	4.704953755454576
2477	4.429521072269733
2478	4.379880601540616
2479	4.648336354781572
2480	4.531657180324849
2481	4.484978263012387
2482	4.364461989617528
2483	4.436604389611977
2484	4.486102194993921
2485	4.086245757994213
2486	4.547782432526179
2487	4.3274721877715985
2488	4.584519155442355
2489	4.477307746506008
2490	4.462582959048276
2491	4.389003704231821
2492	3.9583460193396354
2493	4.035332980195018
2494	4.064523922944033
2495	4.183484998853141
2496	4.418398993957654
2497	4.217434357488998
2498	4.903304801391544
2499	4.575591976222844
2500	4.362592697035463
2501	4.544476831156906
2502	4.688515527395175
2503	4.428642435529061
2504	4.4379414637845285
2505	4.2522127693387635
2506	4.057793184597113
2507	4.371276077216986
2508	4.331797254995422
2509	4.542000564924468
2510	4.703518378949119
2511	4.278423839168639
2512	4.299818398733433
2513	3.7858087909310556
2514	4.35314237220451
2515	4.273904838142985
2516	4.564437034153438
2517	4.735024099795163
2518	4.844649909066767
2519	4.789246077436146
2520	4.282781810950266
2521	4.326909639540711
2522	4.720287706128996
2523	4.716399743565425
2524	4.628509470033729
2525	4.522023693075042
2526	4.197642298294737
2527	5.065703780665126
2528	4.461571992888509
2529	4.237679051495983
2530	4.740307204631214
2531	4.934598514163672
2532	4.863187505800591
2533	4.580075695549885
2534	4.51993889318723
2535	4.407689710302804
2536	4.370737922892483
2537	4.580176911242485
2538	4.455896673063391
2539	4.6616985680970675
2540	4.721960511939813
2541	5.014805714789101
2542	4.877287893210023
2543	4.747248415417867
2544	4.576200640418501
2545	4.88886833384574
2546	4.339279944543534
2547	4.513917330370731
2548	4.236921149285265
2549	4.415914305117987
2550	4.5689992249501925
2551	4.2435391702267555
2552	4.434238517253865
2553	4.686420453707766
2554	4.554695377226667
2555	4.61470420288572
2556	4.726255632893937
2557	4.72833807059617
2558	4.267770655912874
2559	4.621967359169185
2560	4.3034792209453405
2561	4.481734747239021
2562	4.623408457174652
2563	4.0509295147404
2564	4.489387146667449
2565	4.342636040573993
2566	4.107048949576195
2567	4.345202856853205
2568	4.306316393339214
2569	4.55807146180311
2570	4.210212861475336
2571	4.634939962598452
2572	4.487238742961046
2573	4.679806346340021
2574	4.307874589213593
2575	4.207083445209366
2576	4.283779718663796
2577	3.8256736647555507
2578	4.3946899668357915
2579	4.301935147272885
2580	4.546707217626811
2581	4.181479906791847
2582	4.189023326816136
2583	4.470788904013764
2584	4.1464743215221285
2585	4.347488542768878
2586	4.1953363993101895
2587	4.358663502656248
2588	4.153026990218854
2589	4.623570415152883
2590	4.392400935739259
2591	4.233701739727804
2592	4.249484765368104
2593	4.4674584199330205
2594	4.266742797159413
2595	4.830177441210896
2596	4.544481667512751
2597	4.459295623497818
2598	4.4635580683253995
2599	4.222329863745196
2600	4.09050266521721
2601	4.768331559457394
2602	4.123123066305357
2603	4.175453771531721
2604	4.449238603060528
2605	4.201755613485158
2606	4.108480873268722
2607	4.525648135832794
2608	4.0325994456944985
2609	4.524991940921455
2610	3.869232279237353
2611	4.318903452790499
2612	4.230022278199934
2613	4.573233902112746
2614	4.570882214739997
2615	4.241846066938672
2616	4.755131360769175
2617	4.763241412963632
2618	4.622124709033995
2619	4.196108650781909
2620	4.49934008905475
2621	4.444295950788836
2622	4.085072915144011
2623	4.241532618845337
2624	4.816510099749355
2625	4.585838547320082
2626	4.679819831601756
2627	4.672722344982209
2628	4.47573465581946
2629	4.205125958026981
2630	4.60702776468525
2631	4.401890250234793
2632	4.507824933796106
2633	4.387867232639767
2634	4.315060942556189
2635	4.468321918354732
2636	4.856985910652348
2637	4.988489623992787
2638	4.337728549256925
2639	4.827042758541485
2640	4.302997243871672
2641	4.4079616402911865
2642	4.147363346042265
2643	4.088647901913464
2644	4.239772541224597
2645	4.748303551650131
2646	4.129369800312173
2647	4.892370334392552
2648	4.479890090406602
2649	4.114500187887769
2650	4.016912930222947
2651	4.5135508029400215
2652	4.029879696666085
2653	4.4103212205136115
2654	4.112910884202403
2655	4.200785690250833
2656	4.28521716366962
2657	4.379225850086903
2658	4.2141843849958285
2659	4.943407956464887
2660	4.210639951206942
2661	4.196003434878605
2662	4.5924253770625745
2663	4.397860570852389
2664	4.353957030209444
2665	4.3136787592175185
2666	4.4762462306266215
2667	4.546422022037226
2668	3.9020385416549703
2669	4.232945957242934
2670	4.596640197074242
2671	3.8870470542130233
2672	4.7373867505862925
2673	4.333021670814756
2674	4.243169376633011
2675	4.544588466621029
2676	4.605372120913588
2677	4.265802651085958
2678	4.01435849750982
2679	4.440192967962689
2680	4.248171939500238
2681	4.320804943852594
2682	4.38960217039805
2683	4.191014119197607
2684	4.3454299893934945
2685	4.670184915298832
2686	4.169447424801682
2687	3.990164101541876
2688	4.462515806520657
2689	4.704434946880654
2690	4.592568649861093
2691	4.732773361155317
2692	4.521782340328587
2693	4.512876159907527
2694	4.298898750255868
2695	4.59798367922008
2696	4.511903661770007
2697	4.495676313323843
2698	4.22634194337928
2699	4.450923717673546
2700	4.269150153919952
2701	4.873011317220614
2702	4.50410113056873
2703	4.1855079826709884
2704	3.9439128031141952
2705	4.385640475103113
2706	4.2573086801498174
2707	4.2932710329081525
2708	4.591652234793105
2709	4.348251935948101
2710	4.348920677487841
2711	4.321946842039832
2712	4.173005473540757
2713	3.9879674045083107
2714	4.202310671103884
2715	4.350539975460452
2716	4.085645721507629
2717	4.0802451039983145
2718	4.1435089844995066
2719	4.3505430023688305
2720	4.123644615044563
2721	4.597548385090788
2722	4.208685272056152
2723	4.229209557022208
2724	4.292947538865008
2725	4.812941147940085
2726	4.035871921101786
2727	3.844804578274106
2728	4.43766038895638
2729	5.091095127126632
2730	4.380196919772068
2731	4.126381326525516
2732	4.332481411949676
2733	4.187536111633423
2734	4.342414124505603
2735	4.7353908089899654
2736	4.307813349241686
2737	4.55122080033077
2738	4.643291258447755
2739	4.697532222334268
2740	4.670587433282892
2741	4.494471972371533
2742	4.499713939267791
2743	4.599632201488686
2744	4.7371720817803515
2745	4.524480884015439
2746	4.630597694871044
2747	4.277319844579151
2748	4.462741712528926
2749	4.306901722084764
2750	4.081121216709929
2751	4.52645124003201
2752	4.590430849332577
2753	4.297993249340784
2754	4.662098724925049
2755	4.510794160347332
2756	4.558847944373587
2757	4.429020505400542
2758	4.533050211569637
2759	4.383254119153918
2760	4.525183496918795
2761	4.75602100741843
2762	4.66490782177744
2763	4.490972557996808
2764	4.396403491790896
2765	4.59728997166327
2766	4.369960847806754
2767	4.757554991229175
2768	4.839238717699409
2769	4.370820494648973
2770	4.097078343757006
2771	4.215108834312484
2772	4.23615760466269
2773	4.423882760034444
2774	4.665362147105498
2775	4.361937105476714
2776	4.427279617530398
2777	4.062692424900917
2778	4.356763036609266
2779	4.208175332056427
2780	4.34270385420628
2781	4.43978317058129
2782	4.206446526883548
2783	4.713956276245921
2784	4.632489933676613
2785	4.522552958749323
2786	4.79915566564178
2787	4.764910168734138
2788	4.688126194661779
2789	4.710442617789018
2790	4.747568150278935
2791	4.951346209625341
2792	4.725604202908712
2793	4.749603764830805
2794	4.79641666647757
2795	4.6646289764711035
2796	4.481528550044405
2797	4.777639404188242
2798	4.289918947136158
2799	3.9395772122691355
2800	3.772932744357395
2801	4.028274612529263
2802	4.371785150862884
2803	4.177307416579385
2804	4.024060277882007
2805	4.0495038456483075
2806	4.225283193739464
2807	4.19700436449382
2808	3.8854733024759884
2809	4.048630843305896
2810	4.043474080617856
2811	4.499169157622315
2812	4.295410546971385
2813	4.74819218708267
2814	4.327041537553328
2815	4.442012998094782
2816	4.018483757981727
2817	4.172736079707738
2818	4.404626190165371
2819	4.892154373956152
2820	4.304241532619613
2821	4.490689189868895
2822	4.524173054560407
2823	4.884131716279737
2824	4.900007141490394
2825	4.391898987831163
2826	4.636087620206862
2827	4.6267419599301025
2828	4.408010036981624
2829	4.487024696388656
2830	4.391730703634397
2831	4.165299916789464
2832	4.357038302266884
2833	4.56717916044657
2834	4.490104979520894
2835	4.293615092967719
2836	4.661877267050928
2837	4.286172210897677
2838	4.6003374664931185
2839	4.3012045919245905
2840	4.46920500049883
2841	4.666192101022875
2842	4.595593808096381
2843	4.210409060215458
2844	4.664137261715578
2845	4.360697903700038
2846	4.677604420926997
2847	4.479817879487734
2848	4.644749314674472
2849	4.454706455604038
2850	4.489807317790462
2851	4.467020194813215
2852	4.4070398188292765
2853	4.4449794263116
2854	4.505558355829876
2855	4.4993154929255
2856	4.288441469274117
2857	4.635802438015068
2858	4.676869140758662
2859	4.436915930647924
2860	4.497247511281648
2861	4.507074718319697
2862	4.502647604917027
2863	4.45861093178414
2864	5.070092151005001
2865	4.913345236629015
2866	4.734838558487055
2867	4.655902321069532
2868	4.476098286702544
2869	4.4322331873922005
2870	4.474339152541801
2871	4.305193768037959
2872	4.491579529280646
2873	4.098044794877677
2874	4.35846658485026
2875	4.68048263046336
2876	4.467526529518888
2877	4.714526787431442
2878	4.711187756500003
2879	4.686710086481885
2880	4.383166373680756
2881	4.654463594112208
2882	4.748695410821938
2883	4.297699926987942
2884	4.401167950680771
2885	4.467762537462887
2886	4.505473809280362
2887	4.480300525947594
2888	4.3496552908634
2889	4.238526273564528
2890	4.523580886991691
2891	4.57277137847839
2892	4.500082598746465
2893	4.388745750215423
2894	4.3585548278925295
2895	4.755782853038109
2896	4.447550748805293
2897	4.271725151805198
2898	4.828284161584565
2899	4.488282590535537
2900	4.714480135224595
2901	4.6111790416647604
2902	4.634686938285172
2903	4.47634690238856
2904	4.419670225140782
2905	4.5069511734097265
2906	4.35476051345057
2907	4.64321017481267
2908	4.392035093197095
2909	4.458240524587518
2910	4.436710251334784
2911	4.295619934222264
2912	4.5903742456269505
2913	4.3413936776781075
2914	4.450237533236326
2915	4.379874253234991
2916	4.595298732324066
2917	3.987800024647701
2918	4.35195925358272
2919	4.628485983624484
2920	4.55699494685336
2921	4.504326000692476
2922	4.504175107956047
2923	4.552194156500688
2924	4.171559941427487
2925	4.948639336648967
2926	4.857941969435306
2927	4.6753789158903745
2928	4.417421175981437
2929	4.389031429422681
2930	4.423990169953795
2931	4.3115562843780815
2932	4.399187868725597
2933	4.184440125327414
2934	4.309003700917559
2935	4.717875842617668
2936	4.495268605151806
2937	4.670826416543408
2938	4.608391399709855
2939	4.434217169194811
2940	4.603786835673175
2941	4.341160850705865
2942	4.377157743703249
2943	4.528480064857086
2944	4.799892200763378
2945	4.715702209920779
2946	4.35959171539712
2947	4.592001108489258
2948	4.536428749643346
2949	4.15590960835405
2950	4.6506284748586895
2951	4.862148049941634
2952	4.460626709044818
2953	4.872287311521032
2954	4.335104562128703
2955	4.116454297637426
2956	4.676103845427517
2957	4.551452608310389
2958	4.634355046642485
2959	4.581147477630869
2960	4.698131390305003
2961	4.87484298613273
2962	4.538248248748903
2963	4.1799717660542415
2964	4.364989994782186
2965	4.39845173250857
2966	4.843170409008334
2967	4.281108145367605
2968	4.192550700605933
2969	4.659722152217165
2970	4.458041832509121
2971	4.281077223444729
2972	4.628605234430122
2973	4.309665300558909
2974	4.402564746237185
2975	4.62548583759801
2976	4.350943257297092
2977	4.343992046212464
2978	4.32581771466221
2979	4.335511370379229
2980	4.414088847461994
2981	4.364243425058536
2982	4.3117893245631045
2983	4.780679611242262
2984	4.437524072415739
2985	4.420494295535058
2986	4.554398390796189
2987	4.261356980358026
2988	4.359668639547911
2989	4.206887745049104
2990	4.784353478530386
2991	4.368323517055093
2992	4.810188733869509
2993	4.273052062942087
2994	4.260328793656735
2995	4.421917758196597
2996	4.2253782244378435
2997	4.604974562672048
2998	4.783871399964233
2999	4.332456119921354
3000	4.890580885403473
3001	4.271236242631585
3002	4.091500920028283
3003	4.312695122700096
3004	4.316537432715106
3005	4.057352696376612
3006	4.2519896246848665
3007	4.37010385838961
3008	3.8978618066039425
3009	3.9703598119754444
3010	4.184882476634356
3011	4.176277251976957
3012	4.635294298110674
3013	4.549806897146005
3014	4.362711943635699
3015	3.9677053014142234
3016	4.051433486706911
3017	3.794208791724043
3018	4.43649037829629
3019	4.27908278879708
3020	4.188745024469629
3021	4.1283975273209705
3022	4.0717401179471935
3023	4.260960444935963
3024	4.037998737120791
3025	4.186976277375864
3026	4.012392941203411
3027	4.3213415721230275
3028	4.343303036154935
3029	3.8591677295229236
3030	4.479397664366718
3031	4.52016744094434
3032	4.4527311256093665
3033	4.247494976220012
3034	4.372537348137325
3035	4.562828495409243
3036	4.282994121166317
3037	4.453410122067781
3038	3.966315970601144
3039	4.252343214055326
3040	3.9994418752388095
3041	4.246896877721008
3042	4.265739744329933
3043	4.40672239897384
3044	4.438665527019337
3045	4.5874895543997525
3046	4.484880215905098
3047	4.281809633541147
3048	4.050500617094892
3049	4.35511860066663
3050	4.347431793554279
3051	4.205881780807718
3052	4.09147517290185
3053	4.4448452098901265
3054	4.257364302318047
3055	4.636161803849138
3056	4.661145959567104
3057	4.4827086321411
3058	4.309380687374548
3059	4.636274577826381
3060	4.386499427541449
3061	4.398297835622636
3062	4.725975062671372
3063	4.6609606998363
3064	4.3640374009135945
3065	4.839261687885099
3066	4.375621845913012
3067	4.431946457201923
3068	4.202551274118882
3069	4.675854845905047
3070	4.209851669019069
3071	4.4359665786888565
3072	4.6172679805936205
3073	4.156599039090827
3074	4.480629792803555
3075	4.8272385007403775
3076	4.1837209935422255
3077	4.014239021973301
3078	3.916352663423222
3079	3.843444121427333
3080	4.073586419184651
3081	4.306649695756468
3082	4.392023434137686
3083	4.381827979694979
3084	4.209629424627165
3085	4.6682748446778435
3086	4.186457514714896
3087	4.749272754773423
3088	4.412264530407005
3089	4.096140971442062
3090	4.4276861505183165
3091	4.46428591578959
3092	3.806782137186821
3093	4.2759091431558565
3094	4.293402496965182
3095	4.220029953693575
3096	4.417608970830118
3097	4.207274003683992
3098	4.388908106352356
3099	4.574831327125555
3100	4.719517195596189
3101	4.6570812421243915
3102	4.169205477868155
3103	4.60035637157216
3104	4.1303570606202715
3105	4.442327472558604
3106	4.603779875341748
3107	4.1021333235114605
3108	4.163711015241626
3109	4.074064471249463
3110	4.1893874840446506
3111	4.091856614281815
3112	4.483639161367657
3113	4.19817494958144
3114	4.501133506459248
3115	4.406121305647562
3116	4.105472789360761
3117	4.360786429595741
3118	4.197256336742697
3119	4.360308147807459
3120	4.148159946944358
3121	4.23795294547606
3122	4.096123627102206
3123	4.3986176148533245
3124	4.375537134247295
3125	4.2913110257195
3126	4.202817481715824
3127	4.396598207279028
3128	4.155559969108459
3129	4.459098696086962
3130	4.169913346222371
3131	4.635625127276734
3132	4.137911739750145
3133	4.493676616630837
3134	4.208461377052504
3135	4.547904202388723
3136	4.470510118757704
3137	4.327748503903601
3138	4.516232168568001
3139	4.106888995808208
3140	4.506722773070393
3141	4.4358041537324855
3142	4.544166807897829
3143	4.338046798335746
3144	4.299038284934551
3145	4.368925652537789
3146	4.780256709557873
3147	4.422419486086991
3148	4.809184653683627
3149	4.624723742769409
3150	4.164277555115799
3151	4.368934908236059
3152	4.8802080960528045
3153	4.355660052520442
3154	3.940874474988646
3155	4.343354638461354
3156	4.600317677477922
3157	4.360516439931515
3158	4.454949680912607
3159	4.505280604396473
3160	4.455344265404106
3161	4.851701646090162
3162	4.553171284282668
3163	4.5309406015282345
3164	4.572192615794403
3165	4.284360139305464
3166	4.700138207429851
3167	4.627087765697978
3168	4.695487680637205
3169	4.475556505536931
3170	4.240332634279217
3171	4.1569166102859265
3172	4.226236328851508
3173	4.406667455481823
3174	4.121319340765964
3175	4.172481229208938
3176	4.28939697945661
3177	3.935245550819881
3178	4.196144397704595
3179	4.34284815655377
3180	4.440239357233659
3181	4.389190220478514
3182	4.153473302224452
3183	3.975891423738186
3184	4.392610314872951
3185	4.620999205985575
3186	4.088482777353085
3187	4.240599494264807
3188	4.357761214990317
3189	4.424959318008162
3190	4.17093641424157
3191	4.434302680371932
3192	4.4835409625813565
3193	4.485908313542118
3194	4.65276355956095
3195	4.382668728186148
3196	4.268210763959527
3197	4.116206957173563
3198	4.618079392434532
3199	4.251596958126318
3200	4.033331760780774
3201	4.170701359738187
3202	4.7630522130177075
3203	4.437698459544648
3204	4.196936637495524
3205	4.335271669663409
3206	4.216088789343155
3207	4.502987035592217
3208	4.396020640840567
3209	4.38999644001025
3210	4.545275488413949
3211	4.7490278819325145
3212	4.61513985099963
3213	4.313664582669384
3214	4.177642814511164
3215	4.2049622657208845
3216	4.509934899907893
3217	4.3562319480381095
3218	4.060813577509655
3219	4.017468556544022
3220	4.282202464555038
3221	4.590097399293044
3222	4.501683432718498
3223	4.200216928118494
3224	4.634394833957051
3225	4.531984157048281
3226	4.690117973927292
3227	4.090986332354933
3228	4.487819553065435
3229	4.732901452801019
3230	4.169544399789668
3231	4.2508918844772365
3232	4.440439576168691
3233	4.34247869377322
3234	4.469553122049265
3235	4.12091174454918
3236	4.434410597335058
3237	4.403831669017001
3238	4.278243814810713
3239	4.486492289587073
3240	4.552885776598944
3241	4.554857549129047
3242	4.591014303839395
3243	4.920416151556833
3244	4.648460132382043
3245	4.4491737641551525
3246	4.371093015165347
3247	4.166368663194841
3248	4.663869721705257
3249	4.718534408131397
3250	4.736551476925906
3251	4.260953906431601
3252	4.554280320960173
3253	3.9216112179169786
3254	4.341939172041874
3255	3.923564783611413
3256	4.160796086217773
3257	4.510674774127386
3258	4.183288972446817
3259	4.388666049467079
3260	4.204672068110122
3261	4.441912578542992
3262	4.190969924988298
3263	4.350493732766569
3264	4.018435151833375
3265	3.9236671972178514
3266	4.055106078718494
3267	4.365171567238398
3268	4.08732764780532
3269	4.302433790138953
3270	4.349803539571055
3271	4.35864524351441
3272	4.429428621998189
3273	4.616089546222503
3274	4.850165733994976
3275	4.606323675540966
3276	4.938468529598781
3277	4.308468706004236
3278	3.974296401847622
3279	4.467028156243513
3280	4.511300088431651
3281	4.304065712995199
3282	4.461154703523706
3283	4.372591057727232
3284	4.489814526633829
3285	4.522242909023938
3286	4.365232626392043
3287	4.283074924835444
3288	4.343654686761779
3289	4.196719969142232
3290	4.3024946551586885
3291	4.374848219904098
3292	4.045650386728322
3293	3.9786095294914405
3294	4.667049385279678
3295	4.3175296997183805
3296	4.270534420941525
3297	4.19675874128649
3298	4.295625089657968
3299	3.8600027816970335
3300	4.272229254120213
3301	4.1442033532794085
3302	4.487706514935786
3303	4.078393031978244
3304	4.424279980355356
3305	4.571601654403704
3306	4.081885035219979
3307	4.30903966740146
3308	4.30398248678091
3309	4.379506282180908
3310	4.43483901024126
3311	4.4400558936060746
3312	4.427481151051884
3313	4.1890659229036995
3314	4.458991991039027
3315	4.447384985691297
3316	4.134250996523545
3317	4.700858477558844
3318	4.538359397549562
3319	4.473211327538571
3320	4.499226337133246
3321	4.416274417552395
3322	4.469751749322944
3323	4.4347781566808715
3324	4.214334884959278
3325	4.241998195251255
3326	4.359521863685538
3327	4.422511034601317
3328	4.593369668965472
3329	4.782816350786039
3330	4.667941625775391
3331	4.357896511752194
3332	4.614279956284912
3333	4.306043624906873
3334	4.735574146616854
3335	4.80672260996354
3336	4.518009231396388
3337	4.842157617545462
3338	4.239207010943661
3339	4.4588915348679485
3340	4.270967976796768
3341	4.3616606842995775
3342	4.293360336785209
3343	4.248831184801574
3344	4.337133282767103
3345	4.286069581048498
3346	4.707881355079248
3347	4.033949210387666
3348	4.837041438448293
3349	4.6559519327406935
3350	4.758479519351549
3351	4.437638589399836
3352	4.152246854143105
3353	4.926432217970937
3354	4.725985707791466
3355	4.660054173598214
3356	4.810246008055944
3357	4.540894144079661
3358	3.9859465861040437
3359	4.80222206214918
3360	4.708723999011908
3361	4.699424933667826
3362	4.484680343271897
3363	4.412609219113216
3364	4.64860135250048
3365	4.63611994125293
3366	4.562808690087459
3367	4.40238684602394
3368	4.510899154057073
3369	4.406157071003959
3370	4.500515355294668
3371	4.622165812318807
3372	4.4343850751522895
3373	4.28820775980184
3374	4.478805374791676
3375	4.512820014013071
3376	4.606572441405021
3377	4.1787121658292365
3378	4.569111361898096
3379	4.395008074134163
3380	4.2592854868984755
3381	4.3897558911940315
3382	4.103533158976512
3383	4.512970725821565
3384	4.6320353299637445
3385	4.388249812735289
3386	4.110079320075472
3387	4.185050706153008
3388	4.329947392613734
3389	4.701997381291629
3390	4.548104747223268
3391	4.662626197367279
3392	4.236194076838173
3393	4.510004410552828
3394	4.520277827229624
3395	4.491700251923093
3396	4.054656479536088
3397	4.044839025813011
3398	4.104291688659618
3399	4.42450640294914
3400	4.326335553138685
3401	4.446523105466587
3402	4.493683989357441
3403	4.440455127684908
3404	4.425122254024535
3405	3.8518795432382187
3406	4.773018200050759
3407	4.697783397632841
3408	4.190506545583533
3409	4.416526430657579
3410	4.117722534857589
3411	4.406829662996073
3412	4.608050235752067
3413	4.182034412134373
3414	4.599997754997068
3415	4.311910420812145
3416	4.038898807131559
3417	4.327048202973326
3418	4.553480713455778
3419	4.384500855365115
3420	4.608711659977804
3421	4.22034085731538
3422	4.311106567330155
3423	4.383563926124838
3424	4.287562150066546
3425	4.680210345211812
3426	4.274803065483235
3427	4.239061886191798
3428	4.287389018243982
3429	4.372607837650773
3430	4.279013624453959
3431	4.405428773465368
3432	4.202154008791576
3433	3.8393687554494003
3434	4.024686265613504
3435	3.9730118326962582
3436	4.1706015111065255
3437	4.316739616618804
3438	4.352398757335001
3439	4.4277115485624865
3440	4.135610929511023
3441	4.365294790177933
3442	4.278137841889206
3443	4.467179310949983
3444	4.379964770124667
3445	4.248404510070821
3446	4.42790420350655
3447	4.53058405254635
3448	4.852649799432024
3449	4.769157313015732
3450	4.391715074896198
3451	4.261764570710589
3452	4.385394332417942
3453	4.377990411896498
3454	5.014386537362855
3455	4.61471148425211
3456	4.636054207466547
3457	4.227057482940198
3458	4.337024492972024
3459	4.247733504035056
3460	4.159059635081606
3461	4.042698098569833
3462	4.609467000577534
3463	4.703395163133012
3464	4.655092069614773
3465	4.726883555503081
3466	4.5997419482418405
3467	4.278887429196012
3468	4.405383137067919
3469	4.151090968536754
3470	4.034716287162988
3471	4.381709763708308
3472	4.7317377185175316
3473	4.818090791643148
3474	4.418744462834033
3475	4.580173431785446
3476	4.9856108756565485
3477	4.457641035635042
3478	4.583931571515803
3479	4.673624761439639
3480	4.566872573814994
3481	4.448498144014527
3482	4.154018350301884
3483	4.333451431174468
3484	4.556309803286358
3485	4.664976857041784
3486	4.432872384942639
3487	4.3963517458932495
3488	4.444339261310723
3489	4.327509534664413
3490	4.513866730592117
3491	4.5108310183649625
3492	4.53937787546162
3493	4.0388871419784484
3494	4.235230833919225
3495	4.423342317824793
3496	4.401140387245679
3497	4.252598877844971
3498	4.237197390425558
3499	4.102466645558564
3500	4.122699029716579
3501	4.324364089505549
3502	4.169452370805252
3503	4.221897142218856
3504	4.243466108618395
3505	4.5196943388709245
3506	4.503702480762999
3507	3.939309043859826
3508	4.195382200449991
3509	4.3090428679024075
3510	4.605222747805771
3511	4.496502875852756
3512	4.672459616165343
3513	4.280581397084733
3514	4.285930329654272
3515	4.458007593681932
3516	4.654097070621626
3517	4.7352914607375025
3518	4.6670406030852405
3519	4.534565408454197
3520	4.626306861248736
3521	4.702182846962379
3522	4.800475469029617
3523	4.424876075831319
3524	4.466198409778839
3525	4.057799022620021
3526	4.255438050457183
3527	4.340026691736547
3528	4.298374458785576
3529	5.027394518843709
3530	4.717930352944227
3531	4.229797697040273
3532	4.856252759962632
3533	4.366093637604095
3534	3.9912373020770566
3535	4.275988950946954
3536	4.353246150751437
3537	4.827379801231344
3538	4.51093329056514
3539	4.4407555498232005
3540	4.566783065869887
3541	4.862095072015276
3542	4.637680213940636
3543	4.049689064652089
3544	4.724463478670094
3545	4.56434420843035
3546	4.558914230140514
3547	4.675232050807874
3548	4.601071066492318
3549	4.495240078538704
3550	4.563213874703549
3551	4.427140680919226
3552	4.631189113394835
3553	4.0933740153777585
3554	4.531532203126035
3555	4.452129017652101
3556	4.461783135091607
3557	4.608688655852223
3558	4.25708754863027
3559	4.283020375307156
3560	4.435075581945939
3561	4.706965872823908
3562	4.357336848141179
3563	4.440351205905167
3564	4.257597709845848
3565	4.630756161521519
3566	4.448507626399224
3567	4.688291608821259
3568	4.04658002404767
3569	4.607843866624331
3570	4.4227928124027445
3571	4.338475792959523
3572	4.412768157355659
3573	4.484142953017315
3574	4.657126388380414
3575	4.654466394717236
3576	4.295583963688415
3577	4.3843857515668025
3578	4.651798276747178
3579	4.25188677132657
3580	4.294643202475344
3581	4.3919304770701695
3582	4.120160819373489
3583	4.626546038578733
3584	4.657418023187619
3585	4.3617860563518
3586	4.725879038865133
3587	4.425314235914454
3588	4.542330937851252
3589	4.624570506871937
3590	4.514849064606584
3591	4.455000872185235
3592	4.227894016223329
3593	4.082270365984661
3594	4.5533769355318015
3595	4.2847891343873155
3596	4.191889860113751
3597	4.548441622948825
3598	4.2716841982118305
3599	4.816724543637391
3600	4.1366761877725144
3601	4.497053309715764
3602	4.776115889902619
3603	4.2472409769418205
3604	4.37204020314248
3605	4.5194022069188104
3606	3.938413583634095
3607	4.741250858416052
3608	4.54560791808084
3609	4.852156540385792
3610	4.443779548561377
3611	4.2420197367736145
3612	4.09834901915234
3613	4.4639132079648345
3614	4.5921592933610675
3615	4.6129797227316045
3616	4.245519505074014
3617	4.348945767888439
3618	4.484770539769896
3619	4.7685488943719
3620	4.9649485778101745
3621	4.76597349641348
3622	4.616561545426126
3623	4.292662835266538
3624	4.323871716845275
3625	4.788960118778995
3626	4.243532992672431
3627	4.302241123473028
3628	4.502560705745088
3629	4.360564101765569
3630	4.444014299898715
3631	4.660431375733021
3632	4.610705610945948
3633	4.470161415393242
3634	4.428391477737325
3635	4.692627695291423
3636	4.2666743687311355
3637	4.364429693177309
3638	4.27021038912208
3639	4.256176013950491
3640	4.376767825710629
3641	4.27374716546716
3642	4.365651716015206
3643	4.40326427552216
3644	4.408374724122619
3645	4.534350719594112
3646	4.245283891407585
3647	4.814581254708165
3648	4.56173772374122
3649	4.713858412476856
3650	4.520462786359065
3651	4.473525038566343
3652	4.600225651646318
3653	4.454103383630597
3654	4.4386755189086085
3655	4.328272176814616
3656	4.533155426429368
3657	4.5371364552216
3658	4.7129116757167955
3659	4.333349118807998
3660	4.37600716242211
3661	4.606444610049917
3662	4.470975146363163
3663	4.7277254326142275
3664	4.258172473434795
3665	4.602080518768125
3666	4.527795319362744
3667	4.423740906295069
3668	4.592264941765565
3669	4.245909020596531
3670	4.27715251234036
3671	4.505734458820758
3672	4.235155360709753
3673	4.721467679369158
3674	4.251917340929938
3675	4.61442928697533
3676	4.428016009476106
3677	4.3937835452043075
3678	4.224919475382183
3679	4.491981825247533
3680	4.454282981015427
3681	4.083319194970258
3682	4.63090402126798
3683	4.665454287043258
3684	4.566255127256136
3685	3.982590964949398
3686	3.9192882159353695
3687	4.162680352653469
3688	4.196205342662802
3689	4.1126071177988255
3690	4.462274325754856
3691	4.093694309903448
3692	4.562748872141863
3693	4.866681753773664
3694	4.694717037809689
3695	4.661588358852085
3696	4.6155372191592114
3697	4.542677205794864
3698	4.655922718231934
3699	4.729268394331025
3700	4.48468411482192
3701	4.289306485826731
3702	4.754538113809383
3703	4.581244534620228
3704	4.5515522214094215
3705	4.164183829090863
3706	4.447888204768469
3707	4.745895361380305
3708	4.292748819973435
3709	4.412953683609419
3710	4.3609823108473
3711	4.377181680952342
3712	4.470563771158736
3713	4.635905906849029
3714	4.551417236595816
3715	4.49248881595502
3716	4.23900398410555
3717	4.3139932722374885
3718	4.434295863331655
3719	4.583457378244697
3720	4.529947673943592
3721	4.481734220366488
3722	4.281639820259584
3723	4.526770096017225
3724	4.48931477652722
3725	4.422912026695383
3726	4.6055870840299615
3727	4.34100849860903
3728	4.917980355748008
3729	4.688511924951391
3730	4.414581120910371
3731	4.786620236727237
3732	4.6452055197082815
3733	4.309929194579625
3734	4.472491436891805
3735	4.398982929802019
3736	4.486574706479767
3737	4.269725660028965
3738	4.755623632548018
3739	4.429994526128631
3740	4.398894896781118
3741	4.316978150019772
3742	4.5805058980658595
3743	4.531641852124911
3744	4.634212388964237
3745	4.372881463658301
3746	4.502718509788341
3747	4.355738892993903
3748	3.9702904985837435
3749	4.547709120519557
3750	4.1330327058152605
3751	4.4105199715973695
3752	4.44160428353444
3753	4.172080921351692
3754	4.276242883269771
3755	3.964379629903166
3756	4.343090162748924
3757	4.334726778390296
3758	4.401495460742279
3759	4.560483341755176
3760	4.346087262339268
3761	4.274600946110943
3762	4.475729897708393
3763	4.162023882884897
3764	4.309449026596409
3765	4.439277586457387
3766	4.203708526701341
3767	4.829022755801679
3768	4.3391915344209195
3769	4.505164339445249
3770	4.334018794312168
3771	4.235741171742918
3772	4.1291970382776135
3773	4.192968457952725
3774	3.8940235417128704
3775	4.2286652006911805
3776	4.213552688232174
3777	4.211217638530826
3778	4.605412901786455
3779	4.340402594451021
3780	4.220515477266285
3781	4.1489605807633065
3782	4.099002704868359
3783	4.233485868815368
3784	4.076454287977812
3785	4.268135734656846
3786	4.418759989581129
3787	4.524054351389422
3788	4.193763030041835
3789	4.333567680589102
3790	4.480951148710719
3791	4.297092648387073
3792	4.618906066373266
3793	4.7121203239759195
3794	4.314221635633044
3795	4.291286698198658
3796	4.481736811635554
3797	4.5401057428112415
3798	4.430980552622021
3799	4.405489942980521
3800	4.452850501224152
3801	4.411001122080117
3802	4.503210091280643
3803	4.300007461835814
3804	4.372772744232059
3805	4.252182208592008
3806	4.3927020456350245
3807	4.689684427302619
3808	4.4012045779711375
3809	4.537848189860308
3810	4.39009415960766
3811	4.455115897992002
3812	4.179814523588978
3813	4.041306817321134
3814	3.8816834400122464
3815	4.094006166703474
3816	4.37126228308382
3817	4.762239025738811
3818	4.490554413648551
3819	4.516744177214632
3820	4.411518032319576
3821	4.306706070623389
3822	4.689918029130009
3823	4.490620103315467
3824	4.695873892564331
3825	4.552913381243877
3826	4.377677546951296
3827	4.570676398236972
3828	4.587879936298454
3829	4.073562608145225
3830	4.268575473596339
3831	4.343843174440245
3832	4.2778853822465015
3833	4.722573326154568
3834	4.467569138130088
3835	4.566440203801708
3836	4.471237337126525
3837	4.4118995551418845
3838	4.34290285466351
3839	4.506250164621614
3840	4.5290734306050995
3841	4.600938881690307
3842	4.227223549997668
3843	4.489299398878689
3844	4.76641879877563
3845	4.663555612403246
3846	4.535713824823754
3847	4.469540594011359
3848	4.502432775605808
3849	4.331580741589972
3850	3.794200757423306
3851	4.672540930092982
3852	4.570004229609136
3853	3.896946091127969
3854	3.77996200959711
3855	3.7533540306183064
3856	4.399733615409273
3857	4.389785637888262
3858	4.504030042344262
3859	4.672701800895709
3860	4.596294607147447
3861	4.587279309582644
3862	4.64158051372025
3863	4.4030949599386044
3864	4.487183427125271
3865	4.114338601551624
3866	4.340381829819673
3867	4.563992965747573
3868	4.6258523018154785
3869	4.5350769247523814
3870	4.506402708349537
3871	4.1230502370242315
3872	4.51903542443018
3873	4.504981338280991
3874	4.165832366827564
3875	4.439990503002351
3876	4.467868357859168
3877	4.777567944887383
3878	4.363200506675983
3879	4.258493586022952
3880	4.331917861559311
3881	4.459416384388557
3882	4.504558353735853
3883	4.717179369480156
3884	5.043477557160054
3885	4.550270668278742
3886	4.91459596778006
3887	4.531096226461356
3888	4.406279251671602
3889	4.254751754832125
3890	4.31214992207545
3891	4.337444342968562
3892	4.413482937727721
3893	4.419540545709303
3894	4.512823973959008
3895	4.285139581422451
3896	4.2725945092184965
3897	4.421576363621249
3898	4.255912965364896
3899	4.176944042048034
3900	4.405918597741689
3901	4.531938036682223
3902	4.417699375460459
3903	3.9482479038487286
3904	4.428406393361343
3905	4.337182620914864
3906	4.36475738328529
3907	4.383957311968025
3908	4.423615737987301
3909	4.359427620395694
3910	4.3753776295801305
3911	4.550056618051359
3912	4.325773256435245
3913	4.411452268675075
3914	4.154089717701613
3915	4.025196356663418
3916	4.464369170633081
3917	4.656775023131108
3918	4.404523292433671
3919	4.2762465761018404
3920	3.916801593860792
3921	4.3943071048022375
3922	4.5145276651786626
3923	4.237336324129797
3924	4.130842984845884
3925	4.205750713165399
3926	4.572773448290313
3927	4.318330973003408
3928	4.7618778276903475
3929	4.39569212573665
3930	3.90426231389343
3931	4.449313306146704
3932	4.51096725697397
3933	4.233305257058772
3934	4.425928028147812
3935	4.2969643685112295
3936	4.321148464759837
3937	4.811395816761886
3938	4.75311243482535
3939	4.686556659746781
3940	5.103626509537578
3941	4.715247771856928
3942	4.677689211110541
3943	4.852444931636379
3944	4.347450850344276
3945	4.378976209126341
3946	4.696375320290009
3947	4.361986883754991
3948	4.594821148936061
3949	4.794546197770652
3950	4.33432500672471
3951	4.3339950035643175
3952	4.332344146536132
3953	4.847517130310075
3954	4.873375985833771
3955	4.692197139211367
3956	4.176566273094189
3957	4.537039429805783
3958	4.29049519290994
3959	4.137890483421373
3960	4.200547281991943
3961	4.4180386421767635
3962	4.371058365964803
3963	4.1455198992095355
3964	4.772521382514212
3965	4.602240825423213
3966	4.2773578089859505
3967	4.4482525115226474
3968	4.446863363257188
3969	4.845507490730578
3970	4.8711105420905145
3971	4.392425627669885
3972	4.22139989985311
3973	4.110264343788595
3974	4.178481038771122
3975	4.458862753372942
3976	4.238395243308793
3977	4.666533683428299
3978	4.729790121052341
3979	4.527812009064167
3980	4.436802098237595
3981	4.343943779485383
3982	4.009008055283395
3983	4.086110251189037
3984	4.308131521532002
3985	4.16504152950475
3986	4.419611531365068
3987	4.26026531155684
3988	4.299384897631425
3989	4.585089999203464
3990	4.456135716501772
3991	4.102558444419891
3992	4.045094105288734
3993	4.359803244682722
3994	4.275419147397268
3995	4.674244739089857
3996	4.420063177323549
3997	4.302593476181224
3998	4.440262878080727
3999	4.635406737571728
4000	4.574208344058242
4001	4.174768524709172
4002	4.708342601428814
