0	46.80977263244839
1	43.34352779776452
2	41.880519852594105
3	42.17053700538642
4	39.67532788319523
5	42.494739332938074
6	41.63283917686743
7	40.636198695819296
8	43.84084253684642
9	40.84329621558655
10	38.4568420969084
11	39.647608626266724
12	39.90481645258548
13	41.97892705720171
14	40.64251049589839
15	41.37482944194321
16	40.23297594289627
17	39.583231878283456
18	39.552323019964604
19	43.621465696400406
20	43.17777334415459
21	42.35846736021674
22	41.42136870986796
23	39.845578492383744
24	39.66263571945955
25	41.70444738857219
26	38.813848557885585
27	41.271991995910106
28	39.53759205421081
29	37.917938511535745
30	38.83393433889327
31	38.05043322492715
32	39.14990060500907
33	38.39605817656664
34	39.34998367446144
35	40.34852094505284
36	40.180369334192164
37	38.893305296732116
38	40.281148240669786
39	39.16777962919922
40	40.302256434930804
41	38.85648690443931
42	38.92052744173966
43	40.19318318139958
44	41.078083799347795
45	39.79329536062078
46	37.88553395819306
47	37.997068572572005
48	39.77460019537667
49	39.99900272358675
50	40.64446286428619
51	41.148014421308595
52	37.89372703101198
53	41.625862840993015
54	37.591152767987566
55	41.07026526091221
56	39.774111909626306
57	39.06944660697227
58	39.14261255064097
59	39.99988559223715
60	40.43443387319129
61	40.105808474480796
62	38.475692825961424
63	39.733588073003766
64	40.74620440484074
65	39.30448911503918
66	40.89660249254525
67	42.16889227316374
68	41.54979895317678
69	41.66600181462567
70	42.06779041302106
71	40.94776768763232
72	41.68522815840781
73	40.71139219930557
74	37.75205848235523
75	42.020796698033955
76	40.42692953605588
77	38.79134209517072
78	39.837439333098686
79	41.262583324470754
80	38.19335696111509
81	41.24198651017853
82	41.458772566974346
83	39.44746475546835
84	40.96877028923955
85	38.90762494690713
86	40.44015591277391
87	39.65016391532542
88	39.02386561244664
89	39.09080832693542
90	39.6670994187987
91	39.17660633180433
92	37.33142982889662
93	38.2696383492852
94	39.44193509207135
95	38.94006805517473
96	39.17832469830959
97	38.656629586318296
98	39.801366612644664
99	36.615272124468525
100	38.35915370923781
101	39.920453123276396
102	39.52993406495273
103	40.42071655153908
104	39.257968398218274
105	38.14443821669928
106	40.5502334381423
107	39.111334725146804
108	40.55564893066962
109	39.26852285957256
110	37.934290268766965
111	40.60271307684958
112	38.21285800027885
113	39.00202187354319
114	39.01657395936341
115	37.96998295800907
116	41.66077666545668
117	39.37456040448259
118	41.14628019118948
119	38.78989516087412
120	38.878173010027254
121	39.245930848815505
122	38.62047227588667
123	40.73018551880033
124	39.82104462565432
125	37.33901530146968
126	41.14168121202384
127	40.706356611490364
128	39.1339457718514
129	38.66843552358648
130	39.97526359438704
131	37.05881397232019
132	38.7450490713647
133	39.13885486764859
134	38.324583214341914
135	39.660814110216535
136	39.06519221471581
137	38.50881285353541
138	38.372057253079426
139	37.59502150520348
140	39.838493118616306
141	38.19659804883867
142	37.69084923693578
143	38.59193405335375
144	36.03692472075737
145	37.41491284681618
146	39.51488400315286
147	39.12280562422984
148	39.27704750392728
149	38.623397129256496
150	41.25048635075453
151	40.00849359746066
152	41.623549704556225
153	40.68042138150091
154	39.51861034523205
155	38.281127910013765
156	38.77330958025161
157	37.50184006032866
158	38.10488627547514
159	40.14045379211097
160	38.90905504775323
161	40.12833215870181
162	37.18965314702209
163	37.620281807188036
164	40.14564823387538
165	38.62532804725975
166	39.209924227704754
167	39.27375463391451
168	39.07578465091651
169	38.28192417102028
170	37.8735611118047
171	37.701560354818184
172	38.503318992459164
173	40.048967754594734
174	39.47165613297859
175	38.92921534202631
176	40.51292321089654
177	38.984346288361735
178	41.0030097918709
179	38.07913719674466
180	37.67377647328634
181	40.43553507225127
182	39.59042151124179
183	40.2519272557113
184	39.841724192005834
185	40.580686889874244
186	38.916569999736254
187	37.965886658511714
188	40.89048171476275
189	39.28743601326279
190	40.46885977656785
191	40.27891642032414
192	40.62142513689438
193	39.830898332563144
194	41.44291245924157
195	40.212838534389824
196	39.87878953356086
197	39.19495542821217
198	39.55424537003664
199	38.35236318994171
200	38.180430176921035
201	39.772072406914546
202	39.23866079307347
203	39.335311562862415
204	39.38371503337659
205	37.571813427462146
206	35.479731076986525
207	40.04600841954906
208	40.136571840671444
209	39.26390502265865
210	40.531072002319995
211	37.49471222492055
212	38.40983375816265
213	40.240599354550476
214	40.96147190968404
215	37.940316777576946
216	38.16884821264994
217	40.29838998178647
218	38.56876125055058
219	38.14250966988887
220	38.95866605445528
221	39.21677458495168
222	41.90580375662163
223	40.121474143461896
224	41.62426702126088
225	40.9964844080717
226	37.89163590961641
227	39.94910185732917
228	41.78504336189815
229	40.017042706566045
230	38.78294299575383
231	39.8227027027027
232	38.33976114393261
233	41.23043288325805
234	37.40062409022531
235	40.371087069908064
236	40.855610814858565
237	40.25986548793758
238	39.58600361136269
239	39.234082491790986
240	38.63281455226614
241	39.54484568083053
242	41.00767623090435
243	40.4002710501548
244	38.924412475137174
245	40.539796271105786
246	39.99050480115794
247	39.5598939821688
248	39.2124657646948
249	38.90661993039763
250	38.187582823955616
251	37.3546103831343
252	38.4835595277102
253	37.26838042467477
254	38.680393988437615
255	39.6562111979509
256	38.399617497124545
257	37.85203581245455
258	40.89755942965785
259	40.53617682377258
260	38.64642308871558
261	38.877736874870635
262	39.888516338283765
263	38.664377572030475
264	39.51973689293868
265	39.64936365470037
266	38.54202974807702
267	39.856253507306185
268	37.638479549530004
269	37.89600261275618
270	39.41899463010202
271	41.93304102814806
272	38.981446930809696
273	40.00454755488945
274	39.31928346142204
275	40.484775392640756
276	39.548151614229596
277	39.57689047748401
278	39.962295493790975
279	39.729585359863826
280	38.103765330888685
281	40.71006638534859
282	39.56039083739964
283	39.14498810498782
284	40.88637725072819
285	39.944959501156994
286	39.12724893427475
287	40.871166790779405
288	40.82277860314017
289	39.227949170122336
290	39.78940857145974
291	39.50062437195859
292	39.57337531696531
293	37.226941814479666
294	37.64856203527456
295	36.851702587513465
296	37.76692679910182
297	38.777967367692504
298	40.3911333185184
299	40.33379114105796
300	39.23846623362427
301	40.587256551153224
302	36.11168981177454
303	38.133541721278895
304	39.33104763276011
305	37.81362752697495
306	38.97740106166753
307	37.716615732675805
308	37.83302985256337
309	39.288148268852765
310	40.03575366527892
311	40.99037479312338
312	39.29759016361224
313	40.58966773867542
314	38.7547486176554
315	39.28939132135024
316	36.83694022104015
317	40.10146627782342
318	37.3974144939179
319	36.57526503444683
320	36.94636879165815
321	39.741694175958905
322	38.787822026257324
323	40.034495195183126
324	41.405698530938324
325	41.454434033484475
326	41.758973277277285
327	39.046744691365305
328	38.366457687073435
329	41.12905354698324
330	40.471145114544086
331	39.724279641770735
332	41.35850214472141
333	40.46304767273363
334	41.09761538632929
335	39.57342873352464
336	39.29724989403859
337	40.731034454740225
338	40.03823225857649
339	39.839387539870266
340	40.3936099267593
341	38.491615418145024
342	37.79463602525295
343	38.16143651508346
344	39.639067426228294
345	39.15434740108046
346	38.59138362272908
347	40.86300652629994
348	42.09156407072936
349	41.50372022583227
350	39.90034590028756
351	40.14623340799522
352	40.30662524622266
353	41.108913174600566
354	39.31699479870555
355	38.57672736606463
356	38.47996609039703
357	39.381430801633876
358	40.99849129613932
359	40.36989601799521
360	40.3425273589297
361	40.141097873143785
362	37.63270031458179
363	39.41809369737806
364	40.7574216826447
365	38.3319722049475
366	37.93945384921894
367	40.5698478951025
368	39.959467888421166
369	37.882532275694146
370	37.183740925384264
371	37.07140998043795
372	39.51346844235199
373	40.58711950660778
374	39.778818827153614
375	38.44512783588971
376	37.548802622415515
377	41.14110332097937
378	38.681016521066866
379	38.87938350326784
380	37.3501253723065
381	39.28293661003383
382	39.84469320790111
383	41.17455528155992
384	39.656435984345116
385	40.24292415622892
386	40.84070671317999
387	38.55866671590861
388	38.23892183677706
389	41.572823825256805
390	40.56406866614587
391	38.71140282470318
392	39.66296099370711
393	39.322991083564645
394	39.29612914095457
395	40.48672245733834
396	38.018124167792244
397	39.00072057800507
398	38.47139934145202
399	42.10263008540894
400	39.83675234054756
401	38.46862315637092
402	39.88642250365836
403	38.94787131724703
404	39.05561950485516
405	39.65698501370823
406	39.125919851210284
407	38.15433881498642
408	40.49182730836585
409	39.430165320601695
410	38.313706335172675
411	39.61583441570105
412	39.95784628496612
413	40.03831153391646
414	40.72081168958217
415	39.649603111596484
416	39.35125107988594
417	40.18058243126476
418	39.48662769780611
419	37.56193389240903
420	38.70831672233038
421	39.75976460896465
422	39.46817443671324
423	39.302715309448885
424	39.93227570196392
425	39.01115673307828
426	38.05047877722354
427	40.282424672244765
428	39.994883409714646
429	39.77393462985779
430	39.846342578734046
431	40.276906686945814
432	37.79028400378945
433	38.31451485641384
434	39.26267907070457
435	40.3103942712347
436	38.97144940076989
437	39.717795015744464
438	38.491100961357
439	39.487834423988645
440	40.7907893433906
441	38.538278060401474
442	36.30782193863173
443	37.74460782621493
444	38.038452631454504
445	39.15323938735273
446	38.92893385069332
447	37.835722281839146
448	39.98260860539898
449	38.97919031823283
450	37.81220085989372
451	38.850800643237235
452	38.678511462939774
453	37.48163718819616
454	37.2041635016339
455	38.68676408659787
456	38.85500504954608
457	39.38516926638334
458	37.26418768997178
459	37.046016883523
460	39.18333901700338
461	36.69994044237172
462	38.11091626376463
463	39.417465337695305
464	38.53364107520638
465	38.69173659485869
466	38.12928727359085
467	38.4570234976991
468	37.119035023939816
469	39.985980085557706
470	39.93915548269978
471	39.04852399154598
472	39.28697213386863
473	39.151200477716166
474	37.7508960075165
475	39.6465880418568
476	38.58073540148311
477	38.354464027642926
478	39.02146404311339
479	38.12664397022387
480	36.599063481731584
481	37.58407144855367
482	39.51800753465101
483	40.35676580617273
484	40.16544032894792
485	38.67113730764175
486	37.77968516172942
487	39.35174714489262
488	37.97544232760842
489	38.23862884385279
490	38.63554196573072
491	39.64278637649617
492	39.27455420907701
493	37.62064615878052
494	35.96015827754479
495	37.93496043889674
496	36.385752933540346
497	38.279689707299234
498	38.1308426011231
499	37.014643029466065
500	38.03000390168128
501	39.05300428359724
502	38.74679278076136
503	37.09214044393879
504	37.53459999587754
505	39.32867771074237
506	39.28428469548835
507	37.410371346394996
508	39.16916897768276
509	39.33214669203316
510	37.21018773121955
511	36.73910001093271
512	38.02777163859962
513	39.249990088874185
514	37.863429417793235
515	39.59104162835748
516	39.21179907344464
517	37.99441398758265
518	37.182017724630754
519	37.137342590618175
520	36.52110147367022
521	38.284147754746044
522	35.34385137679396
523	37.152999910059094
524	35.24357361020013
525	36.79632178361287
526	36.76081001324641
527	34.80711160528134
528	39.59100388848298
529	37.99350743146565
530	37.8644386808595
531	36.68396344512246
532	39.62375996493721
533	38.292593231052116
534	38.60291315055448
535	39.83532100615933
536	37.54971752665279
537	38.51958556088225
538	40.73602081624001
539	38.81611251887403
540	39.280436382777914
541	39.31433740267023
542	39.04578362111343
543	37.61844077427369
544	38.539959749518054
545	37.25584393971505
546	38.178835105582756
547	38.41688439837002
548	37.93830010150223
549	36.653314228310045
550	36.83804403332619
551	39.18265074434463
552	39.01621094611984
553	38.87617004501408
554	39.302340953772905
555	42.7180839400123
556	40.27586512485868
557	39.393675616808984
558	39.38034560745184
559	39.71230507956041
560	37.29639881828052
561	39.54424962790139
562	38.52003865778623
563	39.20492922598971
564	38.08600191177896
565	39.20882039822496
566	38.205009816116565
567	36.89940934623696
568	38.17796541129424
569	38.024063534195996
570	36.309836498762856
571	36.780121045166176
572	35.64711270764727
573	38.4978593585253
574	36.626733715744635
575	37.55642824626576
576	36.98908621234021
577	40.29172544788533
578	37.365872090907416
579	38.23766301181703
580	37.9191439343768
581	37.468167074449624
582	38.14161511151199
583	39.62963114690671
584	40.561941762725674
585	39.735888727661276
586	40.208418347037885
587	40.78800453151985
588	39.080143186309016
589	41.88216972276988
590	40.03765029685582
591	40.07082683653422
592	38.37736866871437
593	39.946482503731346
594	39.23084762798733
595	40.22622070952523
596	39.62705553612044
597	39.794288363719076
598	38.33766856692593
599	38.121371172015245
600	39.50290564017006
601	40.88191786356876
602	41.06705843466346
603	40.53988783296221
604	38.51134545824498
605	40.87936073380325
606	40.03822015163699
607	40.44766181878751
608	37.10783306364067
609	39.66620154831108
610	38.6427948283041
611	38.453846548464696
612	39.21961499039002
613	39.115518951166486
614	39.407913096122584
615	40.01645200541819
616	37.83444026089553
617	38.50215348005383
618	38.170276959871394
619	39.134057690785156
620	36.60373867778651
621	37.20569191367345
622	37.82042370750464
623	36.324434668112126
624	37.410372814295236
625	36.68150596495134
626	38.14493981072262
627	37.70659962276192
628	38.19219944493636
629	39.68868582799003
630	37.71315933229677
631	38.17142404820475
632	40.29435193821553
633	40.383553245968834
634	40.18259136297504
635	39.17325682905568
636	40.72870639115116
637	41.181524388769326
638	40.69380974274978
639	42.08986002438484
640	39.49277052162821
641	40.39254763998018
642	40.591524843001096
643	42.14706948260272
644	40.50482339504638
645	39.09759133468509
646	38.501893236483845
647	39.24922371678289
648	42.26197495010768
649	40.98834918545954
650	42.354688561843076
651	39.519000626946216
652	41.04299788612536
653	40.93067695692792
654	39.20058166814298
655	40.01359294580284
656	40.08905082109651
657	39.67715919904471
658	40.225108888273844
659	38.24163531551406
660	38.46712972506292
661	38.910958283307686
662	39.46849309940078
663	40.574236587099755
664	40.31054234250115
665	38.440751042219674
666	38.67411189722944
667	39.352503953760674
668	38.81652389667849
669	39.296012806489436
670	39.721272034231276
671	39.23274255924166
672	39.90506107033595
673	40.60333979507413
674	41.36111761125679
675	40.07352415816523
676	41.889183706936414
677	42.46497194552143
678	39.77916265982817
679	41.482854171870734
680	38.79514353749702
681	42.05164183490256
682	40.0962357481662
683	39.57841625479774
684	40.45112696317128
685	40.217068801574854
686	40.458601266909
687	40.187771773496664
688	40.23590641109146
689	42.01366740033972
690	40.83599579657221
691	38.70610553183206
692	40.27089292933147
693	39.087787369711144
694	39.05059528214625
695	38.88317029889187
696	39.830710422055375
697	38.49367909732903
698	38.01970556348415
699	39.44915148096894
700	40.150274629264864
701	38.69144545632827
702	40.367265292565705
703	40.12809538658583
704	40.29368431905223
705	40.05751626403496
706	41.21999807838649
707	39.984729331486086
708	37.769590135798644
709	38.33561869256039
710	37.53719892765298
711	36.53121985978691
712	38.335564924341284
713	39.09065887417908
714	38.551662644835844
715	41.549738324723066
716	41.09409184630584
717	38.341777092707254
718	38.74895944432558
719	38.76869780242206
720	39.06178420921413
721	41.06459427625821
722	39.964354443206574
723	41.77216753147383
724	40.47726119643928
725	40.22661207515614
726	41.11368459729692
727	41.065692380480705
728	41.17496241400351
729	40.305646399193854
730	40.456857896167826
731	40.20661678618469
732	39.22861932768132
733	40.79356926124299
734	40.67927752739156
735	40.473240414357576
736	38.486617416846634
737	41.25651334509231
738	39.811228162247886
739	41.172362425342975
740	38.39587726890063
741	39.76746544230008
742	38.39459491295673
743	39.981528794287485
744	39.93937254957093
745	39.43738554997934
746	38.264509092107964
747	40.57185749538426
748	40.70583992407581
749	39.5324277040277
750	38.61417481840481
751	39.8202935269241
752	40.26987126722831
753	39.74644927925811
754	37.08502721766458
755	37.65953988679854
756	37.617013545250174
757	39.41276305469303
758	38.51107213199046
759	39.25097137899337
760	39.946953308214376
761	37.44783874660874
762	39.48314506535216
763	37.44433296461188
764	40.037823201809644
765	39.04614468953678
766	41.82420258912902
767	37.3551957119968
768	38.707325257370535
769	40.085542703984466
770	37.77299363755367
771	38.229928297216325
772	36.7286512388592
773	39.12391687340289
774	37.909961813329275
775	37.74395963091888
776	39.39282176334423
777	35.82985171807056
778	36.18485809344504
779	36.7720711301194
780	34.45763875522608
781	36.42788805165173
782	36.429402316653864
783	37.409215837838524
784	37.222942028346274
785	37.80474644529729
786	37.62741288624882
787	36.655656989253494
788	37.15034285941512
789	38.588620520398756
790	38.7773682378054
791	39.427654345472185
792	39.67102887699181
793	38.66919547846508
794	38.025822316816345
795	38.07627790467234
796	40.17494281520926
797	38.17206232474959
798	36.14465830475113
799	37.052090487012485
800	36.51183405730439
801	38.63920024140409
802	41.33169281963202
803	39.134234312643365
804	37.363680480402344
805	40.08349378871255
806	39.518634337323405
807	39.73451640604447
808	37.836564608776484
809	40.249665578206375
810	40.38938537223303
811	41.26797367453006
812	43.30399035136021
813	43.56424443375148
814	40.507710200621325
815	40.35535927028989
816	40.53776075266721
817	38.91259598333945
818	41.67872640479626
819	41.79668107548348
820	43.71855173228712
821	40.21332583934456
822	41.062740300578376
823	40.92653922829286
824	41.68672176750709
825	39.1058484108975
826	40.227366002176794
827	39.91454478874505
828	40.83838661533765
829	41.40503876923055
830	38.26465720122983
831	38.893118098242205
832	40.87672039330219
833	39.823172183153034
834	38.673367575067715
835	40.22539435529996
836	40.87282487805547
837	39.095578291286344
838	39.58060719966786
839	41.14301679770425
840	38.04225084687015
841	39.87392799074771
842	38.08779119345185
843	38.39026254085401
844	38.53940964628476
845	41.55763000886074
846	39.62370733323504
847	38.421428349088394
848	38.886424485435754
849	38.12623213347129
850	38.86672516369759
851	41.193412227189356
852	39.49378407686927
853	40.463287804589385
854	41.059589178747196
855	38.79059730632029
856	41.78114088112032
857	38.85531256578593
858	40.47765021126963
859	39.57601723498986
860	39.762266534025386
861	40.871373240106244
862	40.5946009526095
863	41.85410249160203
864	41.67775829178744
865	40.12456183702711
866	37.682958476125386
867	38.595512918718775
868	39.340925285070796
869	39.70633863058767
870	38.58708733814195
871	41.654533834874364
872	39.30572050095417
873	37.53016617298176
874	39.1801832475394
875	39.698140334126755
876	38.71740501626975
877	39.38023933567148
878	37.88958822357104
879	40.65148277597569
880	39.16252322898608
881	39.9672300542299
882	39.88676156448345
883	39.83689433161447
884	41.39006381213824
885	41.20708136505095
886	42.27936627162547
887	39.32136246479524
888	39.11314376250819
889	42.227599535173525
890	40.557316369644795
891	40.042973238708285
892	40.336688798574386
893	38.92304366822269
894	40.72545098133317
895	38.78172539847022
896	39.578115883120375
897	41.16723726210018
898	39.27635918213512
899	41.48320959726267
900	38.65890594380733
901	38.39244543878423
902	38.77513416256863
903	39.194004966444595
904	39.14583316231931
905	38.53060079450449
906	38.96271068233057
907	38.55585669792268
908	38.54443964312226
909	40.707932739897956
910	39.068817495828576
911	40.22937571778703
912	39.61043422311767
913	39.93733160748947
914	42.28876581636654
915	43.19706237388296
916	41.83119747653585
917	39.9305557137415
918	41.110343133947055
919	40.59282517635493
920	40.562828808885385
921	41.28040178324681
922	41.22729318699052
923	41.44659144787565
924	41.29439149142792
925	42.899300034752095
926	40.36558989750327
927	43.380279323520256
928	41.58344568789659
929	40.02872979053226
930	42.34930774052749
931	39.58900049858588
932	39.52918299997067
933	41.79038520804072
934	40.65341583462086
935	40.87347065243073
936	41.132567675305474
937	41.58210749085846
938	43.78843679184426
939	40.99620215473562
940	41.44023745927928
941	40.56710049440627
942	41.15837320759513
943	41.307378238914694
944	40.82804619431656
945	38.86527273743104
946	42.814272251857965
947	41.191637539601466
948	41.07931269255897
949	40.70275207604767
950	38.75942915931505
951	41.30287742067612
952	40.928792011122574
953	38.385711962173694
954	39.256991453894564
955	39.3825034914786
956	40.79031828379964
957	40.17284946726787
958	41.86955163171797
959	42.85408705814797
960	41.61048295661588
961	40.721336790768056
962	39.398862808940756
963	39.94317296355641
964	41.55564109366281
965	39.495939527605515
966	38.411640319906525
967	39.58888016389264
968	39.52008904588612
969	38.68617016086311
970	39.822019676497575
971	40.07953510452094
972	41.08990117410737
973	40.42264109005829
974	41.708334903263214
975	39.40454343437325
976	41.35364655703328
977	42.65301219287011
978	41.475660657561704
979	42.41693007176697
980	41.43015275705637
981	41.02372868420631
982	42.17760923748437
983	40.835607644944105
984	41.38665917367287
985	40.777365665100184
986	41.21535680445535
987	41.12279708252812
988	39.75950466536621
989	40.73788675523062
990	40.10468412355467
991	40.15818163209746
992	41.01081198209709
993	42.532294117614214
994	42.19937831607135
995	40.73878460572444
996	40.487693874676864
997	41.27101899395147
998	40.05169289543961
999	40.03650178339045
1000	38.74989725711675
1001	40.07540636407935
1002	40.48841226015286
1003	40.98442056853324
1004	39.930531245489995
1005	38.76162747146347
1006	38.862547954405905
1007	37.76694479409149
1008	38.570544421907286
1009	39.82713796076133
1010	39.33314938561493
1011	40.06242000792413
1012	39.844646053229305
1013	39.65440106908851
1014	38.89592181154252
1015	40.832088611067405
1016	38.410397948720025
1017	38.80706745779789
1018	39.64939297796414
1019	39.36327936158381
1020	40.6426815716818
1021	38.337172827723165
1022	39.45167890851538
1023	38.385902670456815
1024	38.99352341549212
1025	40.56425692659155
1026	41.234721472589634
1027	41.644544977582534
1028	38.84054875755291
1029	40.31687432493622
1030	40.26087939965326
1031	39.85377662688319
1032	41.77295447416849
1033	39.76040314622715
1034	39.83775918655297
1035	41.738542840553635
1036	38.29710704783857
1037	40.395471139994946
1038	40.537498778933646
1039	41.291722044207226
1040	41.617346051204606
1041	41.42600946393511
1042	39.45462541565037
1043	41.11748269875472
1044	41.25957646587625
1045	41.065407239339564
1046	40.71072555395245
1047	40.80991783201579
1048	41.18848278563643
1049	41.42285721641137
1050	41.27758720315899
1051	42.305511117727946
1052	42.57276985506825
1053	40.079189073804244
1054	42.11063313578818
1055	40.95141467483171
1056	39.43127698161177
1057	39.586968720016515
1058	39.914824540463115
1059	38.32973306107939
1060	40.114915613183996
1061	41.19054599263113
1062	41.0194646151109
1063	39.97131801408452
1064	39.906478834705595
1065	40.90229579256467
1066	39.368196062423806
1067	39.97953766063211
1068	37.66828594178336
1069	38.040995682618735
1070	40.81325665485385
1071	41.208037763926306
1072	38.761343916896315
1073	40.724102948493446
1074	39.98414026569775
1075	41.1405210400138
1076	40.40319320037183
1077	39.43888327164055
1078	38.34592666140914
1079	40.420074520321506
1080	40.26940543739355
1081	38.647083420043664
1082	39.32652620971736
1083	40.06240255488981
1084	40.1255555817025
1085	39.42864975562962
1086	39.376903860669835
1087	38.34904317247379
1088	38.59557341064814
1089	38.52618691640266
1090	39.16153055902159
1091	39.43333969911092
1092	38.89370974934877
1093	38.0171296373146
1094	39.63226784395205
1095	38.703845956740125
1096	38.43296619853152
1097	38.86108098656351
1098	38.721165042779916
1099	39.401591320261524
1100	37.266829856085124
1101	38.41164198223853
1102	38.25713341088986
1103	40.39273501890228
1104	38.51370775312708
1105	38.17504178553801
1106	37.37895209388829
1107	37.18826556347662
1108	39.29316909896112
1109	39.85226404234641
1110	40.7419977538418
1111	39.975063013327556
1112	40.81983853627943
1113	39.111124394817395
1114	40.38945082196514
1115	39.79375119945256
1116	40.71372492834865
1117	39.34278442135908
1118	39.5794468019464
1119	39.975823054827266
1120	40.16714797044991
1121	39.10401030571594
1122	41.12786741808559
1123	40.45180744595246
1124	43.183082395897046
1125	39.3217619338359
1126	39.83738824466455
1127	36.55375351306775
1128	39.03250560734518
1129	40.59005232998281
1130	41.43128610464424
1131	40.99075590146347
1132	39.537404250149436
1133	39.27723246235672
1134	41.09007200687033
1135	38.8892450102581
1136	38.882102363420756
1137	38.959246252018545
1138	39.80847476563281
1139	40.396348248201065
1140	40.20778773181687
1141	37.75817253459207
1142	39.79872328791407
1143	37.875618481420624
1144	39.732056111281025
1145	39.77235719373397
1146	40.147697975996664
1147	38.17198731093379
1148	39.14446199324439
1149	39.16763820612637
1150	40.96482382738828
1151	38.944953385294085
1152	40.52641619167782
1153	41.17932057316748
1154	42.028168310457175
1155	39.54864207494747
1156	43.03935496820819
1157	38.9168296481595
1158	41.157472111241084
1159	40.56316700895868
1160	40.60947075044455
1161	39.521550178187525
1162	40.74679534749112
1163	38.61904288176146
1164	38.44849597154486
1165	38.736597807518905
1166	38.79963157858487
1167	41.05390117927826
1168	39.9640318451552
1169	39.72103589535658
1170	42.212640746967516
1171	40.04090540175604
1172	38.48476276053409
1173	38.86018973818203
1174	40.20477417544167
1175	38.49317841854666
1176	38.09987077457133
1177	40.23799994568529
1178	38.122896662935844
1179	39.04562979943191
1180	40.78184551444006
1181	39.96983018958517
1182	38.540555125377765
1183	39.07581860958704
1184	38.32593854697638
1185	37.09740378825167
1186	38.222755662143214
1187	37.52013843388694
1188	39.7780299975337
1189	38.144502953742524
1190	37.69370528969237
1191	38.79647016387752
1192	38.391022808336196
1193	40.73185344384523
1194	39.04551425104196
1195	39.28498830566333
1196	39.622833590680266
1197	39.84135562382601
1198	40.371962664931175
1199	38.60682627657056
1200	41.878423207526495
1201	39.2532889864463
1202	39.713785576023305
1203	39.709492303328595
1204	37.572210103221494
1205	41.83373982040662
1206	41.99656856604301
1207	41.15062869278787
1208	41.50464192509781
1209	40.72623079592253
1210	39.00705449687511
1211	38.63126539935059
1212	37.885208503517454
1213	37.868245075004516
1214	40.55361705185961
1215	38.43728066184149
1216	40.409599608095704
1217	39.40504277197918
1218	39.65241353175213
1219	40.07771760242726
1220	40.9334207431995
1221	40.15787109020006
1222	39.92135242155469
1223	42.49614154725119
1224	40.0254450117441
1225	40.942024177904706
1226	41.49317572870404
1227	41.21082510754388
1228	39.471303247088734
1229	39.32675630487376
1230	40.872389185404785
1231	42.115947809752406
1232	38.38672558225168
1233	39.175763943961876
1234	37.492366092766105
1235	38.52431406117673
1236	38.79269676231313
1237	39.31176254590075
1238	37.28901193085143
1239	38.26465893483578
1240	41.04676915236502
1241	38.915661119128
1242	39.04799796657791
1243	38.46726141018008
1244	36.463344876116864
1245	37.89207725109193
1246	39.7617372674657
1247	38.59513929034746
1248	39.715552977053115
1249	40.30724937773182
1250	39.78416725647895
1251	39.30249249670649
1252	37.78717722877406
1253	39.90599186607531
1254	39.660216294074104
1255	39.227005258805534
1256	39.41864513380418
1257	39.775331975771316
1258	39.5415475803974
1259	39.79886083642135
1260	39.07332047839843
1261	41.545689509519164
1262	40.566585999617956
1263	39.95654979884938
1264	40.81335952958179
1265	39.91692533819469
1266	39.33864018937013
1267	39.640512203357865
1268	41.90788192029707
1269	42.375583757597084
1270	40.74184672394844
1271	40.84240772524246
1272	42.66281704821009
1273	40.11587703704843
1274	41.02057542979761
1275	40.13395411099378
1276	40.68618732221665
1277	40.60215771639178
1278	41.491480307953395
1279	38.96224530950127
1280	38.184126399236995
1281	39.9823128573872
1282	37.474988843614206
1283	40.30350261638297
1284	39.43033497102608
1285	39.65717569204149
1286	36.9862926120528
1287	39.246037246140745
1288	38.49684801786064
1289	38.749745923781134
1290	41.39042809286584
1291	39.1339051061151
1292	39.27078852763491
1293	36.44442098698099
1294	40.931676164299155
1295	37.94607916171741
1296	37.91328151822573
1297	40.40038043253376
1298	38.622966401392404
1299	37.17964602887504
1300	37.665756901906015
1301	39.42137522776422
1302	38.50986735157877
1303	38.61547396608085
1304	37.48328915537032
1305	37.46840554132132
1306	37.74360700275166
1307	39.40442092852998
1308	39.800602981914366
1309	39.586936683474924
1310	39.13277104065596
1311	42.594914214391935
1312	39.984121228253905
1313	40.883126440862405
1314	39.57952908350135
1315	40.703094723473015
1316	40.21203620101078
1317	39.32594931413109
1318	39.49973978986616
1319	39.85895497175955
1320	41.91241758645462
1321	40.82171634319326
1322	40.42417555017086
1323	40.22654119144683
1324	39.583951761851566
1325	38.72085796673155
1326	40.950057077651486
1327	40.91655913604428
1328	40.52015494753786
1329	43.18420611941852
1330	41.30485033972195
1331	40.55006579834037
1332	37.994399857771846
1333	37.97328689947125
1334	41.01745329849542
1335	39.03480354182027
1336	39.910392591384706
1337	38.48133609398904
1338	39.852087735565256
1339	40.09044114681264
1340	40.60089403488471
1341	40.58189256516368
1342	38.91383477412672
1343	39.73061784786921
1344	37.94509729352286
1345	38.42643310302989
1346	38.28195611825759
1347	38.423296367138924
1348	40.94082964088971
1349	38.44707623616694
1350	39.143950815554604
1351	40.644028280459366
1352	41.88816205515191
1353	40.6634797593185
1354	42.83243753592516
1355	42.96431614999853
1356	42.277159359270755
1357	41.155034175323074
1358	41.202470496559364
1359	41.167489759647886
1360	40.58217842840024
1361	42.2953348839522
1362	40.66426198081602
1363	39.888397806023626
1364	38.21174417624924
1365	38.905433186735976
1366	39.13211774070608
1367	38.37808994790691
1368	38.90834289686452
1369	38.05491567514907
1370	41.526271916865696
1371	40.55566209316373
1372	40.37973075424944
1373	39.54438018244881
1374	40.77706495815547
1375	39.51759963014265
1376	41.48040732829967
1377	39.393868962595384
1378	39.923676351525955
1379	41.678311205101465
1380	39.296895680620146
1381	40.67945449710743
1382	40.580572814866485
1383	39.031545666481826
1384	39.322967904602265
1385	40.09660231476106
1386	40.20476654377493
1387	40.77050974430361
1388	41.170178420543735
1389	40.731584995298604
1390	38.18194513277564
1391	40.182474603338434
1392	40.83126809942211
1393	40.50732713273562
1394	41.201008994483686
1395	41.19765534474566
1396	40.76323453116055
1397	39.087487122701184
1398	40.869639734108326
1399	39.72452703548396
1400	38.193258728785885
1401	39.35390161833911
1402	40.5909415155745
1403	37.154844659968596
1404	39.02339363809547
1405	38.321113263808066
1406	38.02880568095961
1407	38.67444534422298
1408	38.771463504378765
1409	41.45044145312599
1410	42.12471159112969
1411	40.147580398712904
1412	39.55933197055375
1413	39.23682691684051
1414	41.43803693165803
1415	40.267621156786426
1416	39.087785308703864
1417	39.62867808950588
1418	37.175477981753595
1419	38.43808503164296
1420	40.78714599536578
1421	40.25345372125131
1422	40.38543669075887
1423	38.55064447814181
1424	38.41836565680145
1425	39.983740425316824
1426	40.675122986346494
1427	42.428366557741974
1428	43.656457750809246
1429	39.411899561968596
1430	41.61683298716615
1431	40.788743219566534
1432	41.20636994446911
1433	40.909514170519564
1434	39.29729055438158
1435	41.74724049120728
1436	40.86968828325841
1437	40.95156311321715
1438	40.14257121275898
1439	39.07169887971072
1440	39.42715188819109
1441	38.5415690416685
1442	41.14555428430792
1443	39.98252352654546
1444	38.660821263963655
1445	39.24580217804817
1446	38.50767597995685
1447	38.300816190389774
1448	38.55075897105845
1449	38.1104340891621
1450	36.74316378991605
1451	37.12351077595824
1452	39.52778493542233
1453	39.019145219707276
1454	41.35915631034893
1455	42.03055173071942
1456	37.44850919250235
1457	38.7438551918576
1458	38.63646454770254
1459	39.46140236472473
1460	39.507903230470994
1461	40.160535864753335
1462	41.320043448284714
1463	37.83258672669942
1464	39.6565503162329
1465	38.76060870761206
1466	41.02818502074404
1467	42.06941695502507
1468	41.73464614688708
1469	41.892230531354734
1470	42.02508545367411
1471	42.731516652129464
1472	42.63126435375528
1473	40.30182689384221
1474	41.69875972527804
1475	38.63604615016232
1476	43.2277882427918
1477	40.72198560364932
1478	41.51490895358192
1479	39.29374860920783
1480	39.52321316994373
1481	39.622531320302464
1482	39.00268646682173
1483	38.89213318822635
1484	39.85446245260394
1485	40.339388814625046
1486	40.42787044778574
1487	36.750197424926725
1488	40.17762989618808
1489	39.03618331128733
1490	42.391707062510086
1491	39.719514169512
1492	38.90980747608203
1493	39.32949593883539
1494	39.309258423983344
1495	38.680698228655515
1496	38.24314558486574
1497	37.8555843500241
1498	42.18963536728453
1499	40.9672228783939
1500	41.903888471594954
1501	40.696443172785486
1502	38.486584193611975
1503	39.64185028511057
1504	37.3146204764569
1505	40.334963713151424
1506	38.85982909988216
1507	39.542836245191815
1508	41.376360686870335
1509	38.4608337723526
1510	39.5744018515295
1511	37.00534539499664
1512	37.98741382649804
1513	37.621895230520394
1514	39.47556555497444
1515	40.45713926398692
1516	42.587272919201276
1517	40.783527498158776
1518	40.22114179315147
1519	40.290509751517526
1520	40.717824124401155
1521	38.220348151967734
1522	38.99860054353013
1523	39.26259874327411
1524	38.784213178002204
1525	39.232038302957086
1526	39.64390618517538
1527	41.59717976426079
1528	42.12237122598007
1529	39.181470749389725
1530	38.90389792059423
1531	40.461734458340516
1532	40.51377576719476
1533	39.637789318410604
1534	39.811903557338965
1535	41.85445685368612
1536	41.59201062304405
1537	40.11360799745931
1538	40.33633335070684
1539	41.587862322247
1540	41.34533409538842
1541	40.410128976857784
1542	39.30315515003115
1543	39.91623087285029
1544	38.824757295396566
1545	39.477043680912104
1546	38.45677523691924
1547	39.42454794022462
1548	39.14333338199072
1549	40.67065460802951
1550	39.90225248084741
1551	39.59526759632095
1552	39.84356022845526
1553	38.7830775848041
1554	38.87091656402718
1555	38.02774645329258
1556	38.1112237413773
1557	38.35671345990959
1558	38.09387414720635
1559	37.3347003580399
1560	38.97180439265146
1561	40.288723696415815
1562	40.3797122713231
1563	41.56187767902651
1564	40.010589383156145
1565	40.351912361919275
1566	39.03253153158883
1567	38.23780750653393
1568	41.04272574333467
1569	39.03328922077605
1570	41.568335444575915
1571	42.092770544162036
1572	40.08659982185535
1573	41.058530710617305
1574	38.149215678681244
1575	39.88271702250519
1576	39.36940667658087
1577	38.82638062478789
1578	40.59755297206936
1579	38.645532645589846
1580	38.27626034845097
1581	39.53866239810299
1582	38.46660038029661
1583	39.93259393047955
1584	37.26177595940831
1585	39.644024773163316
1586	38.748642105770664
1587	38.88880637711717
1588	38.457307748392985
1589	37.139596806255845
1590	39.355315031714525
1591	39.390718947662045
1592	36.68605644404533
1593	37.375316838628976
1594	37.26192050051651
1595	38.38784813954977
1596	38.818953675802284
1597	38.75561201969083
1598	38.13868797551503
1599	37.1279584599632
1600	37.399435062205434
1601	38.27674234860613
1602	38.311775948353684
1603	38.83491161553115
1604	37.527361747277276
1605	39.078468756848025
1606	36.48214616012741
1607	38.48992980695887
1608	39.959169801310004
1609	38.11724851983057
1610	39.994308231812056
1611	35.913339420926405
1612	38.443723672788806
1613	37.64332478175638
1614	38.278147984370996
1615	38.356629138060995
1616	38.42439496029104
1617	37.36710141356861
1618	39.54815864335098
1619	40.09919275713576
1620	38.307407931683144
1621	37.38067620305235
1622	38.80531326274684
1623	37.99865126688008
1624	38.66331721734197
1625	36.83949405247877
1626	39.10457564534714
1627	36.97768641944034
1628	37.506318241840226
1629	37.591027211825384
1630	37.759943030252415
1631	38.730360556861974
1632	39.43540789117056
1633	39.606662955512036
1634	37.39386061584597
1635	37.270677001025604
1636	36.54813082475812
1637	35.76183147951864
1638	38.65045983262623
1639	38.13987846393883
1640	39.28518194309316
1641	38.62236817860371
1642	37.93645110923032
1643	36.33318195917103
1644	38.71535894744641
1645	36.95132660730147
1646	38.99348517030094
1647	37.257281872283535
1648	38.44149545106369
1649	40.18502165084921
1650	39.05985840636678
1651	38.353823219233306
1652	38.18489208730022
1653	38.78627064531824
1654	37.584625050540716
1655	38.7627720647444
1656	39.58895654698692
1657	40.02644182166545
1658	38.94942812487694
1659	39.35814875032809
1660	37.78885559701465
1661	41.34543478088107
1662	40.24045426663845
1663	39.12508669960318
1664	37.708712961201925
1665	39.22820076170085
1666	40.59163654561729
1667	38.8005822350909
1668	36.76424222622832
1669	38.81569583162532
1670	38.01827433288912
1671	37.98959810643299
1672	37.37657665455547
1673	38.20221426189473
1674	37.802076782330104
1675	39.01143852560264
1676	36.4462496306078
1677	38.77264213430976
1678	38.70038977417077
1679	40.18179985806577
1680	38.116984465148796
1681	41.19116753021769
1682	39.85710807902239
1683	38.38665596899622
1684	38.74092485846999
1685	38.40974350297128
1686	39.68083404371006
1687	38.62037984385257
1688	37.23863424960129
1689	39.887914148876646
1690	38.306036462853584
1691	38.01381881398918
1692	37.77287669114861
1693	40.1497695111955
1694	39.003353707686585
1695	39.49158310682716
1696	40.977345696554494
1697	39.22635682388236
1698	39.651167091165064
1699	39.0741455839798
1700	39.58351424655432
1701	39.68696567609516
1702	40.18135113393165
1703	39.40493950154592
1704	40.97108834882994
1705	40.025778624741825
1706	40.672509357141315
1707	40.85300185866757
1708	38.34411091196669
1709	41.80054643620335
1710	42.3811799764319
1711	41.39544900463389
1712	40.37844355562913
1713	40.77183009549937
1714	42.11124184940314
1715	41.696017809554455
1716	42.239541266773884
1717	40.863399484481924
1718	41.17516031061818
1719	41.54496814260005
1720	40.58135321856666
1721	40.65388905611909
1722	41.736871459582744
1723	42.068373715735056
1724	39.364140633631536
1725	39.713949421306474
1726	39.084767569962345
1727	40.389658573841324
1728	42.2417598725914
1729	39.72279839362238
1730	39.152238550518284
1731	40.299864023670956
1732	40.95052282216442
1733	40.528365328431285
1734	40.73030957141957
1735	38.89215143088949
1736	37.93520675519233
1737	39.31895310963037
1738	41.05412572948751
1739	38.378478630166505
1740	41.17102229071974
1741	40.348701767796406
1742	39.50959769868558
1743	41.06071494525691
1744	43.11653037855112
1745	39.81580787504077
1746	42.11272543988236
1747	40.73999927100995
1748	41.09436194464898
1749	41.28065383821096
1750	39.39016539805033
1751	38.69371207913999
1752	40.80296055475003
1753	38.99002193106267
1754	37.80621135668457
1755	39.10315524926521
1756	42.154872950804375
1757	41.27486042684944
1758	41.39412419781795
1759	40.62444667823133
1760	39.95609247047129
1761	41.26901079727025
1762	40.476488878214774
1763	42.30283483534708
1764	42.087952775341506
1765	38.18683453518544
1766	40.126667991504995
1767	39.2470359388451
1768	38.92371932943618
1769	40.095007938148306
1770	39.962996628114055
1771	39.56076183414807
1772	37.95889939565498
1773	39.79117467881327
1774	37.241468562395156
1775	37.09797952923501
1776	38.317781915347226
1777	39.44617754009609
1778	39.65880662948273
1779	41.75649579057425
1780	38.6874495457347
1781	39.22892915490136
1782	40.34282084297706
1783	41.516866423532825
1784	41.99064839320245
1785	39.16355622718709
1786	41.26753606935461
1787	39.549122739502245
1788	38.85871336535814
1789	39.92834736638791
1790	40.419321516511715
1791	39.910387972866516
1792	39.81842588719118
1793	38.87623673578834
1794	40.673325103203204
1795	40.314785057824245
1796	40.21109468168493
1797	41.13772156472439
1798	39.969671502341086
1799	40.09435903322465
1800	42.120515762707825
1801	41.102021104982185
1802	39.66286757244147
1803	40.48278762494461
1804	43.052639150406904
1805	41.28070879628884
1806	42.650553206224814
1807	43.17679623193215
1808	41.964754938340995
1809	41.7302634407734
1810	40.20182310597448
1811	42.901169524904844
1812	40.98532806053629
1813	40.20005621308769
1814	39.92000623789925
1815	38.319067133861836
1816	39.74302706444325
1817	38.99595313948712
1818	38.086290610198034
1819	39.83753281214412
1820	40.23237181008508
1821	40.8134472369305
1822	39.19655719079629
1823	39.155386018082616
1824	40.879686245960585
1825	42.298978915857504
1826	39.549130767183236
1827	37.89166817338246
1828	38.80661625429459
1829	39.209580415148544
1830	36.30159978662879
1831	39.66938956364395
1832	40.22831906436986
1833	40.84569491513098
1834	40.06097652541578
1835	40.5244534880029
1836	39.23308289384061
1837	39.194842464784465
1838	41.52843323243155
1839	40.11863723195234
1840	39.142322520210584
1841	41.02425859858396
1842	39.94458166725902
1843	39.75865135881832
1844	41.769611997676144
1845	41.051470257416746
1846	41.93894882917402
1847	38.37628701766361
1848	40.72697625563288
1849	38.31353764535916
1850	40.05784825282735
1851	40.557609399781086
1852	40.96421234163054
1853	41.70990402076757
1854	42.518508908162595
1855	40.343214419213695
1856	42.054848554068336
1857	40.17340204051519
1858	39.58385775285597
1859	39.096339364845036
1860	37.27363658256172
1861	38.67865730859189
1862	37.590668731038896
1863	39.46741039688077
1864	42.45592929549634
1865	40.0934377561143
1866	37.29560560485397
1867	39.456550880875255
1868	40.99248561570435
1869	39.82343203453488
1870	38.152742940762515
1871	37.121747258739276
1872	38.418264657934934
1873	39.526268183697624
1874	40.20078514513196
1875	37.420854393386264
1876	42.250485779088955
1877	43.01422434022233
1878	40.34103438935569
1879	40.574073503240825
1880	40.029764943992504
1881	41.491293212540995
1882	40.39109995805731
1883	41.83982740123744
1884	38.75234122649425
1885	38.232949509613945
1886	40.69184240828938
1887	39.09219283695203
1888	39.50835885569276
1889	39.27688788742319
1890	38.07055687584302
1891	40.23530622068515
1892	39.49539120299331
1893	39.77391462987407
1894	39.241271254439425
1895	39.5312795115431
1896	40.06694227980221
1897	39.122437252164396
1898	38.2153154294752
1899	37.56915403939352
1900	37.26391250318326
1901	39.35534460917534
1902	38.469691714700694
1903	37.823748530368604
1904	41.082944083519166
1905	39.12137853528474
1906	38.1776184168932
1907	36.81364720378987
1908	38.99510884616506
1909	37.758579030032266
1910	39.15902625203236
1911	39.14749999125559
1912	39.939758445666946
1913	38.07125561344347
1914	39.772857715891675
1915	39.71125361065803
1916	38.79914231166585
1917	37.80330277099988
1918	38.36802316369624
1919	40.594708941120686
1920	40.391157224822116
1921	40.929473490004874
1922	39.43076231506365
1923	39.338668960973145
1924	38.29757835937632
1925	39.77467846902045
1926	40.042317695122215
1927	37.811579213835735
1928	37.9139676716966
1929	37.701430558411666
1930	36.310124294687434
1931	36.28205370450082
1932	37.70953400175891
1933	38.20213691935879
1934	37.69213439352496
1935	40.06816380371463
1936	37.21814279771928
1937	36.24026805647871
1938	38.51896357522674
1939	38.99674523514236
1940	39.516970003843944
1941	38.84242718105201
1942	38.8509018215856
1943	38.08156720829825
1944	38.66509095383882
1945	38.59626465140546
1946	41.6215936675366
1947	40.92514511328883
1948	38.05083997871949
1949	39.03234420307219
1950	38.45728537315335
1951	37.92858834446889
1952	39.835185125368874
1953	41.121213336236906
1954	40.33276199319314
1955	39.857295240397
1956	38.1354786566369
1957	39.36687526379709
1958	38.29698919459767
1959	37.61679745227589
1960	36.585856417608966
1961	36.3150449845257
1962	36.94674117157177
1963	35.953293209139545
1964	37.204592746218914
1965	36.48741372828836
1966	38.03256669203254
1967	36.40587552202076
1968	37.11372634982767
1969	40.069050076035396
1970	40.83038796477852
1971	38.25068738106485
1972	36.94241507526163
1973	38.44127349230967
1974	40.465420765009604
1975	39.78539571179892
1976	38.98817316725211
1977	39.48018254873754
1978	38.11481326165667
1979	37.075098609342945
1980	38.86446848411904
1981	38.4342520975348
1982	37.986147097550216
1983	36.52978148072915
1984	36.90048418825558
1985	36.48869824440492
1986	38.46120724772843
1987	37.43234206649658
1988	37.27327118642686
1989	37.40732317924871
1990	38.01154719395073
1991	39.643862096042774
1992	39.384313696487204
1993	38.187750207099405
1994	39.669316055958134
1995	39.59713984177801
1996	39.07123695196291
1997	38.230608861296304
1998	39.84511636017512
1999	40.94566621964507
2000	39.2462700656357
2001	38.281806249889144
2002	39.78853219024426
2003	39.1265704278935
2004	41.451822473336954
2005	41.292926501845336
2006	41.636508071381066
2007	42.06108918622492
2008	41.31479760744772
2009	40.47034223638295
2010	40.89605452812734
2011	41.96251586594291
2012	40.38050820280405
2013	39.098109059827706
2014	40.268838585901165
2015	40.78368076354237
2016	41.45942898196187
2017	41.68659349586478
2018	41.94152559083812
2019	41.90379801302983
2020	39.86933989928796
2021	39.63103546122623
2022	40.139755700119444
2023	41.19536583151006
2024	41.916145121768466
2025	40.69406833201821
2026	41.71955648014215
2027	40.58472492859573
2028	39.32102890078317
2029	40.53502000299889
2030	40.49128250174343
2031	40.64552353870631
2032	40.4991654867646
2033	38.930039426222635
2034	40.17340896491254
2035	40.821097159350884
2036	39.75629093910208
2037	41.35618282688259
2038	39.46643750389447
2039	40.458644748932585
2040	39.59096948446522
2041	39.039832648076874
2042	36.42886343451054
2043	38.33109186813738
2044	38.523671567179505
2045	37.67126310293339
2046	35.901657443016084
2047	39.38038863190773
2048	38.08043812465181
2049	38.63926046242357
2050	38.89725820075323
2051	38.23160224775778
2052	39.2355899450323
2053	39.15571829936173
2054	42.75717617224174
2055	40.428777188839234
2056	38.940526592534155
2057	38.91362506579158
2058	39.287083365127124
2059	39.69467934329758
2060	40.506230513791174
2061	40.40955540143605
2062	41.62687632550862
2063	42.194194433940716
2064	40.554044533983145
2065	40.904261449285514
2066	41.192547601257914
2067	41.16329224371144
2068	38.61372348848924
2069	40.6272744242827
2070	40.46975591157364
2071	39.43902173201053
2072	39.914957733790835
2073	38.50597125184184
2074	37.33137796938182
2075	39.45814032106278
2076	39.05738105891153
2077	39.895221382671885
2078	37.068679542655445
2079	37.3241354707902
2080	37.80066147096676
2081	39.59227587457528
2082	39.79345730692067
2083	36.93884485444084
2084	35.96517126297795
2085	40.77425045464808
2086	38.63219971963112
2087	39.2989760500178
2088	37.68625412159807
2089	38.72756159969691
2090	36.75951488028708
2091	39.349859415393794
2092	38.692615332206735
2093	39.75560324101135
2094	40.45740179840689
2095	37.562317660482115
2096	39.06244565057811
2097	38.53840012114037
2098	37.25842989158561
2099	37.69179066741974
2100	38.87002899621077
2101	37.37621135127114
2102	38.972761902962475
2103	37.57674339928197
2104	35.94059020311568
2105	38.99603426549535
2106	37.255658986002416
2107	38.83537742836643
2108	39.52235364317739
2109	39.01068606466648
2110	38.905990029085416
2111	39.48773347298996
2112	37.26614742716254
2113	39.1438526680445
2114	39.400155033713155
2115	39.96305475861784
2116	36.794970032340316
2117	38.963612145799324
2118	40.3133759877441
2119	38.509329538856655
2120	38.64383900173055
2121	37.83620714821663
2122	37.89782736320127
2123	38.463764420961574
2124	40.29092814016527
2125	40.395695373340565
2126	38.47832248035165
2127	40.033926923988986
2128	39.070526690246815
2129	36.66290261065951
2130	36.09948211578721
2131	38.43621635308958
2132	40.013855408315436
2133	39.625726425465594
2134	40.847863950552444
2135	41.175370771031474
2136	37.738546074029
2137	38.07598750406946
2138	38.674193775178374
2139	38.853791443986616
2140	38.45284451154741
2141	39.00129309008406
2142	41.14683990896912
2143	38.997710700056736
2144	37.397377640493374
2145	37.72451417185507
2146	38.252297218397466
2147	40.33259760402299
2148	39.1540186271128
2149	37.53732400049688
2150	38.67950455850137
2151	38.910866662272035
2152	37.05048413822302
2153	39.984256727964315
2154	38.73734646419218
2155	38.32476339624963
2156	36.96904517707727
2157	38.83603636274843
2158	38.18840100876862
2159	37.756779918982836
2160	39.21101401365649
2161	41.555433199399786
2162	38.534978656392475
2163	39.76086508966168
2164	37.753469326985744
2165	37.99331135785802
2166	37.694764151868064
2167	39.21022935277052
2168	40.245624140728154
2169	38.12540807241259
2170	37.19132661153573
2171	37.840613934008175
2172	40.52839624361864
2173	40.317058554954286
2174	38.5739167353091
2175	38.68271538910633
2176	37.86062601204393
2177	38.06425974491209
2178	39.1419208539664
2179	39.73614931652775
2180	36.72727870668403
2181	38.25669685826221
2182	38.23030047385393
2183	38.73603750801804
2184	38.58889636157238
2185	38.34744532236124
2186	36.494997081213306
2187	39.22788910845235
2188	37.724632254161065
2189	38.61230683359382
2190	39.73702260318709
2191	37.083085722606214
2192	40.44269914083034
2193	38.621569658510374
2194	39.7316631222804
2195	38.50158131673072
2196	39.56340732384639
2197	39.986544390170394
2198	40.5643951775371
2199	38.91571531147968
2200	39.59551179286514
2201	38.564370977477935
2202	37.7394888617458
2203	37.54105000268195
2204	38.18654103434323
2205	38.53513344871079
2206	38.434017539183294
2207	37.87765387164328
2208	36.95864265578551
2209	34.89626958240863
2210	36.510240205518734
2211	37.0195725463995
2212	35.9355102244136
2213	38.01766283527009
2214	38.07769929932764
2215	37.773406121916494
2216	38.98263349008081
2217	39.353205220214136
2218	38.87368229078195
2219	38.32130599969307
2220	39.16877080079743
2221	39.46836146859176
2222	38.6836082727724
2223	38.19944349988055
2224	39.231568672822725
2225	39.73574096133309
2226	41.200331432384644
2227	39.7804111124288
2228	40.04467686134611
2229	39.585802240363755
2230	38.71340675732698
2231	39.10074244168865
2232	38.91277095783294
2233	38.60536782779989
2234	40.79317239326953
2235	40.18821818759759
2236	40.52539279518974
2237	41.497245958328996
2238	39.27422136432678
2239	40.93322685644895
2240	39.967927533464014
2241	40.60960257612889
2242	37.9162979826142
2243	37.797799746388996
2244	38.72901148950852
2245	39.339581288607945
2246	38.7512258107594
2247	36.89909023654786
2248	35.71227136281222
2249	40.44431942752782
2250	41.13987252703909
2251	39.603988618373556
2252	39.52704491236701
2253	38.87050483429394
2254	37.591791379603315
2255	39.4990232490558
2256	39.33185786298225
2257	39.14456814865784
2258	39.40865735122866
2259	40.92777134677609
2260	40.971902584903695
2261	39.81476289189665
2262	40.86164801826073
2263	39.968526280175126
2264	39.11575041290211
2265	39.88957919938149
2266	39.90406591906155
2267	38.69326317742665
2268	39.60510428452134
2269	39.9657930975718
2270	38.51697001663655
2271	38.123619951148584
2272	38.06039377759405
2273	39.545055880378285
2274	38.49149226170135
2275	37.97816921606342
2276	37.2677889553043
2277	39.65093666526568
2278	37.88247817409033
2279	40.24059203623509
2280	39.81417260834254
2281	39.6420436061864
2282	39.8097907960753
2283	38.90075437678821
2284	38.478309534850254
2285	37.60556825335703
2286	38.710543635431534
2287	38.68786145690369
2288	37.778556364197684
2289	38.320506164935516
2290	39.221310940185184
2291	39.940681719255934
2292	40.43002769340694
2293	40.57410115510005
2294	41.01556649688759
2295	39.37541325568908
2296	39.44984319880735
2297	40.52334143971187
2298	39.41525350552197
2299	41.1325816279344
2300	39.93698898357502
2301	42.61848763025828
2302	40.598828479660725
2303	39.729696987711165
2304	39.28816781585345
2305	41.335662886160605
2306	38.424155001353874
2307	39.805483339065695
2308	39.39322513883013
2309	38.64814805510436
2310	41.92320660292545
2311	40.18673450588867
2312	40.549012630403055
2313	40.86581054178923
2314	41.11295638400288
2315	39.67833625677864
2316	43.105519541894076
2317	41.66590214513494
2318	39.83443899180624
2319	39.17807471935079
2320	38.69503989423806
2321	39.1746013402022
2322	39.793112824719316
2323	38.39186124557345
2324	38.23972762819906
2325	39.38183402537546
2326	40.41183324037368
2327	40.019824638134885
2328	41.04263717840653
2329	39.08217615615725
2330	38.53170043456177
2331	39.437664804482345
2332	39.60031924565857
2333	40.35306573299685
2334	39.02641327762909
2335	41.21007931019393
2336	40.79829670177351
2337	38.41453192754402
2338	40.79767053557279
2339	39.94616883486007
2340	40.942729974776825
2341	40.84670109427756
2342	38.55403928485391
2343	37.693101611399655
2344	42.18529969155579
2345	39.95197332603714
2346	39.79818593878829
2347	38.53264710887997
2348	38.59723061556608
2349	38.36497324137033
2350	39.57166473266735
2351	39.871882888620455
2352	38.81470348094785
2353	39.38063965259826
2354	41.0132366985497
2355	38.602773434023376
2356	38.32203229329001
2357	39.952305148217036
2358	36.94631215361728
2359	41.15447643232311
2360	40.7222748623705
2361	38.833828473356
2362	38.45754752216479
2363	39.83471215670083
2364	39.614940250764796
2365	41.924390420918925
2366	39.68894441489471
2367	39.18165540515647
2368	37.44030184224022
2369	38.50479533786316
2370	38.25968163888944
2371	37.653174910549055
2372	35.81990525191632
2373	39.664473351717675
2374	38.368096231165694
2375	38.59643029088204
2376	36.72125930318848
2377	38.82510868399301
2378	38.234354458989635
2379	38.9068651272703
2380	39.18545610169541
2381	36.620941511990985
2382	37.79482760389976
2383	38.77282648115668
2384	38.336996064456045
2385	37.62250307136221
2386	38.16542478008172
2387	38.76807156063872
2388	40.28553388018917
2389	38.50468806938584
2390	38.69038629259664
2391	38.44358568978005
2392	37.15803184524289
2393	39.140659350420364
2394	37.46649949715343
2395	37.28181809397266
2396	38.502396388166495
2397	37.6417007528201
2398	36.91076710687396
2399	38.394974293675794
2400	39.0082734095617
2401	38.208658546256075
2402	39.31366476073858
2403	37.02172744451823
2404	39.73951964169568
2405	38.576331280825514
2406	39.43461942926218
2407	40.05818798401391
2408	38.57635747473663
2409	37.76294825684693
2410	38.97721599189915
2411	39.09285430684857
2412	38.85536369076105
2413	38.778444037380225
2414	39.443782213683036
2415	38.87954362578688
2416	40.35014766555346
2417	40.198697321762964
2418	39.27825435299246
2419	38.08963133474025
2420	37.87852721034668
2421	38.385098968562886
2422	37.882652249830194
2423	37.238688818805905
2424	38.281084587027706
2425	38.708627768382
2426	38.34166655362787
2427	40.0034226948983
2428	39.1503292666624
2429	40.07558031941938
2430	38.8203842400706
2431	43.22803702055884
2432	40.97526813720623
2433	40.32099669795699
2434	38.506011207404875
2435	40.90555366072118
2436	38.08892363749414
2437	38.34787252323058
2438	38.78240698243051
2439	41.41893929788873
2440	38.56242695272872
2441	37.24275433300081
2442	38.511118193053484
2443	40.451070030731756
2444	38.93596017208778
2445	37.82752835225668
2446	38.570985147658156
2447	39.34870306264007
2448	40.02641721037123
2449	38.018830339639294
2450	38.3682992314518
2451	40.144799769273945
2452	39.84737812303056
2453	40.523613948811
2454	40.87694921781706
2455	38.39140019568081
2456	39.36105963764106
2457	40.62620649959751
2458	38.54150829064573
2459	40.96029616017318
2460	41.639744490059016
2461	42.10699757844424
2462	39.53186808861443
2463	39.36261388061129
2464	38.66588372099243
2465	40.877761722044234
2466	39.978239580605376
2467	38.49628081916328
2468	39.42683244041078
2469	36.4901918416502
2470	40.53326162656732
2471	41.2954941669716
2472	41.149470048975836
2473	40.36236677285169
2474	42.13898053751095
2475	40.75919752046403
2476	41.07886690445694
2477	39.651945776487395
2478	38.285695748729104
2479	40.859570249538116
2480	40.86305409085993
2481	38.78527177550728
2482	39.86262595793056
2483	39.35766112629345
2484	39.173063457623904
2485	39.765682762276946
2486	39.39042167486965
2487	39.50613132599893
2488	37.524353736950374
2489	39.47086727865168
2490	39.09170116333864
2491	38.86930197662627
2492	39.30333165334364
2493	41.450451300437145
2494	41.41454948161591
2495	41.839635003508704
2496	39.156096851611835
2497	37.952743598437635
2498	37.87663945552116
2499	38.26330095584649
2500	38.48033306327631
2501	38.90791491090743
2502	39.359240384012665
2503	37.69027399601503
2504	37.85530258503179
2505	39.98211946726977
2506	38.55098918995606
2507	38.44925018745888
2508	36.7759106979338
2509	37.98757398650691
2510	37.327709559810415
2511	38.28364953237779
2512	38.24045258199105
2513	37.4114333939842
2514	40.59984977664978
2515	38.09370361889647
2516	38.21120631556919
2517	39.72411686491537
2518	40.20707840862233
2519	40.644261100021126
2520	38.24009814071883
2521	40.95943629100699
2522	37.32541473077681
2523	39.55096719972174
2524	40.36601247736324
2525	40.73131950793953
2526	40.64002719594228
2527	37.747104932417045
2528	39.061001032755044
2529	38.37883230574141
2530	40.39293563211345
2531	38.256282653377575
2532	38.9418249857779
2533	37.79251538990228
2534	38.670125851372994
2535	38.19076368151633
2536	39.822450504830186
2537	41.16756036686327
2538	37.850252203524434
2539	40.0063630116152
2540	40.362218083249275
2541	41.529378417866454
2542	40.54538764539935
2543	40.95802605285839
2544	41.42438924720169
2545	38.76329282655677
2546	37.10667369180615
2547	40.291871151705436
2548	39.42232098324153
2549	41.4706916324989
2550	41.090741597502074
2551	40.333693685733216
2552	39.02821233757611
2553	41.663569030146434
2554	39.53291472104311
2555	38.35646642425628
2556	37.64764637875983
2557	38.705587311055275
2558	40.184436218255584
2559	36.11026010398945
2560	39.79179429869148
2561	37.820503216041
2562	38.891147759417024
2563	38.910606343330066
2564	40.71147136316212
2565	38.577651232636846
2566	41.50629107979536
2567	40.27983643070045
2568	40.41574360216672
2569	38.73704427177587
2570	39.18240655788217
2571	39.16398341593185
2572	41.17560171969735
2573	37.85907008400675
2574	40.72844332076417
2575	41.08773943174699
2576	39.1358857861358
2577	38.20616817907836
2578	40.26492628631508
2579	42.86572520216552
2580	41.66598627371583
2581	39.47493524328105
2582	39.1878241398112
2583	39.84750124771039
2584	39.07919525776965
2585	38.672708173303306
2586	36.87110173789033
2587	36.80078170212534
2588	38.976599829993816
2589	40.263028817628744
2590	38.61072809287493
2591	38.31830749472972
2592	39.807449222165744
2593	40.41967944284674
2594	36.989605902511656
2595	38.61125911128273
2596	40.1254153886496
2597	39.92364347670284
2598	38.83580764070788
2599	40.88344416423477
2600	40.45579036792179
2601	40.64894254281624
2602	40.17763177537873
2603	39.471606378339516
2604	37.5866043641855
2605	38.98360505921919
2606	38.13044198190161
2607	39.51548648847423
2608	38.564087585820566
2609	39.54599491849401
2610	40.89951326859002
2611	37.461411975663026
2612	40.107643405050226
2613	40.22584319363345
2614	41.44611787344858
2615	40.06721024650872
2616	39.990211004735464
2617	39.03804904272214
2618	38.78997781460229
2619	40.93549149051282
2620	38.5324477891473
2621	39.635284915785306
2622	38.56078649616749
2623	40.15246226106409
2624	41.70987461202326
2625	39.22789145733084
2626	38.05482126088579
2627	39.331876073086505
2628	41.02484589385262
2629	38.857234517765
2630	38.254488149130594
2631	39.10310106920965
2632	39.36096194999033
2633	36.85448667210624
2634	37.777884022717764
2635	37.98615639567844
2636	38.434629521053594
2637	38.280108155343335
2638	37.13204911500561
2639	38.5362744994051
2640	38.994683826468076
2641	38.068298239345886
2642	38.4756207060442
2643	36.74419521544761
2644	37.48690567055834
2645	40.358562967076296
2646	38.14453350879326
2647	37.60400080193836
2648	37.914106866868664
2649	39.979047066043925
2650	39.01819780122921
2651	40.99957982288212
2652	38.89208958999871
2653	39.66031911830617
2654	39.78327413173034
2655	39.66914802537064
2656	40.18696585318534
2657	41.59089143231728
2658	41.884702547310965
2659	40.696392750860596
2660	40.01616907739024
2661	41.608115451722476
2662	39.09235491121641
2663	40.893952297474414
2664	40.79939247607664
2665	39.397151312982444
2666	37.62466309380776
2667	38.88789069392915
2668	38.64385959129742
2669	39.44690271925392
2670	40.42278225704023
2671	39.912716982877164
2672	38.46418441087558
2673	40.06464677770735
2674	38.705620253256285
2675	38.76571115439968
2676	39.67107335716387
2677	39.54688437363771
2678	39.602433039205806
2679	40.33559312561633
2680	38.3398352602233
2681	39.77238108086368
2682	37.409195620543485
2683	39.57913457910903
2684	39.20523218176558
2685	39.54348093062812
2686	39.492994232011384
2687	40.8098871597291
2688	40.09494936242686
2689	39.62436676591011
2690	39.7257721763045
2691	39.52970223350283
2692	41.03065930273321
2693	41.09566583335693
2694	39.382525583006576
2695	39.75280473589988
2696	39.06867644173067
2697	39.148927658819105
2698	38.13852533768531
2699	36.606063475020505
2700	37.82780060751026
2701	37.395592330606384
2702	37.383962801169766
2703	37.951617946961285
2704	39.57225215964875
2705	39.819576511455104
2706	39.126266177250514
2707	38.692865409817415
2708	40.833170029482076
2709	40.65591063800626
2710	40.19652243436797
2711	41.93702065460944
2712	39.48004778928986
2713	39.874223467290314
2714	38.363232519705235
2715	39.59674270513755
2716	38.99106793333637
2717	40.1628596011614
2718	39.28016854554867
2719	39.90659188091496
2720	41.07759831213427
2721	41.42464438268346
2722	41.05424149652168
2723	39.61012383271695
2724	40.76783694633656
2725	37.96511369418413
2726	38.62902779932752
2727	39.24586674971632
2728	40.665553353699494
2729	39.01226871232965
2730	40.4163037593277
2731	40.943521485460145
2732	42.13865644677966
2733	40.91460206240146
2734	40.9176171266251
2735	41.169396053633065
2736	39.4072897975594
2737	41.06718368444105
2738	39.56681367491693
2739	37.795247737567976
2740	39.72271645660434
2741	37.463709218303606
2742	36.2896080854254
2743	36.70772549281096
2744	37.055801630390235
2745	37.20659692401724
2746	38.04324759198179
2747	39.84101804184522
2748	38.86956546152782
2749	39.338067601256995
2750	37.728701523612216
2751	39.2056994061383
2752	37.833536991554816
2753	38.322558741920396
2754	38.987161038391314
2755	38.416386626530404
2756	39.92201824728831
2757	40.25516860204763
2758	41.71433048800553
2759	40.064339174186806
2760	40.054813720146015
2761	39.962794425785
2762	38.58624133145924
2763	38.98468139430909
2764	38.55513313414464
2765	39.931086243116596
2766	38.40115366281582
2767	38.85551390626603
2768	37.51916401834109
2769	38.231245936746085
2770	40.08542060690286
2771	39.126192586018476
2772	36.97760824257409
2773	37.32320256394952
2774	37.586128197932666
2775	38.59689806505389
2776	37.540650716199856
2777	40.21361340895601
2778	39.22785424077669
2779	40.355414232718005
2780	39.840156527487245
2781	40.03512438771385
2782	41.320501443934866
2783	38.684240464010124
2784	38.094278572096066
2785	39.947010269778
2786	38.63328422091618
2787	40.20504401614842
2788	40.9281037518451
2789	42.708661132578314
2790	42.24010345452899
2791	40.063642648920606
2792	39.252196672959656
2793	40.100279063615076
2794	39.98820947916123
2795	39.641685274472934
2796	39.990716290752665
2797	40.796172097908716
2798	39.941484567461295
2799	40.02600220862894
2800	41.2773759183765
2801	39.95978706077346
2802	46.80977263244839
2803	39.78341592205858
2804	39.347624356997535
2805	41.907031277720655
2806	42.97023490011044
2807	42.41622758683124
2808	39.868945298268805
2809	40.585816350495605
2810	39.78810452747741
2811	39.74268053588784
2812	42.25471733424735
2813	40.519335347160336
2814	40.007683108008266
2815	41.40374228085345
2816	40.215312283383966
2817	39.976455507702745
2818	38.63635015983208
2819	39.9375403499384
2820	39.97239701033718
2821	38.6792048935526
2822	40.069064107493745
2823	38.55474925870803
2824	38.47664859359706
2825	40.21542665205293
2826	40.45410225964501
2827	41.807163423326564
2828	39.045268831759614
2829	39.95802330676431
2830	41.36840782333236
2831	41.21365800394895
2832	40.10237630585542
2833	39.631679621876174
2834	40.98359210602193
2835	41.090933660526424
2836	41.1925659595612
2837	41.51798997240002
2838	42.737283079806204
2839	43.52162658631361
2840	41.87453318344136
2841	41.278672856987725
2842	40.550255095569305
2843	41.56658835533649
2844	42.25206012948791
2845	40.807871237165244
2846	41.801600035786024
2847	42.5277496309104
2848	42.016335821132344
2849	41.6996629448385
2850	40.12356100567927
2851	42.30585208020883
2852	40.743127609242904
2853	39.51404133834059
2854	41.00781344466801
2855	41.843916442097736
2856	41.41598363696287
2857	41.17882331577858
2858	42.07845169718878
2859	42.440427272709044
2860	42.218320709666514
2861	41.82506486644188
2862	40.96706247680006
2863	40.81038400105148
2864	40.82464008117538
2865	38.86505952349362
2866	41.09650227160764
2867	41.13429431108182
2868	41.3953005379686
2869	42.72955002047968
2870	40.33055558014139
2871	40.726844061997234
2872	41.7179132384751
2873	37.78832027650622
2874	40.39562567770004
2875	40.25728629856608
2876	41.59039932647119
2877	38.497574397947986
2878	39.8272662692558
2879	40.733684399063485
2880	40.03038426337591
2881	39.703904689817385
2882	40.06195407642616
2883	39.48905923722536
2884	40.464494544701004
2885	40.28378402976963
2886	38.33986702776414
2887	38.568251758897794
2888	40.78939871484633
2889	39.03573803151233
2890	37.689642261424154
2891	39.57373790384366
2892	42.47193950677591
2893	41.02251218967279
2894	41.664870839505916
2895	40.97140987294638
2896	40.11078803161613
2897	39.233382169416714
2898	40.62016827379043
2899	38.84515036575454
2900	39.6353347421787
2901	38.5211326611813
2902	39.81484795489242
2903	41.45880767743659
2904	41.58683897460562
2905	41.291649538741865
2906	42.61786948918236
2907	40.62012399043095
2908	40.38258299591555
2909	43.414334287976686
2910	38.561339390203834
2911	41.7099434890419
2912	40.5960417074751
2913	39.248301874454505
2914	40.56530197446413
2915	42.646513593601334
2916	41.55708968902624
2917	42.7885290229918
2918	42.72248658917681
2919	41.02540490957786
2920	41.86478560536309
2921	39.84555956955111
2922	41.2339954613205
2923	39.25973844784418
2924	41.74991896341199
2925	41.245920162461374
2926	41.8555310774827
2927	40.241809409773964
2928	42.31293696034587
2929	41.22906316041056
2930	39.8657341972219
2931	37.231398577978254
2932	37.99070665858284
2933	38.66644340884212
2934	39.431384999399874
2935	36.938565858463114
2936	37.29525423452857
2937	38.40260143928067
2938	39.77865223175846
2939	39.459631686905055
2940	39.43086259159553
2941	43.12822095347155
2942	40.86399826461337
2943	39.869394884167484
2944	38.796790344255086
2945	38.086254735789204
2946	40.507013733165245
2947	40.344643058741134
2948	40.75235903390893
2949	42.2239581907847
2950	39.32309269132344
2951	39.76156627507825
2952	40.561926228511055
2953	41.92878826728458
2954	40.47587968773018
2955	39.21623892833508
2956	39.24752323821397
2957	40.981238004902295
2958	38.54417123576046
2959	40.1178463621262
2960	39.6447046027634
2961	39.40827183021254
2962	40.769478330688415
2963	37.09388104039333
2964	36.70738376320571
2965	38.8433377233034
2966	39.17753174121447
2967	38.795008136395914
2968	40.224302373936425
2969	41.72308972489692
2970	38.90788891567575
2971	40.51260680732508
2972	42.000191011926404
2973	40.05266836125809
2974	39.90727811047751
2975	40.17891990268623
2976	41.61442099372266
2977	40.300668608525726
2978	42.67131598085862
2979	40.768695329887514
2980	39.659951005164
2981	40.78382057108137
2982	39.42079360058964
2983	38.16555462508079
2984	38.53395442822048
2985	37.422491885090345
2986	39.720276164281884
2987	38.57492529918466
2988	39.489478866400454
2989	39.40727047808523
2990	37.682570348854455
2991	38.33821460601213
2992	39.557795999048096
2993	38.7178349730322
2994	37.326952812373676
2995	39.05650612262732
2996	37.488656735683065
2997	37.018317577451256
2998	37.2130074050386
2999	38.849594668997575
3000	37.081848696456696
3001	37.97422907221168
3002	37.81459690026503
3003	38.22923023462739
3004	40.075848755274656
3005	37.49908658725115
3006	39.84604989975632
3007	40.4442844496215
3008	37.36645246516178
3009	37.33879568942886
3010	37.313986308018656
3011	36.326360947322286
3012	37.72828518472795
3013	39.51864550176127
3014	39.30989336865224
3015	38.262795222551695
3016	37.26362586697333
3017	37.89893770163844
3018	38.57631117724186
3019	36.95752828352643
3020	39.64926880539968
3021	37.577260446688335
3022	39.09574984786784
3023	38.15478070123016
3024	38.75553403589661
3025	38.07835458353123
3026	38.378169728790844
3027	41.16701292170034
3028	39.11414306983724
3029	40.304502454984146
3030	41.14365541851325
3031	40.08640029619731
3032	39.370128185153675
3033	39.927012144044014
3034	40.518626574132135
3035	38.03716041843863
3036	39.55660165485184
3037	38.1435905687367
3038	40.33811134372869
3039	40.92379967239562
3040	40.21785794280879
3041	39.64206437870548
3042	38.149750912827415
3043	39.93740981013513
3044	39.669752292185734
3045	40.43570094781812
3046	38.96103759993817
3047	39.20522124109006
3048	39.13107313619621
3049	40.86428177249486
3050	39.889807368980264
3051	41.99928918886002
3052	39.351104115089534
3053	39.98939329851829
3054	40.97615863768135
3055	40.91790061700227
3056	40.77483945729718
3057	41.83135634449971
3058	36.722724517448654
3059	39.52337237628622
3060	39.52926925468268
3061	39.03220465881314
3062	40.48364256677884
3063	40.93734967224061
3064	40.810456092629835
3065	39.177426282942115
3066	40.84672645667759
3067	39.400841809152645
3068	39.18629005068229
3069	38.844359548506965
3070	39.13003372598464
3071	40.574582204907315
3072	39.12193525977882
3073	39.50425764174213
3074	37.492771072808004
3075	39.09591923050052
3076	39.51753943862907
3077	37.545666506774126
3078	40.50712151594511
3079	40.80614834872151
3080	40.047156167689664
3081	38.50126175187059
3082	39.64014187068182
3083	38.38101670441722
3084	38.69632811153426
3085	38.19178988679056
3086	39.27898203601627
3087	40.43792468035727
3088	40.215877359689564
3089	38.14090626004775
3090	39.284439468072
3091	38.478137371169225
3092	40.53658910663219
3093	41.21575625774363
3094	38.51266581671785
3095	38.05483240141558
3096	38.2958195658889
3097	38.34947438683856
3098	38.55041338453755
3099	39.10218796180352
3100	38.52683528451754
3101	40.070321677303724
3102	39.18477739276838
3103	38.26642333741656
3104	40.21687345395494
3105	39.64736107700228
3106	38.19195498287314
3107	40.48912194104574
3108	39.99640634250821
3109	39.28597335597506
3110	38.979212055151095
3111	39.447696245015706
3112	41.33459707568258
3113	41.53904790982229
3114	39.33209917388348
3115	38.27558576990778
3116	39.00465412192468
3117	36.63645004584596
3118	39.04355830664951
3119	39.395021900126515
3120	40.322341781138284
3121	39.77205182171911
3122	38.90409732981816
3123	39.27549319305242
3124	40.432691171710964
3125	39.165772321782796
3126	39.452210474538305
3127	40.39620022197675
3128	39.24624293472188
3129	37.946367868037086
3130	38.51547564982432
3131	38.425253837147785
3132	38.56848545190974
3133	38.810915576174736
3134	38.451724426281494
3135	38.41618143274073
3136	41.086711139659684
3137	36.9475739964156
3138	39.64761505820541
3139	38.2982595098304
3140	40.85272250047754
3141	40.79935856959235
3142	40.849807819201736
3143	40.02546490853645
3144	39.01117532616212
3145	40.27723865283055
3146	40.06497265583764
3147	40.23452916636157
3148	40.30883747422768
3149	39.941655345505836
3150	42.21893811517518
3151	40.24737309206203
3152	41.83422903016461
3153	39.784008876019215
3154	40.90750075517892
3155	40.17991047036297
3156	42.382517916976006
3157	41.691959492682834
3158	42.83959816951131
3159	41.15603542071783
3160	41.25676040615873
3161	41.10958807784825
3162	43.02906566507015
3163	43.75159099620502
3164	40.694081907708515
3165	41.74271560804105
3166	38.42541886178126
3167	38.9121929292703
3168	39.38706250237655
3169	41.81904538231496
3170	38.4149579002898
3171	38.82190186084716
3172	42.00887729176831
3173	41.79593228561535
3174	39.29871175781542
3175	40.11622822198782
3176	39.57911992891869
3177	37.799967213156656
3178	38.43423868784747
3179	39.34806062532242
3180	39.80136485298556
3181	39.89192374263855
3182	39.98251954481628
3183	40.158940324558536
3184	40.44217718350766
3185	42.91285435659641
3186	39.6705297942116
3187	38.372480319606304
3188	39.711488298684685
3189	39.164547632979975
3190	40.87412872657175
3191	40.103263285844335
3192	40.57537244231676
3193	37.288648928955936
3194	40.87622855680804
3195	40.79327943487333
3196	40.885612109420244
3197	39.206812292700086
3198	40.76699041874595
3199	39.360949319568874
3200	38.80728741132267
3201	41.03914311098361
3202	39.67081749234217
3203	41.060705534528225
3204	39.078310794485155
3205	39.52732752206469
3206	37.584059217303874
3207	38.50530880923901
3208	39.26956362866563
3209	39.53457629395695
3210	38.147716389325396
3211	38.03615912430057
3212	38.177017708004016
3213	37.670886034145006
3214	40.09182519103144
3215	37.4274594038322
3216	37.19375990810006
3217	40.63576933426402
3218	39.830464350582
3219	39.68996728919452
3220	39.08943576182252
3221	39.13491815859392
3222	37.47480890664992
3223	38.85431791244394
3224	37.01051911950556
3225	38.16455772149924
3226	39.22958683063597
3227	34.521949588530134
3228	37.679572819621065
3229	38.12748726809749
3230	37.43068199383039
3231	41.16716841783631
3232	38.92488598316234
3233	38.668693880809535
3234	38.58496896288436
3235	37.905095709009586
3236	40.26632144291259
3237	39.6785189104326
3238	39.088402494780546
3239	40.105905627516506
3240	37.8514489490196
3241	38.092094942479264
3242	39.66885397806515
3243	37.98004316041746
3244	39.277895694030406
3245	39.18632962417156
3246	38.59407651722735
3247	37.946872846273564
3248	38.417020654482585
3249	38.450731652268146
3250	38.33870524863687
3251	39.020861793435564
3252	39.636649477915796
3253	39.60963775433128
3254	37.85206808075724
3255	39.16561899652916
3256	37.34668357190072
3257	38.50539245490405
3258	40.01663697493598
3259	38.504049312363726
3260	39.07107226614172
3261	38.7451178837101
3262	38.16218378362071
3263	38.96108349784395
3264	39.13460129612674
3265	36.93267639491692
3266	39.261967239803944
3267	37.43852537687799
3268	36.969173272984236
3269	37.61071119434117
3270	39.94689468520611
3271	38.526842534454886
3272	39.04090760198437
3273	38.33635660197737
3274	40.54725174886086
3275	39.55834285864746
3276	39.02857759133977
3277	39.50033923527839
3278	38.32568431892112
3279	41.051454859173695
3280	40.42050890783684
3281	37.673228227243136
3282	38.07740248094867
3283	41.44201316961485
3284	38.11662456805382
3285	37.71868658890455
3286	41.56965737777132
3287	41.85782137048172
3288	39.43766280571645
3289	39.81814609437811
3290	39.76275342599926
3291	40.11682411968221
3292	39.093663348286505
3293	39.33286961558165
3294	40.68119964745301
3295	40.87350694736634
3296	39.00064984601475
3297	40.67933472055606
3298	38.738467423702495
3299	41.0543131571089
3300	39.62663932718686
3301	42.44107451900832
3302	39.9717841545617
3303	39.53285182270153
3304	39.118563710901526
3305	38.774840914738675
3306	39.867416375715315
3307	39.17134992518817
3308	40.15703513418581
3309	38.735895078456615
3310	36.48044293652969
3311	38.39756749711596
3312	37.74673635721151
3313	39.57010653621148
3314	39.03872825081953
3315	39.54980063249408
3316	39.98566616452026
3317	39.53415857736239
3318	39.348208989484164
3319	39.87311030232601
3320	41.08261901579052
3321	39.6526163670371
3322	39.78556366118233
3323	40.466163459179164
3324	40.02959213863041
3325	39.39799447295697
3326	40.2867627831744
3327	39.00731453578887
3328	37.8855161929646
3329	39.903218505422124
3330	38.56791269326914
3331	39.634106428057116
3332	39.18254068773066
3333	39.82874138072057
3334	39.85662436317175
3335	39.104146878494255
3336	40.50170114509298
3337	40.447898001221844
3338	39.605708504800525
3339	39.872277367046266
3340	38.740722787029384
3341	37.495419263783894
3342	39.14099615674391
3343	39.090075917882466
3344	40.939150007384804
3345	39.62768084209137
3346	37.51727575431642
3347	39.862003093377815
3348	39.54810271162829
3349	39.128185140844614
3350	40.539159146442024
3351	39.763349575630954
3352	41.09725399742744
3353	39.1046455955516
3354	37.50694194159341
3355	37.96658105073499
3356	40.355262466396184
3357	40.172784997838015
3358	39.8278994811256
3359	39.80944336861055
3360	38.5560188246064
3361	40.32575196903325
3362	42.27366787189587
3363	41.978583412385795
3364	38.07529530647364
3365	38.8636601334144
3366	40.364598431685714
3367	39.30153550265725
3368	39.57285790945371
3369	37.554745589054264
3370	37.949588507597525
3371	37.68251405506437
3372	38.06838355369932
3373	39.423535547051976
3374	34.84497479977012
3375	39.57026830216215
3376	37.70473872090363
3377	37.76462812526113
3378	37.06622697096935
3379	36.72240248818076
3380	35.940052500328605
3381	39.00687310826793
3382	38.05744854439201
3383	36.93943417382454
3384	38.835110475101835
3385	38.1487979838485
3386	37.045755009010136
3387	35.858951449745724
3388	39.55045699005579
3389	37.60344859319025
3390	37.829934849107445
3391	36.244987262466324
3392	39.36882421616566
3393	39.36802813468436
3394	38.094109037935226
3395	38.316261982554764
3396	38.175252196125506
3397	39.025822182945994
3398	37.9030592018434
3399	37.04013772728886
3400	39.725873709139385
3401	39.630620616610635
3402	36.87487093183175
3403	39.48849836488703
3404	39.56608611996821
3405	37.996707336386706
3406	38.06563778219112
3407	37.92712929506296
3408	38.38339848832029
3409	38.70825115609382
3410	37.938456440493276
3411	39.4764623976712
3412	38.577206503621255
3413	38.934619442940274
3414	38.24129005705258
3415	38.5575438499521
3416	40.29837777866178
3417	37.84484970054859
3418	39.428693249974465
3419	37.723489149146076
3420	39.94853450621393
3421	42.06876062023648
3422	39.488871589711074
3423	38.52228430520015
3424	39.03904875211926
3425	39.963745302573614
3426	38.85000367142858
3427	41.254853303111126
3428	37.791469880982994
3429	39.60628320692464
3430	39.15914517331991
3431	38.64084565676853
3432	39.248913022153886
3433	39.00056083176219
3434	39.36015441503456
3435	40.634656014248534
3436	39.63859307301135
3437	40.912479464389925
3438	38.52781988160168
3439	39.40007120950751
3440	39.95704187003978
3441	41.71416851200095
3442	38.67392086155593
3443	40.4095340581342
3444	41.61266094711876
3445	39.04875267604236
3446	41.21004446912174
3447	37.711352113193655
3448	39.909341692609615
3449	39.428795233794986
3450	40.318631530938056
3451	37.84611148558696
3452	39.850895470388984
3453	38.54920730914907
3454	39.71916239850492
3455	38.198433255855704
3456	38.51244309079143
3457	41.26225684749535
3458	38.84025972849362
3459	40.345842588881254
3460	41.01898275021983
3461	39.06459826275587
3462	38.33561486125744
3463	38.056154201625745
3464	39.404575341124975
3465	40.60211670454247
3466	38.96894817726536
3467	40.92750452355631
3468	38.53795791427786
3469	37.58264856370342
3470	39.168526790242524
3471	37.4500331322864
3472	38.50881598424501
3473	36.72026178363878
3474	39.797692214608375
3475	37.48715691399626
3476	39.9967724627497
3477	41.66306996669104
3478	40.787226994379076
3479	41.19005294969329
3480	38.51784174708026
3481	40.335294363417965
3482	39.15653895885172
3483	39.570192682280386
3484	40.13222560855741
3485	39.95831297555326
3486	40.050856954995595
3487	40.765821302648
3488	38.91104058153857
3489	39.042302591027116
3490	37.61970729776296
3491	40.755600420056425
3492	39.55811394377971
3493	39.64906682899465
3494	39.677948498629625
3495	38.82302175256871
3496	41.217995407696215
3497	41.195070606398126
3498	41.92070270394155
3499	40.832664606807
3500	40.91729587704967
3501	40.06749109569335
3502	38.09514410419905
3503	39.34701170779202
3504	39.60935833744211
3505	38.28538686877841
3506	40.85792538408269
3507	39.6297419733713
3508	40.37505988539636
3509	41.118978830572
3510	39.49627985582978
3511	39.92948659096456
3512	41.043949530562095
3513	39.476495799435384
3514	37.656576578895795
3515	38.77138423284572
3516	41.01315159881405
3517	40.42047098235422
3518	39.92282288333832
3519	39.03041722042918
3520	41.47985977946305
3521	38.91250790826947
3522	37.91708624548968
3523	39.598467964886346
3524	39.84433909386578
3525	38.60955093196159
3526	40.16175234005497
3527	39.17307825479116
3528	39.26134827313331
3529	40.191029562122544
3530	40.4380841169484
3531	38.46812732511662
3532	39.700037726190565
3533	38.96956458238829
3534	38.02088934013687
3535	38.82241853424251
3536	40.61258033787898
3537	38.99141217820347
3538	38.699578491714334
3539	39.52022881072063
3540	39.462478552262894
3541	40.08373388198313
3542	38.03211439077362
3543	38.833633219063
3544	39.4699246346658
3545	39.323143909280226
3546	39.4295803758914
3547	37.38141158217766
3548	40.19822176701451
3549	39.87265837036766
3550	39.44016680923749
3551	39.52124444517213
3552	40.85827795482221
3553	39.87507786336122
3554	39.35014885925727
3555	37.941640379261784
3556	38.75991754058986
3557	36.77548381587524
3558	39.694818072920704
3559	41.013659635929095
3560	39.73294182921524
3561	38.95042536673216
3562	38.63295675470987
3563	37.67865900732165
3564	38.14129650628225
3565	41.42220940256776
3566	40.13493715259015
3567	38.03152223840585
3568	40.319252561382456
3569	39.382721509616246
3570	38.72780514249886
3571	39.837960335031745
3572	38.93424975578454
3573	40.51382775706906
3574	39.97561274444716
3575	38.88299553492794
3576	39.27806927337307
3577	38.961543433381586
3578	38.760431370028094
3579	40.05243602774696
3580	39.16761122549968
3581	38.27018555704888
3582	38.17312675246862
3583	39.6682752474636
3584	36.65462424002697
3585	38.26711946562543
3586	38.496526491812844
3587	40.6757829482076
3588	41.20352246993219
3589	41.88808397923046
3590	39.83543836880294
3591	40.826972644594846
3592	41.04241438980805
3593	37.72653625309889
3594	37.38450716376718
3595	39.225369401297634
3596	38.351045823445254
3597	39.68580018071388
3598	39.364382209002095
3599	37.63043488953316
3600	39.462751207260325
3601	39.32450271973906
3602	36.69929217368676
3603	39.22183862520974
3604	38.45645768763208
3605	39.387917876352624
3606	37.84994790364239
3607	38.55390202900309
3608	38.889811355227025
3609	41.547213425346555
3610	39.99757617945993
3611	38.60814679105518
3612	40.534881644998
3613	40.53930711626104
3614	39.288097213571646
3615	38.12639492702822
3616	38.23649829003279
3617	39.17388127508174
3618	39.557293821678755
3619	39.59463657906489
3620	40.00571076763767
3621	38.60680680754258
3622	37.52476606666143
3623	38.339345581271736
3624	38.45020703315246
3625	38.396755652359396
3626	38.44784560579668
3627	37.714941036351284
3628	36.44044337735123
3629	37.33938435229122
3630	37.722730151608936
3631	38.318926779995536
3632	38.95301441392524
3633	39.894053284527125
3634	39.47862353763436
3635	40.089327621980374
3636	40.124622482427576
3637	39.67118369458993
3638	39.831654838586786
3639	38.467775365257104
3640	39.93123146438784
3641	39.6605589994106
3642	37.81944813565764
3643	38.248718437923365
3644	41.26683958471754
3645	37.49682012496249
3646	38.37970573859076
3647	37.61937734544395
3648	39.89874678692307
3649	39.61575332782371
3650	39.08404098339097
3651	37.46101059367175
3652	37.50437741483354
3653	39.28693230198252
3654	39.082176672297805
3655	36.61906559094773
3656	38.69363181632177
3657	37.758617590705335
3658	36.60162333463213
3659	40.957231183691256
3660	39.08672011151788
3661	40.28286242964305
3662	38.68096162609995
3663	37.767768473023565
3664	39.50459991653493
3665	37.977423911467724
3666	37.67997643406707
3667	39.560471349891166
3668	41.127134792596095
3669	41.10365521585994
3670	39.99507154498277
3671	38.48713578555027
3672	36.810942027089304
3673	37.83740246935826
3674	39.54575816186592
3675	38.14280304717368
3676	38.98898962455769
3677	37.17178356398513
3678	38.31418467794183
3679	40.688658469443936
3680	40.121249734835146
3681	40.47267393647181
3682	41.08767940987456
3683	39.58706059543092
3684	39.599777055501
3685	41.64005690821511
3686	40.13872364077421
3687	40.039386862118164
3688	41.10620218067423
3689	41.182250964643984
3690	40.69468082882431
3691	40.04025225964876
3692	41.05469826587188
3693	41.58454537101496
3694	41.36695463735304
3695	39.25656384395761
3696	38.86455453144766
3697	38.19737680903751
3698	40.94332858855771
3699	39.33272809172817
3700	40.28318009377754
3701	40.354237804086665
3702	41.92154748184977
3703	40.09861034793339
3704	39.69144688456015
3705	37.84415821158189
3706	37.6521892812586
3707	38.23428938648833
3708	40.64136475964955
3709	41.122930503976846
3710	39.76421409251113
3711	39.56582189706127
3712	39.05536150749944
3713	40.73820430488561
3714	38.348615895877344
3715	41.746504833896125
3716	40.67654152556825
3717	39.64456116127227
3718	38.789537362763774
3719	36.5243951586895
3720	38.9509852354625
3721	40.52577665186254
3722	39.741906741363344
3723	38.45323676522278
3724	38.50663533460884
3725	37.67317713402563
3726	37.18929201116469
3727	38.202863066817734
3728	37.07654697849091
3729	37.247599912988505
3730	38.29415292359329
3731	36.93194868119823
3732	37.59347225609191
3733	38.74768183330867
3734	37.84097599179022
3735	36.20043055699224
3736	38.1831982455485
3737	39.7086364291891
3738	39.61319101552317
3739	36.50599195592743
3740	38.0343665784882
3741	37.966217692822546
3742	38.833804595260375
3743	38.64519073537886
3744	39.71282149740439
3745	39.352019025346856
3746	38.399780417418924
3747	39.722583719160035
3748	40.96965159223802
3749	38.88586858715621
3750	39.80744823564999
3751	41.62261357222706
3752	42.80621541104804
3753	39.627432330771725
3754	40.671120139773556
3755	41.63127394839426
3756	38.60364242595406
3757	39.79751168042853
3758	38.97581335018087
3759	38.313402456776096
3760	39.073601534482684
3761	39.462384954790025
3762	39.09222838997833
3763	40.40200196970227
3764	39.11252374867584
3765	37.00895697860374
3766	37.75701464660321
3767	37.65901097063401
3768	37.72911190835366
3769	40.03017053270827
3770	39.69904192264454
3771	37.94785013664319
3772	37.93304118623788
3773	38.67946883181862
3774	39.355493653292264
3775	39.3749543052868
3776	37.53151801551561
3777	38.37584591961789
3778	38.49711492595885
3779	37.830494687038396
3780	38.821811270384565
3781	37.73712174071088
3782	40.050453005548384
3783	39.754016118002866
3784	42.33441244391452
3785	39.29825806674711
3786	42.312974825958946
3787	40.89484043313737
3788	39.708670517309024
3789	39.54861781348449
3790	42.710741134852064
3791	39.81139855408608
3792	39.95285051251125
3793	40.444724521394875
3794	41.93690863447735
3795	42.58492284386408
3796	42.16358442230061
3797	40.99208712450224
3798	40.513446727686684
3799	40.91225706213854
3800	39.587948189577446
3801	39.60728728297783
3802	40.397491688116325
3803	41.808109349962066
3804	41.97399279212994
3805	40.668991740146836
3806	40.03197135499697
3807	39.70609736096455
3808	39.43305497361179
3809	40.1716655403809
3810	39.52213298564689
3811	40.72503788937228
3812	39.25942213754286
3813	38.87611534324258
3814	39.3230817168358
3815	39.855826540298374
3816	40.15182940560731
3817	38.52612191355341
3818	39.711806130158344
3819	40.66388981436363
3820	37.35300538047373
3821	40.03444170115064
3822	39.31660290790215
3823	37.1537311820871
3824	37.48583021883992
3825	40.01921147298694
3826	40.86181446691966
3827	37.77857394022849
3828	39.326428747786956
3829	39.6420243953992
3830	39.78630587052558
3831	40.10432580922841
3832	39.49768056804498
3833	40.109817452954424
3834	39.58565997235418
3835	40.70799387657822
3836	40.391705676035144
3837	39.41764020169709
3838	39.3930069061885
3839	39.29847155624018
3840	41.54986611710315
3841	40.40006350744339
3842	38.75832575955499
3843	37.40330825336116
3844	38.99944533591416
3845	40.121885864187
3846	38.560568326163626
3847	40.65710677675032
3848	38.74396004150897
3849	40.00033001707769
3850	39.73230423507926
3851	39.61440610990592
3852	38.38180330197666
3853	40.42596295909037
3854	38.25656093608485
3855	39.6891748863029
3856	39.12091795864759
3857	36.98114217854418
3858	39.68844307643308
3859	40.369394952299075
3860	38.941196990485494
3861	39.30434340093127
3862	40.937129073191976
3863	40.60767192473902
3864	40.15054207993321
3865	41.214194278299445
3866	38.034147713484856
3867	38.59822334206098
3868	42.01199912113334
3869	41.61964924059051
3870	36.80554696720312
3871	37.314099219976946
3872	38.95781240952198
3873	36.925041692771174
3874	37.13811744287515
3875	39.946631996830675
3876	38.63432060710792
3877	38.335236315235925
3878	38.961277323988966
3879	39.209596087198584
3880	37.995479139237275
3881	39.11116757554604
3882	38.67569714828454
3883	38.3391825141501
3884	36.49767816721718
3885	38.325534567664036
3886	39.724021282117214
3887	40.0603264052201
3888	41.34095277494217
3889	42.696328959916244
3890	40.97361112075146
3891	42.62310146616471
3892	41.292333236805256
3893	41.33469980112225
3894	39.843447723829094
3895	39.3290370781703
3896	40.436907861482005
3897	41.43236924486665
3898	39.649222024581576
3899	42.48922556691613
3900	42.278703830935044
3901	41.84984820998852
3902	40.11830540655609
3903	38.098233367271
3904	40.142184390587786
3905	39.692767826919315
3906	39.00158627347809
3907	37.687719434324265
3908	38.94589568104865
3909	39.71816156024517
3910	40.65266833413237
3911	39.274000518998804
3912	41.09296274078689
3913	41.1654834216377
3914	41.262858383039124
3915	39.693389759833394
3916	40.27278083970656
3917	41.42433563983116
3918	40.80391118827211
3919	38.124722044754755
3920	39.45168340149434
3921	39.20212999049934
3922	38.02976334407325
3923	39.370206456347596
3924	39.723510170351084
3925	37.40991442939512
3926	37.559868670377696
3927	40.127832569406884
3928	38.603731112650934
3929	39.3663188593512
3930	40.57270818855073
3931	39.6371143171793
3932	38.83614463455941
3933	40.68557943985837
3934	39.68168115378183
3935	40.29497189335108
3936	42.1759771375887
3937	39.63563122555925
3938	41.032213680549525
3939	42.11873558077854
3940	41.488703483575776
3941	42.43009034343269
3942	43.049597882067445
3943	41.42201593844473
3944	42.392506442976384
3945	43.52989363701899
3946	43.11325812971779
3947	40.46002872341007
3948	41.20639812490717
3949	40.563491624938855
3950	41.88741093881356
3951	42.02786586309518
3952	39.886679310668015
3953	36.339715458697164
3954	37.39002829625092
3955	36.451487530865656
3956	38.2864304521511
3957	38.609931226566765
3958	39.620628814634465
3959	39.77000331369668
3960	38.9688000740353
3961	38.1557133376083
3962	38.78098918896248
3963	37.27061274912214
3964	38.31746637416414
3965	39.08320664514111
3966	39.44392960428754
3967	39.86027918324068
3968	39.722256121934095
3969	38.253340167429236
3970	39.50679643997527
3971	39.324467600907234
3972	38.65604792281178
3973	39.70704721587366
3974	38.990781343851815
3975	38.111029329556025
3976	40.08830409716573
3977	39.52370837025255
3978	38.078985918349076
3979	39.74485026214268
3980	38.98276488485542
3981	40.033204461749406
3982	39.090626330586346
3983	40.24399897959277
3984	39.84862166318893
3985	40.45033875951507
3986	41.068685449265466
3987	39.670874811054674
3988	40.63277000450636
3989	38.05810074366393
3990	38.022486026339315
3991	39.19280860607674
3992	39.719488564437974
3993	39.83591512232667
3994	37.46839054729715
3995	38.52161551879275
3996	40.11213827800597
3997	40.106491174331495
3998	38.590525524348195
3999	40.834379178841374
4000	39.19693802635841
4001	40.09540649663501
4002	40.09879397322619
