0	3.9936186263663194
1	3.7822248278887227
2	3.8391308572531946
3	3.9475032380332653
4	4.0722753503215
5	4.388496827364956
6	3.954581468117497
7	4.247633442361232
8	3.8348698968895265
9	3.9691013809833997
10	4.050975692514027
11	4.194298546534175
12	3.4976828466240817
13	3.7518567266854603
14	3.710736501310821
15	3.939039400307924
16	3.928203796178885
17	3.7040212631338174
18	4.170187349706266
19	3.642273435255436
20	4.204021384006637
21	4.123493060054198
22	4.330081140873702
23	3.904372466232995
24	3.899772507658482
25	4.013416523879924
26	4.079662254420694
27	3.7685291956629134
28	3.8531030412823895
29	3.651007931370375
30	3.997495782235368
31	4.223050147678516
32	3.9769385847845125
33	3.741938283612136
34	4.240632993474177
35	3.7649239309486173
36	3.545293352818918
37	3.7813279445644192
38	4.219587441930207
39	3.6397965103204553
40	3.953285157162404
41	3.8704289217216927
42	3.8470575109146816
43	4.449353600146957
44	4.002809360993806
45	4.2352135044902015
46	4.033514911366335
47	3.568189188951496
48	4.682126652178537
49	4.078364712087773
50	4.140887499417761
51	3.701072386854809
52	3.99986299820473
53	3.5797329795164314
54	3.8930807843960613
55	3.9176970674897267
56	4.894616370495525
57	4.489367409296186
58	4.021510137776756
59	4.106278398598791
60	3.8586812368766417
61	4.2582391738072545
62	4.12609552348973
63	4.593324166532468
64	4.237802597349146
65	4.1572022832355096
66	3.925215387818432
67	4.424911986818631
68	4.6315301853328394
69	4.1393158681840365
70	4.441915023051479
71	4.084415844240903
72	4.486201138940484
73	4.243805342804965
74	4.168780404657732
75	4.183652501042733
76	3.7185622188156664
77	4.2501159568657885
78	3.806560874906035
79	3.762406562245107
80	3.692776811398802
81	3.572924697273234
82	4.48654437495296
83	4.364985284499673
84	4.336333761679545
85	4.202582181450314
86	4.554367092505944
87	4.029707689510715
88	4.591799049565574
89	4.427076813199526
90	4.580693991006303
91	3.8279328822037924
92	4.2440594573111525
93	3.7251168570395525
94	4.053350261734017
95	4.232360620197899
96	4.420112438270885
97	4.462992678434253
98	4.550966493878035
99	4.17778187277232
100	4.4211664051084965
101	4.467480800348144
102	4.612150029978023
103	4.454456020968183
104	3.8528052904441923
105	4.683015310439194
106	4.337030571549131
107	4.5983870512760845
108	4.408247090163641
109	4.9189418276223975
110	4.670662240133063
111	4.17201295059782
112	5.078931542409862
113	4.461505162284694
114	4.577404671733296
115	4.41204686325026
116	4.401594113589518
117	3.842056413704205
118	4.302050707096759
119	4.551549455364498
120	4.345660570560521
121	4.367834402598679
122	4.439836223662623
123	4.221317552550409
124	4.457486454774775
125	4.604275821601938
126	4.377802853050508
127	4.48033374426382
128	4.525103274318083
129	4.249222801530104
130	4.709035692270348
131	4.140376938153737
132	3.8653389540946064
133	3.7311655714589165
134	4.074491193299375
135	4.428947676557709
136	4.411679688228534
137	4.685463576185958
138	4.45697392013062
139	3.9258356832195105
140	4.416786335974029
141	4.351075089206638
142	3.870194271708572
143	3.5663562343728272
144	4.73776310413932
145	4.392348079607139
146	4.35117701205246
147	4.637991510480678
148	4.481997109719246
149	4.178163127290468
150	4.717377251154618
151	4.543249079770935
152	4.336017500500885
153	4.387368643123017
154	4.13142807810019
155	4.422611159443175
156	4.099749451297978
157	4.379795685488028
158	4.599318173751142
159	4.641239533603276
160	4.431283944237329
161	4.6126818985501625
162	4.085615666483132
163	3.8201730365545257
164	3.5505626562533346
165	3.8744321920400484
166	4.4642060095884295
167	4.387494497858746
168	3.658440307191549
169	4.200044501344062
170	4.049732814160912
171	3.891802256681624
172	4.051298571791488
173	4.0337528787067205
174	3.767560076736079
175	3.744781084187934
176	4.374780055633375
177	4.072302136058516
178	4.069956809367369
179	3.7907921807852385
180	3.696069436364937
181	3.8939300336326617
182	3.928610414793902
183	3.850867449298137
184	3.9444392624942197
185	3.900676344177921
186	4.237757154471056
187	3.9506588785776944
188	4.119658327262972
189	3.3620172533298707
190	4.160700655707832
191	4.161618581915289
192	3.9622176889788365
193	4.094889366809456
194	3.99608802714482
195	3.9818624663227427
196	3.821387656427759
197	4.07700226743289
198	3.67538337918045
199	3.250833215504878
200	3.5059853462446195
201	3.7484838792574062
202	3.892417188181142
203	4.026634392350125
204	3.876238585013315
205	3.8827445251001262
206	3.659798341804929
207	3.6513225061603705
208	4.100719851602557
209	3.4748012966198423
210	3.6321077970671993
211	3.962935112542458
212	4.263716985218684
213	3.687911952446185
214	3.588043331208082
215	4.1804722871204945
216	3.6509668328523412
217	3.167371286731417
218	3.7625715974803264
219	3.983611511973157
220	3.4407924581694997
221	3.9588855029486383
222	4.275487846708524
223	3.993753264325278
224	4.070576322919105
225	4.261377439750748
226	3.593174555317099
227	3.6734055653356465
228	3.780573561741534
229	3.9856778494940253
230	4.061767450848695
231	4.12159276612765
232	4.225494254025053
233	3.9454054287627134
234	4.1324384012939825
235	4.085128454773474
236	4.363626098152665
237	4.180863238546015
238	3.821613689162188
239	4.0868729356321065
240	3.8741686063919314
241	4.358544254324155
242	4.529249450667614
243	4.038280551656841
244	4.009139025492021
245	4.235972033293377
246	4.417053306247256
247	4.01993914307368
248	4.07244496004853
249	4.359370200056474
250	4.483339232863094
251	4.294094161290712
252	4.302323676940497
253	4.234548792826138
254	4.034083787500217
255	4.072598191740594
256	3.979906870841547
257	3.6996997926494952
258	3.9545231101865252
259	3.9055720820856674
260	3.692364301947996
261	3.8281305800528758
262	3.958695786327905
263	3.7700017112816733
264	3.6660305981040544
265	3.4373295067313188
266	4.007348403349404
267	3.134445832384665
268	3.9995442760385136
269	3.8262586611498075
270	3.7702520708925595
271	3.5390890853651067
272	3.2992412055976414
273	4.2573401507796405
274	3.8480481416264465
275	3.948415277997603
276	4.094514949324272
277	4.847299779947156
278	4.23668007975431
279	4.749686080746356
280	4.308979862857689
281	4.540933837990542
282	4.253617113461831
283	4.252825823534774
284	4.348090534433475
285	4.0761934266375235
286	4.341960433329682
287	4.45192806047093
288	4.254588952804425
289	4.447117864714068
290	4.5310670647458995
291	4.336228251419797
292	4.462240042197323
293	4.717670288942877
294	4.58394655053009
295	4.239116709644798
296	4.388098513513939
297	4.4246748418751585
298	4.56727044346533
299	4.481540626477481
300	4.594902193271823
301	4.467566959280728
302	4.529979880993379
303	4.387150018663626
304	4.710283521040562
305	4.251330178865275
306	4.342926086525513
307	4.191697097892187
308	4.390449173628048
309	4.557221036238604
310	4.6099051691814665
311	4.529409571971467
312	4.818103099194306
313	4.9972092857290855
314	4.473432300205788
315	3.9350548105421725
316	4.205903474373277
317	4.05944007166242
318	4.5176601787637845
319	4.531303149000519
320	4.164993807985653
321	4.204316371666484
322	4.432664292613949
323	4.359285716542662
324	4.304322283306251
325	4.353271403549714
326	3.9836009869231948
327	4.509468664918292
328	3.9872508632090504
329	3.722976690157526
330	4.488669808268489
331	4.442912187142038
332	4.061702012742801
333	4.374609781189901
334	4.446085624739098
335	4.657950723382847
336	4.570910906373838
337	4.320378884786826
338	4.361099589036285
339	4.506852652586979
340	4.377002167487155
341	4.450500759976241
342	4.207961790499883
343	4.458751353313514
344	4.670797725255063
345	3.998383027358269
346	4.4935053557492886
347	4.3968582933005855
348	4.556787539914102
349	4.294538556482789
350	4.329179844537012
351	4.346733072529456
352	4.3413546169099195
353	4.432924772215753
354	4.200889877237302
355	3.9606063590733322
356	4.22748418035889
357	4.611246034772418
358	4.435210246684442
359	4.2564072665016
360	4.012842777457256
361	4.390823941615567
362	4.349847913582532
363	4.257214464504534
364	3.4337172506869305
365	4.350576498384416
366	4.161427788296166
367	4.66441348621993
368	4.387365719469607
369	4.213382282017846
370	3.4558210022549454
371	4.198571047726863
372	4.3479421034110395
373	4.071265054733503
374	4.3601058159145225
375	4.422098387983466
376	4.456581685084785
377	3.599298967939271
378	4.452196910090569
379	4.764143637990934
380	4.363524944339238
381	4.51481200818598
382	4.687881101406031
383	4.292553460845943
384	4.495528967685025
385	4.429733795691878
386	4.448099491550113
387	4.452557887315909
388	4.671012797772181
389	4.383738917144978
390	4.2377009019502205
391	4.207332120058345
392	4.578403590267969
393	4.137100227656784
394	4.360311814987387
395	4.361911219579044
396	4.43661587547914
397	4.21339756849948
398	4.585588650268676
399	4.809869252242886
400	4.755589731445578
401	4.456493959646152
402	4.3984936435524515
403	4.463288327943778
404	4.649148028120961
405	4.46779771189549
406	4.3012923184680485
407	4.19544026501496
408	4.508954400056623
409	4.280378083253441
410	4.577788022020917
411	4.245477116294941
412	4.217854160928364
413	4.5057836559316975
414	4.521736817982893
415	4.790856728429554
416	4.286058379337497
417	3.97907268216947
418	4.529806201735339
419	4.297235980281078
420	4.028468853942395
421	4.1762167218407376
422	4.003979723562258
423	4.203316390626385
424	4.390778918212429
425	4.5556896294192555
426	3.921881046256262
427	4.00546022515381
428	4.032099514050976
429	3.5425382884027496
430	3.8746698945682736
431	4.394397019852174
432	4.343640156133126
433	4.5968852322880345
434	4.456954974868341
435	4.199692364073052
436	4.3381777932564285
437	4.013476535912543
438	4.2815890876709
439	4.293176978424004
440	4.009854559980002
441	3.9305691156685834
442	4.5618125823516475
443	4.538082482861872
444	4.588907889309398
445	4.8136019957011
446	4.368149211523249
447	4.5184320417020905
448	4.029233079739935
449	4.252125926367448
450	3.991247955683661
451	4.619332386461465
452	4.052667438154621
453	4.203021749242093
454	4.488998014342519
455	4.381565303944266
456	4.330396122673484
457	4.347533840977657
458	4.5282689456602
459	4.34182906617199
460	4.145645124017801
461	4.327873718095931
462	4.631101651492645
463	4.388489796333954
464	4.482208521992055
465	4.192436249325729
466	4.249468800522465
467	4.1683999171888875
468	4.18452398371147
469	4.725235742365194
470	4.480710655588803
471	4.819583042553842
472	4.587003730336288
473	4.609715039910134
474	5.003103308916808
475	3.9334429590892714
476	3.2089373187304164
477	3.4620891676324095
478	4.07099684488561
479	3.8989306413789406
480	4.225886645111531
481	3.9722805012011095
482	3.81063840383013
483	3.872770294581146
484	3.8199240029005725
485	4.357784452060858
486	3.7420443648909214
487	3.786681694036778
488	3.6231237726987184
489	3.7761047440236126
490	3.33139726381185
491	3.7728550943743446
492	4.085501145689645
493	4.006470771339012
494	4.134131451387392
495	3.718991308571539
496	3.6887078499036754
497	4.256266781776629
498	4.184069037351686
499	4.37717470677783
500	4.152751439676505
501	4.079849679376073
502	3.9113369058699416
503	3.8417151493472836
504	4.050960417558911
505	3.7519791154045192
506	3.8485833805797967
507	4.344464606598114
508	3.998919218472924
509	4.155090265587106
510	4.3253345744131195
511	3.908214186403141
512	3.6287491634705757
513	4.145753542666688
514	3.98851033881935
515	4.436095987488571
516	4.27098752966958
517	4.140877313648547
518	4.443221327075857
519	4.336900803372051
520	4.416955686074743
521	4.325094013991939
522	4.548463277515933
523	4.229937250350516
524	4.02774436708845
525	3.785490819308699
526	3.8154148923421483
527	4.318938570217789
528	4.387179680186136
529	4.062695190048061
530	4.159670440013689
531	4.285699038406573
532	3.7069020802638843
533	4.150235304257886
534	3.9966298384070655
535	4.066184990603908
536	3.5508880878969156
537	4.371453366397674
538	4.237469538638516
539	3.935022938922735
540	4.55272768449313
541	4.049020265351682
542	4.340506208926879
543	4.396522239412724
544	4.650918005784694
545	4.504335975115866
546	4.396754589877375
547	4.27651977573009
548	4.518640022133658
549	4.37418139635354
550	4.559414522083126
551	4.630546425240275
552	4.158365293562557
553	4.482945533888904
554	4.50987956943018
555	4.362124365544795
556	4.684755681989674
557	4.280779929865429
558	4.416742059112709
559	4.24988405518219
560	4.345010260153346
561	4.434127576096227
562	4.157901345770938
563	4.473921218160948
564	3.677864440451507
565	4.325631761756124
566	4.274730476101076
567	4.712330989877509
568	4.433477857975744
569	4.842919533795033
570	4.477286288748996
571	4.352264408890024
572	4.501705456279833
573	4.381924385861237
574	4.499979424420243
575	4.44130894384096
576	4.768941785849157
577	4.247286925010328
578	4.42798600313621
579	4.801720342969633
580	4.427603172173594
581	4.142912404168866
582	4.6786215454617475
583	4.319509478733389
584	4.210719192668586
585	4.410680719334955
586	4.704663527699114
587	4.493196621420392
588	4.11973753249719
589	4.556307975013154
590	4.216426044405727
591	4.6102054603455604
592	4.894609616580755
593	4.663476242442101
594	4.969105114898872
595	4.087542704948295
596	4.208834457391502
597	4.3300922945286935
598	4.394844012023138
599	4.400328357826763
600	4.556693310472855
601	4.657557815805661
602	4.070336872088368
603	4.587961849164847
604	4.1447657253621335
605	4.5672902687359045
606	4.445292584201513
607	4.339872380359973
608	4.286683306409431
609	4.178760272012888
610	3.7888880952938866
611	4.241070738263848
612	4.21926357698811
613	4.1586160450745675
614	4.277448276063923
615	4.260910416236196
616	4.516192574628529
617	4.5945407392426745
618	4.844035689509156
619	4.646192817385895
620	4.423354453948382
621	3.979365525252062
622	4.546997953593059
623	4.360165249510259
624	4.568507854475525
625	4.18181777836663
626	4.120161133344364
627	3.6285480444418226
628	3.8502442511233004
629	4.002398008994056
630	4.211647270256246
631	4.590892774964853
632	4.182597602963388
633	3.273727210895907
634	3.6642209642002856
635	4.575410079737397
636	4.203280568611737
637	4.07751858132164
638	4.173514294665415
639	3.905853513162701
640	4.080503381470897
641	3.9841186264375037
642	4.311386078113285
643	3.8964027284998237
644	4.272490028791767
645	4.286734139074028
646	4.271463214244086
647	3.828231908807389
648	3.7570994989604616
649	4.09005933782901
650	4.073569193935627
651	4.235098952312527
652	4.222410073939877
653	4.555988125667767
654	4.7244508289672655
655	4.176542128042214
656	3.938220789259731
657	4.349007049147212
658	4.045796234419919
659	3.8234414200339515
660	4.19141340277961
661	3.9861563495181627
662	4.144316612749427
663	3.990787308924124
664	4.33115730688919
665	3.962638920452716
666	4.507280275248463
667	3.8948791161092373
668	3.964326720774631
669	4.35405089847367
670	3.590625512952968
671	4.225315528558605
672	4.241269594884352
673	4.131691803862025
674	4.412582257540039
675	3.8479937179532104
676	4.120307827806973
677	4.774685618833781
678	4.662159851528518
679	4.187239156936963
680	4.668682233413144
681	3.939284171613934
682	4.014486413670733
683	4.193061271331702
684	4.779356416277047
685	4.435479036072973
686	4.773456843121218
687	4.081591569923715
688	4.494859515120052
689	4.72957502725337
690	4.201226601899142
691	4.281036423158842
692	4.350018745455786
693	4.000288780535174
694	4.285604805697617
695	4.409827722898838
696	4.290221499857299
697	4.117612550372998
698	4.290725879841107
699	4.714383026743702
700	4.480421820766607
701	4.550638497649996
702	4.418433038292411
703	4.17041739674356
704	3.873990813319029
705	4.279912415686785
706	4.23373857398011
707	4.086544550495797
708	4.175410683181853
709	4.059313723144229
710	4.1985727004313675
711	3.952921559282984
712	3.7256058661435656
713	4.077990718577634
714	4.08846396587396
715	4.0881506217546555
716	4.228990672579136
717	4.540571208434756
718	4.0155507381933795
719	4.040276833183752
720	4.4717062005703205
721	3.624148711478069
722	4.340320503416155
723	4.180662614101663
724	3.8349775693759804
725	3.417420108648
726	4.152374374454207
727	4.316904474024722
728	4.351527480097944
729	3.700040307514179
730	4.080822064163236
731	4.436810560881018
732	4.197014416265392
733	4.09722021591885
734	4.089361168378162
735	3.838882221507051
736	4.12675680758681
737	4.096109282595244
738	4.192188187420008
739	3.54550235257308
740	3.8934649815172113
741	4.175247805461943
742	4.105777076947572
743	4.084434980010594
744	3.8659331328820317
745	3.934527417085665
746	4.531023624553087
747	4.327211211559696
748	3.9404771099499385
749	4.171469926741714
750	3.9361679041044004
751	4.098884254170863
752	4.034078857892173
753	4.072050844321553
754	3.9127700305531117
755	3.8644365629841406
756	3.620769519840603
757	3.6691996829060374
758	3.7732129090931537
759	3.639038397390906
760	4.185873918170136
761	3.72180815192762
762	3.8290691711557754
763	4.040216159141397
764	3.61371718544196
765	4.006861156468836
766	3.7374685407154855
767	4.001317893914994
768	3.8889223305065217
769	3.7264249965191882
770	3.803660148510607
771	4.037406928949561
772	4.012793451695142
773	4.218751686027285
774	3.8302735602103817
775	4.276378779452191
776	3.3401128914835163
777	4.012251349292149
778	4.1213417376586285
779	3.358587627547227
780	3.8242709308746154
781	3.965219154277673
782	4.045598100562136
783	4.143499406782294
784	4.188066732460009
785	4.434247493929506
786	4.075355317545223
787	3.8773108015899136
788	4.000277052185912
789	3.747945656845079
790	4.1208172920050385
791	3.9911864239477444
792	4.062190588326738
793	3.844209267855113
794	4.344322671238322
795	4.0775799288638535
796	4.062263693827958
797	4.058517480423472
798	4.054230141417422
799	3.7151650096045397
800	4.344410149101341
801	4.244148531257759
802	4.123150794341793
803	4.080679016015373
804	4.327969742899747
805	4.147032822931836
806	4.062267652716178
807	3.679564761828037
808	4.226761228992135
809	4.062136014302572
810	3.6887666046321
811	4.57312573756549
812	4.540540837469555
813	4.363536141574009
814	4.500355503337334
815	4.543189477187781
816	4.21725271735139
817	4.1920119801086395
818	4.166868636179106
819	3.9797500875884815
820	4.134032179447866
821	4.158546391530222
822	4.173174394691315
823	4.163993472348109
824	4.30889312192997
825	4.232968076703622
826	4.3195687173887105
827	4.371437787402713
828	4.346885600740415
829	3.6375450865112327
830	3.6580020056763836
831	4.015819475637444
832	3.4793332824737386
833	3.3032120125226876
834	4.002753032616018
835	3.74507195534615
836	4.018412006228552
837	4.668906684406671
838	4.248372140926285
839	4.139590758091946
840	4.368072815632072
841	4.051530194987205
842	3.834867207910359
843	4.218228800176789
844	4.018510004481683
845	4.081935478909764
846	4.2293232929807925
847	4.244673849258675
848	4.342785239144929
849	4.084559472753795
850	3.8042627282078483
851	4.407385534352089
852	3.518632076023176
853	3.9080369233675247
854	3.4846959034785248
855	4.125927518433736
856	3.596897920573673
857	3.7868262954060046
858	3.6266413736231775
859	4.1082710838297505
860	4.249794563233543
861	4.562326667995122
862	3.836018914174958
863	4.392184312614127
864	4.466594326588556
865	4.057325378891242
866	4.283684950902074
867	4.508821878487498
868	4.501385594705762
869	4.461941694528659
870	5.063753853360355
871	4.488488605470396
872	4.777903541045386
873	5.030820897249626
874	4.55127960893903
875	4.623126030533561
876	4.535843170113
877	4.722908165821325
878	4.689319167258954
879	5.0426349870854965
880	4.8157492411354115
881	4.593450034759472
882	4.846769040769151
883	4.856948901591037
884	4.530290959438491
885	4.9994263165743185
886	4.704155131165649
887	5.07420508457607
888	4.32614159369642
889	4.5923582706915065
890	4.723745433325987
891	4.669729818928118
892	4.811950346497978
893	4.543868569917446
894	4.170464645056971
895	4.273294453239345
896	4.236819974111248
897	4.075553191448034
898	4.234977975693833
899	4.593770472714639
900	4.5180701622993125
901	4.143741024095338
902	4.277913961623754
903	3.863152479443382
904	3.624386782155009
905	3.740871941363015
906	4.33986755441555
907	4.020146165794461
908	4.397527316289207
909	3.965292018456841
910	4.422366447360444
911	4.240287774170371
912	4.278518185552432
913	4.101523716370042
914	4.227119170017659
915	3.8908386670330066
916	3.4778890040840844
917	3.852417987524338
918	4.331149472231734
919	3.853404468146736
920	3.8857118397504817
921	3.903572137634887
922	3.641956730592343
923	4.359235391171679
924	3.482868643752009
925	3.8417081431051665
926	3.929442312854957
927	4.068533764573359
928	4.24558389926743
929	4.112733441692701
930	3.4802032891996695
931	4.209205942238834
932	3.8938228933934957
933	3.6483258368685108
934	4.091876155401682
935	4.3548061081662865
936	3.6454055949632482
937	4.689010977245407
938	3.8493861817593706
939	3.4645751360626367
940	3.7325495024929976
941	3.6165339578560842
942	4.613121988677733
943	4.394460336537239
944	4.358134135376699
945	4.113091276577043
946	4.233580579276872
947	3.9146784074610945
948	4.50115049197309
949	4.5791806381763545
950	4.702421676526773
951	4.516634492772123
952	4.519336861087844
953	4.674994222442007
954	4.458441353043498
955	4.498566695096357
956	4.529907802089036
957	4.459829041295083
958	4.726739106359909
959	4.461451075947747
960	4.374776615025213
961	4.579548108242364
962	4.306498318771446
963	4.809010983117301
964	4.850477444933434
965	4.7506960720023335
966	4.733766485102627
967	4.58139188618703
968	4.559525430950343
969	3.9659298520043342
970	4.066063973061827
971	4.498220242065491
972	4.146895178161131
973	3.9594349847054464
974	3.6156202241584183
975	4.379214779937648
976	4.054704490475245
977	3.9712491680957744
978	4.3385303712296315
979	3.949876185504861
980	4.503060227805258
981	4.681863877263651
982	3.93042671214923
983	4.578830795739901
984	4.1072447342494245
985	4.337798204455815
986	4.187334334497617
987	4.681128330663383
988	4.482738323924808
989	4.5749690346976974
990	3.9128932270035195
991	4.440512972452162
992	4.314235757978457
993	4.601011773946481
994	4.787623950805704
995	4.390324628231567
996	4.030178644578427
997	3.946637567342983
998	4.371365696955632
999	3.989823224542424
1000	4.492548271568508
1001	4.047300479388474
1002	3.898184083718178
1003	4.114603126610529
1004	3.9924413860592747
1005	4.014619016747193
1006	3.5251417848616997
1007	3.8395908658934172
1008	4.320381595251053
1009	3.8137711514373627
1010	3.70588351063424
1011	3.641141522131936
1012	4.44738524839123
1013	3.893866886262299
1014	4.23746276132693
1015	4.024169053956152
1016	3.7648196034662162
1017	4.493884206077134
1018	3.9620308134942936
1019	3.949403732712903
1020	4.054452232917476
1021	4.043711200821432
1022	4.363517603204686
1023	4.303040139460628
1024	3.9751608778611764
1025	3.9629655540050073
1026	3.942916110635498
1027	3.5232979063230765
1028	3.8863105718485613
1029	3.9950276530402764
1030	4.115740608778365
1031	4.150678080697608
1032	4.02282125835966
1033	4.206214657334191
1034	3.9399845557970443
1035	4.091260060966749
1036	4.004004754103095
1037	4.5402068969309095
1038	4.572883368693614
1039	4.022833096767151
1040	4.200350484045289
1041	4.501184196004501
1042	3.7030147874445785
1043	4.249504946797663
1044	4.171551122146271
1045	4.175560018519124
1046	3.638522612137851
1047	4.257342712431401
1048	3.610129979784185
1049	3.305451747003639
1050	4.070124732166838
1051	4.208391922002137
1052	3.721307652381592
1053	3.778562712058996
1054	3.869274521419963
1055	3.920055029233983
1056	3.5467499543119936
1057	3.8129383268770973
1058	4.01305062010481
1059	4.045409492640107
1060	3.983954304186544
1061	3.827318450212913
1062	4.237412171920413
1063	3.8791364301717257
1064	4.532455226237012
1065	3.7300407467154018
1066	3.4052452475784167
1067	3.1452350045715614
1068	2.998601313203863
1069	3.5201737175355934
1070	3.898624968577698
1071	4.206909141785467
1072	3.8450829995273965
1073	3.551043502301765
1074	4.173234419980506
1075	4.4970772441866576
1076	4.037812923833201
1077	3.945123105143041
1078	3.803198787851942
1079	4.398802163428608
1080	4.105710570228802
1081	4.5575872428542485
1082	4.182206338264308
1083	4.716191102206162
1084	4.484577149836451
1085	4.276370954026308
1086	4.0605469507535155
1087	4.144096318448689
1088	4.187394477332256
1089	3.7084640630372867
1090	4.315026107043997
1091	4.138516577047037
1092	4.11490955540783
1093	4.540184485335033
1094	3.6716109375781727
1095	4.295110728942857
1096	4.4021914627749625
1097	4.591364655009805
1098	4.661469155420339
1099	3.909540931730198
1100	4.184036840657614
1101	4.04288037705521
1102	3.9807003244725645
1103	4.680605753458
1104	4.318482575735776
1105	4.217178962590838
1106	4.441791303357208
1107	4.573945219599009
1108	4.135738489954419
1109	4.763212886464375
1110	4.405314899148445
1111	4.297020865495749
1112	4.2492865651331115
1113	4.5022582688295865
1114	3.7159336249254244
1115	4.372682227549237
1116	4.1881222321961955
1117	4.558552348934214
1118	4.167415524705698
1119	4.227536642621897
1120	4.375080498937391
1121	4.19876405311314
1122	4.880697084871783
1123	4.158853753113507
1124	4.375204724174976
1125	4.070257946621301
1126	4.398392392415994
1127	4.222394413657394
1128	4.554628947966946
1129	4.58618203410935
1130	4.0051142960885615
1131	4.16989325449744
1132	4.192904827241723
1133	4.109828011612617
1134	4.155181349610019
1135	4.461151358092415
1136	4.30187912932865
1137	4.669459890070223
1138	4.3778671652862196
1139	4.557235138365775
1140	4.234201080659461
1141	4.229916172707312
1142	4.162209255463097
1143	4.605254282208851
1144	4.32316893871795
1145	4.308223136821514
1146	4.507570923584709
1147	4.509926101270216
1148	4.521495352742216
1149	3.8817732975343437
1150	4.556370359510497
1151	4.273880833445184
1152	4.18316048499858
1153	4.372625838205438
1154	3.7962557744971916
1155	3.858926819562869
1156	4.273392748628586
1157	4.242803693362408
1158	4.208047795013915
1159	4.233800100553977
1160	3.728841556036571
1161	4.443270237525394
1162	3.7476169821579393
1163	3.75665665112684
1164	4.088612116851445
1165	4.118702724284471
1166	4.251630679403564
1167	3.9056019352263367
1168	4.374678612965849
1169	3.9742647890725133
1170	3.653180072370335
1171	3.8612741511460595
1172	3.955165875077397
1173	3.6221003955869815
1174	4.215306277264536
1175	4.086486446321648
1176	3.8386847350085755
1177	4.064427675157409
1178	4.003256288687247
1179	3.868608616520923
1180	4.152786411313312
1181	3.856350004686635
1182	4.320190981948129
1183	3.980962974735643
1184	4.326097400134421
1185	4.078140388378461
1186	4.013076169291377
1187	3.8160845984464284
1188	3.817588976576646
1189	4.146302620647051
1190	3.5996551117758258
1191	3.885177647446926
1192	4.1546229012552525
1193	3.835120242866341
1194	4.0538865393443295
1195	3.465103504370131
1196	3.425285916338985
1197	3.9026215903254258
1198	4.227496672420989
1199	4.090200488152484
1200	4.51871192533401
1201	4.124256745127372
1202	4.051236906352395
1203	4.131155576891932
1204	4.006274619986967
1205	3.7187567015845726
1206	4.0994779201253895
1207	3.8045672640079955
1208	3.7398244330719677
1209	4.247637729846103
1210	4.132750657204594
1211	4.050050205106727
1212	3.9450277232206212
1213	4.048581773249393
1214	3.920783759788419
1215	3.7199115349233653
1216	3.887365382786828
1217	3.7942842345072996
1218	3.8009274872951138
1219	3.9652543911839846
1220	3.704063408447201
1221	3.990446465845708
1222	4.110251118130214
1223	3.8422105370529724
1224	4.438040707639899
1225	3.927916045326846
1226	3.960299673029885
1227	3.35273991488778
1228	4.244957280380282
1229	4.26642932471526
1230	3.703487233616841
1231	4.34442299696437
1232	4.098304219031877
1233	3.926230292536017
1234	3.9968451957413156
1235	4.440079954103795
1236	4.117216606922091
1237	3.6702966452868178
1238	4.044921189370763
1239	3.5846187553448616
1240	3.931808314154538
1241	3.909496337946551
1242	3.8795691996486905
1243	3.9768881655705046
1244	4.339247493116305
1245	3.9939504448966856
1246	4.088540481526016
1247	4.048506141502179
1248	4.52241534741757
1249	4.254376737787751
1250	4.17101283381926
1251	4.218411695285173
1252	4.122745591487715
1253	4.6287120335385685
1254	3.687295573337267
1255	3.7235306251603997
1256	4.467456339319594
1257	4.121603122012595
1258	4.072438895973559
1259	4.00526874228228
1260	4.359436255787697
1261	4.459155615884084
1262	4.654351502595077
1263	3.9307310202271677
1264	4.137049988759904
1265	4.563643937247391
1266	4.035597642776318
1267	3.9932503730719917
1268	3.913073333463933
1269	4.07598780509352
1270	3.8982449864131103
1271	3.656727481788856
1272	4.209502927744434
1273	3.957897497255563
1274	4.708740812276573
1275	4.2586112549492245
1276	4.406368524125957
1277	4.024332970220517
1278	4.1889686635956584
1279	3.7968364663259084
1280	3.9251989162191068
1281	3.641416812245963
1282	4.009910604693564
1283	3.932929582761295
1284	4.210184798893181
1285	4.067910294316727
1286	3.784637045894996
1287	4.123663268336004
1288	3.675616691466553
1289	4.045987375184489
1290	3.9265316438085813
1291	4.036980808321484
1292	3.6221505832545353
1293	3.7711443335293664
1294	3.8680597666296017
1295	4.161020866394839
1296	3.9285461032713713
1297	3.767037622944964
1298	3.5581862232437986
1299	3.7602024302481185
1300	4.023201829414339
1301	3.72953645604957
1302	3.905859978076604
1303	4.143496412506551
1304	3.7986136532641552
1305	3.7092476880295537
1306	3.6750819842126075
1307	3.700942086539385
1308	4.125100867999695
1309	3.8396075329464368
1310	3.445414264367829
1311	3.7233687871168883
1312	3.927829301192811
1313	4.668955577868168
1314	4.5575240252833495
1315	4.271544143348023
1316	4.438443750926148
1317	4.265160396401433
1318	3.997617741122396
1319	4.184896977211917
1320	4.247936315991425
1321	3.463266913192774
1322	3.5202352525531007
1323	3.853613986647154
1324	4.279312289990726
1325	3.9460904168704585
1326	3.770033138727797
1327	3.726336015533845
1328	3.949829789519485
1329	4.042120908362517
1330	3.761713571456473
1331	3.758125454657526
1332	3.591618917791648
1333	3.6409658549689077
1334	3.60769388281515
1335	3.586618499502886
1336	3.7911074635007305
1337	4.198441729525524
1338	3.884960199397689
1339	3.6521198199925484
1340	4.198986192854889
1341	4.1942646062725455
1342	4.079597150568586
1343	3.555136612105249
1344	4.468003057674705
1345	4.021571419237463
1346	3.918246555673985
1347	4.313526636766997
1348	3.4214403390555423
1349	4.214044332447124
1350	3.3754515886669383
1351	3.9531673760962263
1352	3.772638271485001
1353	4.157338231335421
1354	3.926948292082851
1355	4.006300577939535
1356	3.5821281642973277
1357	3.9122675021796107
1358	3.963572682157204
1359	3.9447678657479988
1360	4.081170777513219
1361	4.205948934548046
1362	4.1313873990181
1363	3.9568924441024076
1364	3.8604553814803024
1365	3.7771937074789173
1366	4.101121831020426
1367	4.294335346098823
1368	3.5255897054462166
1369	4.230688330548679
1370	4.444361305756139
1371	4.2439577633034
1372	4.081292276273248
1373	4.065004863551672
1374	4.19701803058572
1375	4.358721168344622
1376	4.023637155147845
1377	3.7866327128664676
1378	4.11484763102528
1379	4.332120442029326
1380	3.8504875020743032
1381	4.035356273309574
1382	4.160141351417896
1383	4.3713903548784865
1384	3.8433756941884742
1385	3.923218010652465
1386	3.822730946591836
1387	3.7807053744779835
1388	3.9954837504028786
1389	3.795110353679391
1390	4.144035764491467
1391	4.080701052742373
1392	4.251941396989834
1393	3.871639015352531
1394	4.297285935792695
1395	4.159266062488147
1396	4.005038059998946
1397	3.772342415151454
1398	4.024612556138932
1399	3.6673457476378304
1400	4.156881803706528
1401	3.836983563083428
1402	3.4848267323426976
1403	3.5227809858106856
1404	3.5733581028731365
1405	4.453823575952009
1406	4.044747934010258
1407	3.3718482537726397
1408	3.7251557741874857
1409	3.7621655070268503
1410	3.7272240174420954
1411	3.6045702893275093
1412	4.125823263686908
1413	4.186047869347091
1414	4.182718733288278
1415	4.122045535428116
1416	4.367261631985865
1417	3.8360495650724094
1418	4.209909540145241
1419	3.8393550645412633
1420	3.9341847774876917
1421	3.46015872773373
1422	4.145502620082472
1423	4.035601549975784
1424	3.780433664895316
1425	3.607498013210582
1426	3.9262550125260836
1427	3.7794720400369584
1428	3.795377055028947
1429	4.288208584080421
1430	4.317068828557023
1431	4.251643462496282
1432	3.759522251880084
1433	3.869783382537854
1434	4.396166217191034
1435	4.067850829246306
1436	3.480379513835067
1437	4.151997906885475
1438	4.12999825075464
1439	4.246984258855995
1440	3.86157050545023
1441	4.2529026235449425
1442	4.057996351276852
1443	3.7057346039618784
1444	4.16336107226232
1445	3.8236278155047354
1446	3.664856884201445
1447	4.142535464492057
1448	4.2890568834601135
1449	4.268445224866291
1450	3.8445351196287745
1451	4.1891060202705805
1452	3.9874474479410686
1453	3.7947290272479917
1454	3.7226874224961284
1455	4.298300579860307
1456	4.161790812833986
1457	4.0414188935568
1458	3.639551270311375
1459	3.680550591937352
1460	4.193749360199375
1461	4.168614307241192
1462	3.7692927854853377
1463	3.952813177308301
1464	4.089563884152718
1465	3.629400746688006
1466	4.197900032801718
1467	4.234546458240767
1468	3.6523997417403917
1469	3.8384606485021076
1470	3.5845217768016684
1471	3.6841620124175836
1472	3.7877918890672753
1473	3.858362542878456
1474	4.393251685049923
1475	4.073540640166293
1476	3.2929074396149685
1477	3.8094804011983516
1478	4.025852186172182
1479	3.7937583713358767
1480	4.253508057886698
1481	3.984850578815295
1482	3.774638653043669
1483	4.246279224710615
1484	3.9898668262454287
1485	3.918405710045018
1486	3.9417335421264
1487	3.994750436064503
1488	3.6555271029777456
1489	3.570955853068337
1490	4.033633401834085
1491	3.852164691625855
1492	3.7298916324300198
1493	3.6235162927022717
1494	4.257995904439017
1495	3.9087578238841494
1496	4.1486336721999
1497	4.0444382481664025
1498	3.5115721860260027
1499	4.014627928667337
1500	3.9029301006983284
1501	3.769206802271688
1502	4.11408193863358
1503	4.037410198132921
1504	3.8240911769535755
1505	3.9932162184717304
1506	3.7487003918711728
1507	3.196503139724575
1508	4.221992723328739
1509	4.0382739175796365
1510	4.220694295954151
1511	4.099157891786756
1512	3.568868634280016
1513	3.5196667404791957
1514	4.204775331873549
1515	3.7592480846745886
1516	3.499884686898743
1517	3.4231305935548324
1518	3.817853023860613
1519	4.033363264737349
1520	3.9686957457957845
1521	3.5630567922321874
1522	3.789235922309623
1523	4.0624834292473055
1524	3.97473659527861
1525	3.9924449274086142
1526	3.766215439478552
1527	4.040896499517894
1528	4.26482654913988
1529	4.372292327851065
1530	4.250470828978997
1531	3.218701546376982
1532	4.001885939842716
1533	4.162698532773428
1534	3.4920656399235703
1535	4.186536320395472
1536	4.039466274664247
1537	4.047215431867466
1538	4.475471345998829
1539	4.040757452924678
1540	4.021759647474699
1541	3.9031902426638796
1542	4.393930830912979
1543	4.212415232463358
1544	4.310433391415237
1545	4.198030036503973
1546	4.403771044019613
1547	3.396119895897605
1548	3.767115753730071
1549	4.100633345969995
1550	4.030950117471162
1551	3.805151154992101
1552	3.7269066330721996
1553	4.304503636903908
1554	4.306057656623948
1555	4.013919219453592
1556	4.052304877416722
1557	4.277233377805379
1558	4.055557918660888
1559	3.9790881092645067
1560	3.99848776188714
1561	4.257379076069757
1562	4.038910853538578
1563	4.3264972607432615
1564	3.8784628069981646
1565	4.351068238912913
1566	3.577540540614213
1567	3.7993190495447067
1568	4.062884581977105
1569	4.058432628870093
1570	3.9379543850377825
1571	3.7722855452482307
1572	3.650775727160141
1573	3.9732582912860193
1574	4.302195868338669
1575	3.956504070169519
1576	4.126768572201983
1577	4.285663272700525
1578	4.090259801327532
1579	4.038249711197215
1580	4.320039712719177
1581	3.7619491627859456
1582	3.914816447986337
1583	3.7716403653212494
1584	4.157007401387344
1585	4.153365693543757
1586	3.994526987257257
1587	4.246351492706289
1588	3.8384272928469203
1589	4.236540038174616
1590	3.8757216744810217
1591	4.019872874231624
1592	3.7666984301217474
1593	4.32951093617416
1594	3.8511004187686395
1595	4.093291623812178
1596	4.60042029907107
1597	3.960636634581284
1598	4.186788362874818
1599	4.1690032892028475
1600	3.7944996455334867
1601	4.059185319715061
1602	3.6727671308466894
1603	3.8563853268871706
1604	3.991114046668562
1605	3.7878720244660933
1606	4.300845942678234
1607	3.7641668793106042
1608	3.9542022919232345
1609	3.956849030172443
1610	3.6822004468808416
1611	4.1737619674312265
1612	3.540222167325608
1613	3.7061848118240417
1614	3.9883794881655805
1615	3.8872284763828016
1616	4.119190590038784
1617	4.170708234842921
1618	3.7826111676753253
1619	3.874545023179538
1620	3.85901333019331
1621	4.07633200870562
1622	4.014571082290795
1623	4.324456491076257
1624	4.1221631324057215
1625	3.83350919011498
1626	4.0833195661580435
1627	4.042043431525219
1628	3.6840891035803556
1629	3.8615030911173513
1630	4.352793744461919
1631	3.91141793550302
1632	4.052700676875262
1633	3.7535430892986152
1634	3.8884434109541317
1635	4.054986291791393
1636	3.5285148332762697
1637	4.037580827736741
1638	3.796953871879759
1639	3.908896212441649
1640	3.5500967960201164
1641	3.8205467012878622
1642	3.6439327671759023
1643	3.725184214328562
1644	3.896302015554075
1645	3.8313981757726205
1646	4.009824803916259
1647	4.336386895298279
1648	3.6509782085989415
1649	3.690240010320612
1650	3.6922226107133707
1651	3.593214907534925
1652	4.238297556296176
1653	4.039208558413772
1654	3.7998281297736685
1655	4.027888949873273
1656	4.101087578310334
1657	3.8051337266500442
1658	3.920620218249038
1659	3.62518233115941
1660	4.147788212813644
1661	3.7816693389049707
1662	3.753368307401786
1663	3.8455941624556287
1664	3.9060951347704993
1665	3.851317755515699
1666	3.5380341382646785
1667	3.830372365397445
1668	3.885138192780784
1669	3.6643181875196293
1670	4.149012133575496
1671	4.247741337542245
1672	4.295801997072847
1673	3.663767067653493
1674	4.108276003869877
1675	4.151404624964009
1676	3.904811149981778
1677	3.968793933001611
1678	4.120954724891226
1679	4.1657458089440755
1680	3.733097627675739
1681	4.044965486463273
1682	4.340939056381834
1683	4.065453318375691
1684	3.8180099024801537
1685	3.7062006251534623
1686	3.6364898193769424
1687	3.7949616048934507
1688	3.8550085092990454
1689	4.326329426433039
1690	4.341187029725033
1691	3.9546711380045645
1692	4.321344674106825
1693	4.571113725870489
1694	4.207020706005161
1695	3.934396484776501
1696	4.12883706476873
1697	3.9039151456902372
1698	4.592005040912777
1699	4.063365055809822
1700	3.958966416536047
1701	3.715997703599758
1702	4.582607684019398
1703	4.001842388579215
1704	3.92663870704508
1705	4.14259617733432
1706	4.014063713856159
1707	4.049977745847203
1708	4.206715043887519
1709	4.562260142908531
1710	4.01660855006895
1711	3.9375554697666013
1712	4.051757568903412
1713	3.9573594685934395
1714	4.1646579878694086
1715	4.065260997339444
1716	3.9393159472519805
1717	4.11813369855236
1718	3.937163477453074
1719	4.506290416699283
1720	4.129489524840818
1721	3.8039939938370013
1722	4.452422343133207
1723	3.797822436723449
1724	3.7061204182982372
1725	4.120615915650587
1726	4.186022678407415
1727	4.096369187978664
1728	4.00327706172277
1729	4.239126898978002
1730	4.44248271857936
1731	3.8346907325764894
1732	4.042683885526848
1733	5.080925861508509
1734	4.330477527320096
1735	3.9538093692806364
1736	3.6476769863955565
1737	3.677125063582546
1738	4.103025444042953
1739	3.8309074527910427
1740	3.8581942945935506
1741	4.098892843711839
1742	4.081037641629066
1743	4.133086432719453
1744	3.7546863447040812
1745	4.094300441244216
1746	3.8551373340292816
1747	3.9101769145927556
1748	4.290672500216082
1749	4.146677660730077
1750	3.8011489979723354
1751	4.165102452302525
1752	4.108520697788473
1753	3.6862399132045685
1754	3.9885002931739146
1755	4.460233631147846
1756	4.093686168519524
1757	3.7260194693717117
1758	3.792398555454047
1759	3.894693671370581
1760	4.405841307890631
1761	3.8759815411008804
1762	4.113382351452646
1763	3.9847624193526046
1764	3.8817113129975565
1765	3.7927383793565146
1766	3.9018963022447686
1767	4.252697588258352
1768	3.9679544275352905
1769	3.913469073019608
1770	4.18099390352408
1771	4.063956203454557
1772	3.9163332264725437
1773	3.9837358772133356
1774	4.112864188235758
1775	4.278228837018201
1776	4.206194079491626
1777	3.915366946954758
1778	3.5044938772118526
1779	3.772184475645234
1780	4.030714188652863
1781	3.6491855777153046
1782	3.8472053097912298
1783	3.4393173824911147
1784	3.8787220876852437
1785	3.8786895595321202
1786	3.4309863575887207
1787	3.346335690301948
1788	3.984012812349216
1789	3.396549051159247
1790	4.0050757320000585
1791	4.054059871742769
1792	3.853840973992549
1793	4.163492687901826
1794	4.6387724828464805
1795	4.379448261153519
1796	4.315549360563769
1797	4.504793187990169
1798	4.770931236461226
1799	4.304677423896059
1800	4.504388506815007
1801	4.332216649180357
1802	4.295236396980193
1803	4.438896999627205
1804	4.748464391742859
1805	4.156721496849607
1806	4.5058080654814
1807	4.451519079457205
1808	4.118243459898857
1809	4.56602849840011
1810	4.431153271132944
1811	3.8709373991013063
1812	4.262448463194529
1813	3.578076734010617
1814	4.359464530155774
1815	4.5369671529083115
1816	4.190438820278194
1817	4.43473432369922
1818	4.274719711367696
1819	3.792437178956662
1820	4.137813329543331
1821	4.176812237827565
1822	4.753590057305161
1823	4.173608113851999
1824	4.7223876373804545
1825	4.284590115292554
1826	4.517769934547053
1827	4.49404472275842
1828	4.476773078588747
1829	4.297907321536211
1830	4.6517296614300925
1831	4.556584836338551
1832	4.293782272241992
1833	4.0396904839607
1834	4.234509704985437
1835	3.9953262971785337
1836	4.053979261942808
1837	4.523439729734005
1838	4.1613252015196736
1839	4.378074821256144
1840	4.369959162931813
1841	4.236999411097249
1842	4.007348500660834
1843	4.206676164368531
1844	4.391285044210772
1845	4.699339033217609
1846	3.8912074368698852
1847	3.827152516216111
1848	3.592062873199415
1849	4.114640391263294
1850	3.848642858193843
1851	4.08414447770307
1852	4.431091295180175
1853	4.212087445339234
1854	4.528085916291803
1855	3.7274474434521623
1856	3.913438271102447
1857	3.963712660147097
1858	3.9443127890681535
1859	4.0998771348541
1860	4.6965326410914585
1861	4.187262411651826
1862	4.745287190749611
1863	4.104040092556987
1864	3.7051223808758893
1865	4.051657260871499
1866	4.178954631366607
1867	4.441922763614365
1868	4.342945948023502
1869	4.131788310886835
1870	4.3212055846038595
1871	4.492180591003441
1872	4.092199026307438
1873	4.42903711472864
1874	4.299904203616354
1875	4.5176775059653655
1876	3.929860136819194
1877	3.847834315255163
1878	4.676824862536515
1879	4.06930729003907
1880	4.363916379850828
1881	4.099524876612548
1882	3.860385623365371
1883	4.054843310121524
1884	4.650496543364346
1885	4.649675368295405
1886	4.255395552520687
1887	4.370083170588445
1888	4.338762052828975
1889	4.579423024461342
1890	3.999330744244515
1891	3.9516316817802197
1892	3.3397625238971087
1893	4.169022489487063
1894	4.102968681009096
1895	4.246358616099319
1896	3.4797108028443677
1897	3.9746965751184615
1898	3.9763754635985955
1899	3.7268586798897116
1900	3.8394954223056144
1901	3.8432632759046084
1902	4.0000439849746785
1903	3.85973314409801
1904	3.635389220281477
1905	3.564682669358902
1906	3.9315250981705163
1907	4.504866171951975
1908	4.690342601685712
1909	4.388211731617232
1910	4.909599960081825
1911	4.331155177216077
1912	4.5447899016133695
1913	4.574033505078848
1914	4.015458247294243
1915	3.9772521392867834
1916	4.394502516707998
1917	4.4389374315431835
1918	4.360742491752108
1919	4.473427886131515
1920	4.250796101309904
1921	4.267142226587395
1922	4.416144684502984
1923	4.548443415465946
1924	4.319160983127119
1925	4.290143293065996
1926	3.951571240090452
1927	4.926538615603641
1928	4.266872332018149
1929	4.75514274962757
1930	4.300856043262904
1931	4.2673120075174875
1932	4.472118928629778
1933	4.230832092829802
1934	4.1701490773540915
1935	4.707861299444346
1936	4.275245582868779
1937	4.551789663013856
1938	5.038404482598477
1939	4.734212964440419
1940	4.3753335097359365
1941	4.184589198262114
1942	4.385013476917809
1943	4.260665826496905
1944	4.449239527677492
1945	4.206720757047832
1946	4.0129980012584
1947	4.060550205782863
1948	4.101366010380335
1949	4.699021747786125
1950	4.461838697043856
1951	4.093009116626457
1952	3.7738192375993025
1953	4.10593303612155
1954	4.987531347995736
1955	4.124077297034782
1956	4.290495724103055
1957	4.095151131105113
1958	4.422166445948858
1959	4.42497199790777
1960	4.328778356760009
1961	4.165705161816814
1962	4.137945194661972
1963	4.153592905874586
1964	4.448454245734264
1965	4.3327706016482415
1966	3.8533872828095577
1967	4.558844172672961
1968	4.242013273973408
1969	4.224855301139335
1970	4.104189995463182
1971	4.579135474322892
1972	4.509171407089396
1973	4.313020658320376
1974	4.391200521121202
1975	4.42558944407902
1976	4.2337860835006005
1977	4.219462658230702
1978	4.599127710275585
1979	4.38154699604926
1980	4.5732123815259484
1981	4.6338656143531605
1982	4.268885149634269
1983	4.062885352218167
1984	4.241632276409363
1985	4.355952450296972
1986	4.04502042969495
1987	4.328244504625042
1988	4.175812062453465
1989	4.421321819404854
1990	4.29411390162133
1991	4.1207062374139705
1992	4.153092930865047
1993	4.290344982446729
1994	4.825093633419042
1995	4.540464481221308
1996	4.231820451178477
1997	4.72478296866293
1998	4.350380362099864
1999	4.225408229029293
2000	4.261758693162108
2001	3.6715255551662342
2002	4.1166274653676505
2003	3.9111934360766694
2004	4.04234369104913
2005	3.940127630246035
2006	3.6060414976125785
2007	3.8823920010486663
2008	4.66158071784222
2009	4.016268754463994
2010	4.159640341851486
2011	3.7412765921899966
2012	4.024733427169009
2013	3.91506346654577
2014	3.5509822615503146
2015	3.676603900198854
2016	3.8493458505931626
2017	3.815144886184221
2018	3.533310429051713
2019	4.109013865761855
2020	4.008438812520013
2021	4.182791844470855
2022	4.014156209862272
2023	3.7301768784972684
2024	3.815398871456413
2025	3.8900712067189223
2026	4.279877566155396
2027	3.5226814426825945
2028	4.262830243999039
2029	4.255493063099355
2030	4.265895898084532
2031	4.1439656395743905
2032	3.4307995380802523
2033	3.3806424327539815
2034	3.6158795839206483
2035	4.034043152746154
2036	3.641208363750422
2037	4.193690188102854
2038	3.504894577248421
2039	3.36350416931903
2040	4.660042147157144
2041	4.46738658587625
2042	4.422304551924737
2043	4.3301232216391226
2044	4.761781894881093
2045	4.119182720302993
2046	4.385535819025777
2047	4.170576898684802
2048	4.481835420537854
2049	4.362770198066598
2050	4.436957657722608
2051	4.289767816896968
2052	4.496484904986819
2053	4.410924615650198
2054	4.217787596081317
2055	4.65586007051421
2056	4.558914445247117
2057	4.597605422610447
2058	4.360868229285893
2059	4.421745690637942
2060	4.634082122892455
2061	4.056922521737841
2062	4.0549783713843
2063	4.215151253268464
2064	4.769698198923148
2065	4.177106661159417
2066	3.895484533843658
2067	4.372521540231795
2068	4.53325433312481
2069	4.454176584904482
2070	4.073370384447672
2071	4.908696309688313
2072	4.1771912552472585
2073	4.16701274016574
2074	4.616679864636023
2075	4.337543913146762
2076	4.433904329671712
2077	4.244882934150851
2078	4.718188317234415
2079	4.529682252936637
2080	4.427840916396639
2081	4.7404223178226
2082	4.271436213639566
2083	4.270570371907
2084	4.590157916768529
2085	4.711879515854178
2086	4.4868543723839815
2087	4.291632768074988
2088	4.171448972866586
2089	4.325223617525544
2090	4.318207640822226
2091	4.468294662182815
2092	4.215207332304275
2093	4.337721468028989
2094	4.239119319791848
2095	4.5263322632611045
2096	4.458883038914751
2097	4.574074583924122
2098	4.354852089158425
2099	4.343772495596085
2100	4.60929975510216
2101	4.263062309910619
2102	4.328732975394531
2103	4.322852444234517
2104	4.291492880836331
2105	4.272130836502094
2106	4.389593058931462
2107	4.290177122657654
2108	4.388506014135277
2109	4.373043540318573
2110	4.712059172080093
2111	4.016457729198165
2112	4.202335105203742
2113	4.435747144106305
2114	4.378020887583552
2115	4.1488619997381395
2116	4.377593695408433
2117	4.514311728849691
2118	4.632879337204029
2119	4.393149834679929
2120	4.535767438725471
2121	4.357116749360703
2122	5.0874260786276455
2123	4.352501622008606
2124	4.659192011946021
2125	4.313531103925759
2126	4.396993903423829
2127	4.3272276739263855
2128	4.419685647624121
2129	4.2025025462553
2130	4.670109463358285
2131	4.317779634951203
2132	4.532256929319717
2133	4.226075040270066
2134	4.667785538111494
2135	4.261306057857647
2136	4.511559581036149
2137	4.552894148568553
2138	4.712503325716161
2139	4.441636430931444
2140	4.571870117691646
2141	4.420683046567658
2142	4.34604710256219
2143	4.448934757274553
2144	4.192692637825244
2145	4.447348312061204
2146	4.570762407740214
2147	4.468613094434172
2148	3.886840092709017
2149	4.6336876684310315
2150	4.572365348475467
2151	4.56260383350592
2152	4.411646827279628
2153	4.216293260966701
2154	4.255728397717227
2155	4.470764695714666
2156	4.388117637599553
2157	4.523936795431826
2158	4.395317307030908
2159	4.692899875898564
2160	4.433112704530918
2161	4.058610254707539
2162	4.3490332027041445
2163	4.6991558965105416
2164	4.605399361136792
2165	4.051107977167358
2166	4.371287292197168
2167	4.331452885978248
2168	3.731507730674577
2169	4.742523226463131
2170	4.09361048502023
2171	4.770568153353913
2172	4.722471648838711
2173	4.172159402853128
2174	4.126216811127371
2175	4.03698304788592
2176	4.333524326175065
2177	4.176049580928078
2178	4.574789018138759
2179	4.0345796266439695
2180	4.457777548590306
2181	4.6360341857105185
2182	4.009126220536369
2183	3.9764218121260075
2184	4.418988498569384
2185	4.217534097584342
2186	4.2711280769066144
2187	4.236569855937356
2188	4.677662049564443
2189	4.304328343395613
2190	4.38186342869126
2191	4.499161612070966
2192	4.158826929808264
2193	4.5077346893875445
2194	4.774548865796395
2195	4.365084229937498
2196	4.462633405502249
2197	3.9910213720105405
2198	4.061901915570337
2199	4.284323227098734
2200	4.675455599611678
2201	4.7318910642681535
2202	4.6993996353337835
2203	4.486031456380212
2204	4.550501081769765
2205	4.307274221328694
2206	4.417160800440315
2207	4.580254052202146
2208	4.872851956203952
2209	4.61257840436188
2210	4.630585983094545
2211	4.120892537012266
2212	4.558782370845642
2213	4.3981058735692224
2214	4.826785983060035
2215	4.295141972159403
2216	4.7195023796027025
2217	4.617931018625769
2218	4.692509100915001
2219	4.620519057283387
2220	4.510878315663042
2221	4.462964764529702
2222	4.480073646076545
2223	4.911904148491039
2224	3.917125487515869
2225	4.595482345876179
2226	4.263814384448518
2227	4.284619977161132
2228	4.319800664417996
2229	4.382211081571712
2230	4.537161296203076
2231	4.480995586150543
2232	4.738812002306794
2233	4.452808424392452
2234	4.547353079909755
2235	4.1589648661905905
2236	4.3254485042448465
2237	4.336376707043673
2238	4.515027807279309
2239	3.8124068714793493
2240	3.6848145263323118
2241	4.0571734351357085
2242	3.9534670947126456
2243	4.07668100307469
2244	4.447595363219279
2245	3.6226319565931533
2246	3.6604257589754297
2247	3.901870790916844
2248	4.0070151611829266
2249	3.7429524162167023
2250	3.6855220802129405
2251	3.9540494258007097
2252	3.9499450186916536
2253	3.904745135977035
2254	3.5888919307173994
2255	4.09099145442996
2256	4.00398516998818
2257	3.9849559878735743
2258	3.934400499778781
2259	3.8878328874307164
2260	3.6645944762101488
2261	3.800294590951663
2262	3.952561806558888
2263	3.74113880865972
2264	3.702069639106958
2265	3.8339163157281817
2266	4.004647734625911
2267	4.076559269858262
2268	4.297887345753133
2269	4.017305483746162
2270	3.762493320625545
2271	3.6901255964678072
2272	4.327265250008861
2273	4.218715873988662
2274	4.039550839488594
2275	3.5081876551897415
2276	3.9559815359337405
2277	4.029512772623822
2278	3.824055839590791
2279	3.5474128388730244
2280	3.9241422262218566
2281	3.6676276497855236
2282	3.6170567171972916
2283	3.86694170100348
2284	3.7338309228374826
2285	3.703421355767361
2286	3.942502399482664
2287	3.808792818669863
2288	4.19307018772483
2289	3.910232276120948
2290	3.860420100528578
2291	4.000020284740773
2292	3.6880950924519618
2293	3.6663329250812096
2294	3.598894359604966
2295	3.735734911621307
2296	3.7278588928805014
2297	3.649123163098785
2298	3.82064293638566
2299	4.2572906322155655
2300	4.053282415171432
2301	4.1242240858548955
2302	4.030509211354909
2303	3.9693532363178803
2304	4.158542504503867
2305	4.182304322388296
2306	4.1425795499217815
2307	3.8625990909393075
2308	3.788959869473231
2309	3.9699646625672638
2310	3.971834170606809
2311	3.9821979729434775
2312	4.223949793697411
2313	4.313969039375755
2314	3.8045945672919177
2315	4.403331094297581
2316	4.206909745271833
2317	4.453636207277686
2318	4.313362410210094
2319	3.9398586422530752
2320	4.435488560717917
2321	4.360912371124278
2322	4.183116808617506
2323	4.425953664918771
2324	4.638914832307555
2325	4.183297029706555
2326	4.3705434978944995
2327	4.5332260545033165
2328	4.467102212249019
2329	4.0991738991088225
2330	4.3131477510017495
2331	4.79359320197854
2332	4.1714270282735155
2333	4.04074169905998
2334	4.149092210744102
2335	4.388681696401787
2336	4.3310611645250265
2337	4.095101959429603
2338	4.0279396276130885
2339	4.5207798935453996
2340	4.217013178194216
2341	4.507704139222255
2342	4.2322355009305905
2343	4.277671124715701
2344	3.801560532967743
2345	4.337452320174346
2346	4.161686189774497
2347	3.8740584633379886
2348	3.8565759156020207
2349	4.354575345700316
2350	4.361557593475001
2351	3.9952799515334676
2352	4.538866243523406
2353	4.643763881026986
2354	4.493779037938058
2355	4.625163937979334
2356	4.463791994594186
2357	4.236314391774363
2358	4.537366192501149
2359	4.307707532929155
2360	4.3788289395642135
2361	4.061509398123565
2362	4.267480780679903
2363	4.475474282945823
2364	4.10059002341256
2365	3.608936797150497
2366	4.14060620929181
2367	4.178767014305925
2368	3.8061007981190462
2369	4.127403729168539
2370	4.626227493460648
2371	4.081949805053421
2372	4.483882818782372
2373	3.9835898552785403
2374	4.007879206428931
2375	4.276413282976952
2376	4.4092393834963515
2377	4.286279902182153
2378	4.691940241064167
2379	4.315952134096508
2380	4.560810741624896
2381	4.5110869246215595
2382	4.7771827411467145
2383	3.9956291567490183
2384	4.1417255945122315
2385	3.4080061605388337
2386	3.7241680432417184
2387	4.237371075582541
2388	3.9482945810950048
2389	4.297455641476654
2390	4.2618875977959565
2391	4.016208496815412
2392	3.9002379533252483
2393	3.9579609429588207
2394	3.899589226697555
2395	3.6734154722090544
2396	4.053542125637619
2397	3.6759180439585037
2398	4.162004082601011
2399	4.374021897699838
2400	4.122375440464221
2401	3.752440368475634
2402	4.323083399622874
2403	3.3177171712087823
2404	3.770658138253097
2405	4.090774572251605
2406	3.3688061239633518
2407	4.532886989452693
2408	3.8841711910562764
2409	4.080813398317998
2410	3.9009116321374924
2411	3.7813293882967205
2412	4.431977624498762
2413	4.461866854580283
2414	4.106516313374197
2415	4.538761144307029
2416	4.423041584972393
2417	4.475217236680189
2418	4.590846635249559
2419	4.313949245739498
2420	4.203982512704121
2421	4.143074187364904
2422	4.079276080049539
2423	4.054407117047261
2424	4.2731608977872915
2425	4.331027593932443
2426	4.053249187251032
2427	4.313483626424917
2428	4.006696890765857
2429	4.7781619480983615
2430	4.452790390676689
2431	4.3182915191734645
2432	4.411450946270701
2433	4.660525525772648
2434	4.611000190515927
2435	4.588741212927317
2436	3.8923892832076548
2437	4.3774872720977
2438	4.642726170720763
2439	4.379450928055329
2440	4.226436841028524
2441	4.512105188234468
2442	4.553463562960289
2443	3.881786733626175
2444	4.202141884037303
2445	3.9341096571484524
2446	4.122080531904471
2447	3.7060714509892025
2448	3.9890543967778873
2449	3.776592292575571
2450	4.0787107765285535
2451	3.785438000106536
2452	3.7429043217932128
2453	3.81575373440792
2454	3.8354590040532397
2455	4.160284399780215
2456	3.783610731370638
2457	3.742053990250622
2458	4.024360545420818
2459	3.757041296983147
2460	3.981258991979534
2461	3.7761999875333747
2462	4.261182574925961
2463	4.017932710696316
2464	3.940746050662091
2465	3.4533033111241958
2466	4.368738417793274
2467	4.399079128910216
2468	4.345131263923369
2469	4.744204515920609
2470	4.461351475582815
2471	4.266715454207811
2472	4.459144433870123
2473	4.223680286671888
2474	4.006855194117178
2475	3.88396295332289
2476	4.477132339034775
2477	4.734324224223536
2478	4.668716639460851
2479	4.333976189242574
2480	4.047958598983466
2481	4.348233729140021
2482	4.385384203223816
2483	4.515335368893056
2484	4.574204673670417
2485	4.595641386625995
2486	4.412804268869302
2487	4.582403943404147
2488	4.783578388364371
2489	4.267677391780332
2490	4.266408837206838
2491	4.449304275999783
2492	4.2595296486465575
2493	4.475233258970465
2494	4.038415568750496
2495	4.291414111592817
2496	4.351920138997178
2497	4.421752762400054
2498	4.4639692259036945
2499	4.373314439418519
2500	4.625447192215466
2501	4.4125755958334505
2502	4.04985220387365
2503	4.5268807097719455
2504	4.312760859906748
2505	4.150725608510432
2506	4.028832363784817
2507	4.272691133436281
2508	3.9834554778009448
2509	3.8698197821204894
2510	4.451116860326572
2511	4.434712101162749
2512	4.464648727805706
2513	4.5551035379832046
2514	4.2258217603242425
2515	4.834164813353864
2516	4.506258615577009
2517	4.284536769594279
2518	4.254854874247739
2519	4.075831124797599
2520	4.130079918652347
2521	4.630883847323224
2522	3.936403770050904
2523	3.8681560987061534
2524	3.915239887662916
2525	3.906091153608936
2526	3.5085052798344196
2527	3.659347608017083
2528	3.8939208303314037
2529	4.12564753401506
2530	3.8969347933279366
2531	3.9940489039947638
2532	3.218653459988622
2533	3.393404932578488
2534	4.116421904534881
2535	3.9694323444432777
2536	3.7847692287508172
2537	4.016775341409453
2538	3.931706670418047
2539	3.7935491139326074
2540	4.0462004976625074
2541	3.644284914214719
2542	4.259192632645858
2543	3.9859302153865794
2544	3.489806709011376
2545	4.485951329004518
2546	4.26039866622242
2547	4.036409796117323
2548	3.874632248684461
2549	3.9042397261833757
2550	3.574618730968141
2551	4.18007680864393
2552	3.867053673630226
2553	4.3465617731995625
2554	3.8486828122131285
2555	3.9004002584659894
2556	4.053653340209823
2557	3.590905475175942
2558	4.119166505458138
2559	4.014746900976087
2560	4.0555087103948
2561	4.096665125277779
2562	3.8682146373895083
2563	4.338025572394888
2564	4.262112878832524
2565	4.129042242458592
2566	4.519506823151131
2567	4.627833544052934
2568	4.368105762203685
2569	4.31140317893789
2570	4.275037579186167
2571	4.173470215344884
2572	4.230453512576067
2573	4.303999322141006
2574	4.083953424871345
2575	4.3349506518794945
2576	4.581378753270817
2577	4.97081394329271
2578	4.230105405852523
2579	4.1386069503272305
2580	4.300428530329159
2581	4.6281076656871285
2582	4.547811675429786
2583	4.685142187589196
2584	4.356433179752131
2585	4.145254083106653
2586	4.6840831566700905
2587	4.287900149617476
2588	4.867447869016489
2589	4.3808954935737745
2590	4.074072046210811
2591	4.243152466321193
2592	4.151650146873796
2593	3.9952210819188547
2594	3.927288426353227
2595	4.143261257807098
2596	4.155928879343416
2597	4.264697936973858
2598	4.530401811336024
2599	4.4969843287611315
2600	4.531570905387914
2601	4.321850162472704
2602	4.362961187779108
2603	4.440470832363436
2604	4.318666378354323
2605	4.585752440049714
2606	4.231327832273628
2607	3.9627977720517986
2608	4.421277306584257
2609	4.33713613294037
2610	4.755141775572433
2611	4.967876028953116
2612	4.39295688392158
2613	4.012400564760403
2614	4.24061958889381
2615	3.884749310928602
2616	3.9514148108082368
2617	4.087079986369897
2618	4.313550464077151
2619	4.510950832366712
2620	4.281893089160622
2621	4.314644146412178
2622	4.487265553523979
2623	4.267850578745531
2624	4.180045664253235
2625	4.015572563150224
2626	4.216139714211085
2627	4.519445635433555
2628	4.341373351532441
2629	4.38744186087316
2630	4.390570308246831
2631	4.5304397960013
2632	4.350790059343113
2633	4.5704686446079075
2634	4.5708080867839245
2635	4.247633649266238
2636	4.224073348345258
2637	4.012538958915372
2638	4.8108066340009605
2639	4.434254252866668
2640	4.357167091787552
2641	4.4249278990692185
2642	4.19993057965984
2643	4.207349085569493
2644	4.62308894505155
2645	4.474388787444354
2646	4.0827393373789
2647	4.476351499953467
2648	4.146916283175692
2649	4.611473534054016
2650	4.553046297982064
2651	4.710750249284185
2652	4.018447135306545
2653	4.298938401324313
2654	4.704205548488698
2655	4.613271820121493
2656	4.38586717434383
2657	4.789033606272479
2658	4.5054927647189436
2659	4.097935989676023
2660	4.66836036003604
2661	4.344586878979563
2662	4.119317798379274
2663	4.614161837057846
2664	4.453239743752812
2665	4.010579232476836
2666	4.259083768044435
2667	4.218894419663299
2668	4.531253565435406
2669	4.519325764247899
2670	4.572138371378638
2671	4.588334356020538
2672	4.3396868254224605
2673	3.631912064227933
2674	4.526274184643659
2675	3.8599474436497867
2676	4.698625356249514
2677	4.381462559660859
2678	4.254383524723723
2679	4.546523822915934
2680	4.232617515506821
2681	4.602645554420625
2682	4.652244731818616
2683	4.49789123381236
2684	4.054449300019365
2685	4.344382647265626
2686	4.316945301918111
2687	4.254408701193805
2688	4.514755466989743
2689	4.225870472302348
2690	4.14324748607265
2691	4.414233963578164
2692	4.069671761754952
2693	4.518729360836566
2694	4.531689317510726
2695	4.468740042029099
2696	4.553803923716168
2697	4.311895196894923
2698	4.483621224754135
2699	3.9875609183289598
2700	4.78741421981056
2701	4.456428283514757
2702	4.708628543200401
2703	4.578829204778393
2704	4.494243514220288
2705	3.918566787086384
2706	4.540647817597856
2707	4.762354164742699
2708	4.247886155659259
2709	4.797416451561322
2710	4.00507113100115
2711	4.141120505941566
2712	4.610855711599014
2713	4.205273705529459
2714	4.389759068184236
2715	4.353099151316867
2716	4.705497187893574
2717	4.058950511297492
2718	4.401135184561445
2719	4.249211592653647
2720	4.54578908966837
2721	4.460145409939199
2722	4.719724751344036
2723	4.898749083594343
2724	4.266651421201533
2725	4.341980285792684
2726	4.857655718129526
2727	4.439305587160197
2728	4.01418095477812
2729	3.9080146777615705
2730	4.40592262496193
2731	4.324872054147589
2732	4.949981590065445
2733	4.8028484014784
2734	4.773275435413966
2735	4.462047457917777
2736	4.00157534332631
2737	4.429128636202499
2738	4.397860625264836
2739	4.52636590203877
2740	4.590060776853351
2741	4.388756468641761
2742	4.055739859308518
2743	4.222372694879662
2744	4.622227036047894
2745	4.707814280865015
2746	3.9453687811339893
2747	3.717805748293475
2748	4.0317123631887
2749	3.8828033898969356
2750	3.8958253208456894
2751	3.8178361845916093
2752	3.752526110656788
2753	3.7147452578637816
2754	3.9376594003162695
2755	3.8713005989438485
2756	3.972109587423014
2757	3.8555832540312287
2758	3.8415403979370892
2759	3.945532517526587
2760	3.6926349689124094
2761	3.5168934779493393
2762	3.3483986985393788
2763	3.669495197626677
2764	3.6086501471602666
2765	4.052181158222169
2766	3.484520206139751
2767	3.5862685805014367
2768	3.876352095966123
2769	4.267754666962709
2770	4.194764463499562
2771	4.038275183783082
2772	4.028935983667322
2773	3.7383246793789278
2774	4.058977530608461
2775	3.610805556428167
2776	4.226828521517838
2777	4.365396033692813
2778	3.896441298904603
2779	3.9938572030148722
2780	4.513513609153345
2781	3.8323622719031323
2782	4.259299960525653
2783	4.330685452739468
2784	4.023380634239061
2785	3.9409637391292613
2786	3.659061563285167
2787	3.9732519399798023
2788	3.9906790444009514
2789	4.122367347807243
2790	3.9442335487450784
2791	4.260542424176088
2792	4.0241369961665425
2793	3.361855732956718
2794	3.6870922615063093
2795	3.827378116675167
2796	3.7039785549834345
2797	3.5564483158031712
2798	3.8768796865618778
2799	3.38064106148624
2800	4.231729729453643
2801	4.160751229085889
2802	3.9936186263663194
2803	4.230665767071148
2804	3.9037424050715206
2805	4.101979253995035
2806	3.561221815137381
2807	4.058137511286213
2808	4.447954506746468
2809	3.784969376704729
2810	4.215882308800946
2811	3.892368608402182
2812	4.127796506427008
2813	3.769393913913842
2814	4.066416449294035
2815	4.08840359859121
2816	3.7558250141981344
2817	3.8045167854997897
2818	3.791522427349407
2819	3.965408745446792
2820	3.6734745713861323
2821	4.522799386087692
2822	4.2080493744755465
2823	4.115993991131219
2824	4.034516943344357
2825	4.126547092198052
2826	3.9716160108039333
2827	3.6911439273310434
2828	3.813691756180673
2829	4.134516915972773
2830	4.086191597716627
2831	4.211175402090805
2832	4.612931159876734
2833	4.384239982652641
2834	3.983304333816585
2835	4.220889740976868
2836	4.045245381341889
2837	4.407316040252171
2838	4.108399685904017
2839	3.8202112130194856
2840	3.9566931400242487
2841	4.657992155154306
2842	4.562399088953391
2843	4.208277103683975
2844	3.986274024831994
2845	4.28432872851197
2846	4.1583792736140195
2847	4.288568860323515
2848	4.093483270547958
2849	4.353875559732535
2850	4.437486938582909
2851	3.936911594180306
2852	4.238208787753759
2853	4.3059350449927996
2854	3.911578847497664
2855	3.6679862901885705
2856	4.3162830137268395
2857	4.234947562261182
2858	3.4857313660432925
2859	3.580393655430044
2860	3.7229555529146063
2861	4.085580473448959
2862	3.7024331785270435
2863	3.9739741113785456
2864	4.122233018290704
2865	4.155379413660968
2866	3.8436487925812397
2867	3.5643031841324926
2868	3.989435561329275
2869	3.783842963628295
2870	4.304078225717486
2871	4.032795114649182
2872	4.161717085204466
2873	4.23710595920497
2874	3.988447386184066
2875	3.6523564690090318
2876	3.69614310257185
2877	3.9655757996183016
2878	3.518998040059941
2879	3.6599296576850198
2880	3.4845879923735392
2881	3.6758824917353676
2882	3.716952485402827
2883	3.897620885139605
2884	3.7924888015156406
2885	3.9641961822759377
2886	4.055423002066193
2887	3.8210463085800868
2888	3.826102666108587
2889	4.078401858689866
2890	3.602956638967241
2891	3.781156109207807
2892	3.5112242658457964
2893	4.011820559668154
2894	3.888778817730542
2895	3.405420720321692
2896	4.0223595487241655
2897	4.166958307375428
2898	3.660763820395098
2899	3.815052944098257
2900	3.6825176538259305
2901	3.8540582979646576
2902	3.997458078889636
2903	4.238984257703667
2904	3.933102235193596
2905	3.733481093777944
2906	3.798650100426868
2907	4.33964394636057
2908	4.000791750213181
2909	3.761783950182966
2910	3.9099728947804295
2911	3.673538275068545
2912	3.555836442397864
2913	4.1890914108769035
2914	4.656445708270118
2915	4.188346078779444
2916	4.449725755563118
2917	4.521500987111715
2918	4.357869078702833
2919	4.424700686257307
2920	4.17060558402688
2921	4.421483649445281
2922	4.268785396846136
2923	4.098787559288634
2924	4.105697358401737
2925	4.191533502493855
2926	4.3595332662741155
2927	4.248274590250921
2928	4.497630082205067
2929	3.826123509446444
2930	4.249965680294235
2931	4.504100162548563
2932	4.675471917520539
2933	4.44339318851878
2934	4.091859924037157
2935	4.1274249375243555
2936	4.236017360979202
2937	4.393434871211877
2938	4.387963171108082
2939	4.5259883642197245
2940	4.30727563400994
2941	4.255082161772169
2942	4.425703530151424
2943	4.205250614451826
2944	4.258712131749908
2945	4.697934008390254
2946	4.690552234824792
2947	4.351928927908173
2948	4.24880632013335
2949	4.6215522172179115
2950	4.243566950817147
2951	4.4312275476781355
2952	4.771179990568738
2953	4.250814049611069
2954	4.514050964813418
2955	4.691124149760218
2956	4.186701168550449
2957	4.6547407747153855
2958	4.439562163831893
2959	4.0893626183353415
2960	4.454173371422787
2961	4.027458771212005
2962	4.791855663437039
2963	4.411480438574655
2964	4.368993461136039
2965	4.112462486405624
2966	3.663046617970854
2967	3.79078241064432
2968	4.103328987900861
2969	3.9145160540180406
2970	4.206206787197795
2971	4.566529497299827
2972	3.4743906242943474
2973	3.407651604304024
2974	4.113373658898434
2975	3.879544977280717
2976	3.679222233381206
2977	3.9534516730525966
2978	3.7513502237643945
2979	4.272623053967651
2980	3.8699832203704263
2981	3.919460674802127
2982	4.619032952128942
2983	4.255074893002076
2984	4.35127218530926
2985	3.768838691786331
2986	3.911789918076735
2987	4.0534117299895165
2988	3.706608144149315
2989	3.8821708816920735
2990	3.7581587411882
2991	4.711926934209274
2992	4.366581874525803
2993	4.211088618418662
2994	4.066232314686459
2995	4.131367116242216
2996	4.764288542155135
2997	4.61737365844958
2998	4.340634382183181
2999	4.540679922878485
3000	3.9157119786102146
3001	4.0567783908467145
3002	4.318847703687675
3003	4.038977823547215
3004	3.9745703987873164
3005	4.066517456609776
3006	3.6825140831636056
3007	4.206548726348575
3008	4.575378548322561
3009	4.366455800828854
3010	4.457801346845351
3011	4.039578539697621
3012	4.377020053572448
3013	3.794265784154306
3014	4.273477269209751
3015	4.419771008302983
3016	4.217482660084699
3017	4.6401893991533125
3018	4.438037169237477
3019	4.2734091479395335
3020	4.035828499237407
3021	4.616404393998954
3022	4.108701913324862
3023	4.311972001449982
3024	4.191241402285524
3025	4.52009934861515
3026	4.644937059583648
3027	3.948824320578041
3028	4.253560004726088
3029	4.3596237599205665
3030	3.5701241610320893
3031	4.287649546069788
3032	4.061106019653968
3033	4.207525599534928
3034	4.426908999384968
3035	4.057301378408537
3036	4.482091445055247
3037	4.262438111423583
3038	4.68573063774038
3039	3.9587666884926
3040	4.223927571031524
3041	4.3703914855970805
3042	4.2311204716167135
3043	4.443016219312926
3044	4.54235536744331
3045	4.322416434282945
3046	4.246524002021729
3047	4.081607457261832
3048	4.370198542783579
3049	3.9026916662390545
3050	4.678058694524301
3051	4.350384888180557
3052	4.37908203142086
3053	4.176253936044631
3054	4.225693860286965
3055	4.418003826320926
3056	4.019962693350385
3057	4.304993562202688
3058	4.345238619623778
3059	3.95499693432645
3060	4.441039381386779
3061	4.605831208889053
3062	4.170112908708017
3063	4.084037256154912
3064	4.539989847676246
3065	4.306779968253567
3066	4.427704195283141
3067	4.088712592210161
3068	4.319352758366041
3069	4.482309616111081
3070	4.728871577993781
3071	4.649017218820424
3072	4.011294524308395
3073	4.989007979782702
3074	4.37264529489148
3075	4.158229892366061
3076	4.517525413184984
3077	4.460086889822665
3078	4.508795515061198
3079	4.3925214236887635
3080	4.464406064286639
3081	4.110817100944905
3082	4.070988253384721
3083	4.37244942500699
3084	4.624462221101351
3085	3.956912988160286
3086	4.370345142410175
3087	4.499049879701938
3088	4.636716482541697
3089	4.478652810558975
3090	4.8185757627554375
3091	4.404294504432847
3092	4.488056877267756
3093	4.347148647450789
3094	4.15040166072229
3095	4.137029971737968
3096	4.306882958512611
3097	4.2421172403740925
3098	4.18567800672592
3099	4.436148711683178
3100	4.4138826121633326
3101	3.9220000019201833
3102	4.313920858328222
3103	4.586169446885504
3104	4.528521712733394
3105	4.215598808062432
3106	4.001091931203109
3107	4.475256044244489
3108	4.198341642313364
3109	4.518461392927843
3110	4.323361909836568
3111	4.62354578438778
3112	4.276926397285468
3113	4.025552564032116
3114	4.164128694234918
3115	4.04303486203361
3116	4.42647724441406
3117	3.76684286958446
3118	4.199886806700618
3119	3.899962380696849
3120	4.062593514612767
3121	4.484127467485719
3122	4.464915972252285
3123	4.28242002267546
3124	4.424580684982167
3125	4.268729100780993
3126	4.369019055315101
3127	4.347693927322078
3128	4.666329329452553
3129	4.07839916886157
3130	4.368693498519392
3131	4.4850174325626515
3132	4.462013165118766
3133	4.487348435837831
3134	4.465467524980819
3135	4.446304076239971
3136	4.689693885426931
3137	4.442092704281125
3138	4.47746345458681
3139	4.2320830392421644
3140	4.566644048364974
3141	4.238454823840115
3142	4.4919208743975485
3143	4.485805401417242
3144	4.5489223920349495
3145	4.6431028595248485
3146	4.722693455153477
3147	3.834569369782593
3148	4.470662362999759
3149	4.222466616437253
3150	4.3691395211513315
3151	4.464234702057942
3152	4.3171571249476495
3153	4.456983964993747
3154	4.526033065734598
3155	4.839647678594043
3156	4.1133717072092155
3157	4.582646628555861
3158	4.403107065107087
3159	4.3984209940679895
3160	4.309633150396956
3161	4.8918360695073435
3162	4.347283156891552
3163	3.846336477501485
3164	4.20251991445111
3165	4.628615218457974
3166	4.1936526330069865
3167	4.430719633845729
3168	4.345586402249835
3169	4.0160942576477225
3170	4.313080499297212
3171	4.169333503037993
3172	4.369829895876079
3173	4.014457219467279
3174	4.744853971579969
3175	4.4257153654998325
3176	4.346646119633165
3177	4.5079724650758966
3178	4.2635414054633936
3179	4.5003598909510165
3180	4.930020146241798
3181	4.438949860337963
3182	4.467784811830167
3183	4.313354291968978
3184	4.075079767711109
3185	4.292373330971893
3186	4.245642475493666
3187	4.625076752329955
3188	4.110770027464175
3189	4.407522068014435
3190	4.331763827229594
3191	4.502865124166246
3192	3.7844753514945135
3193	4.3875375998375645
3194	3.8065894999651144
3195	4.180963113333155
3196	4.122659889256731
3197	4.333432755134699
3198	4.572363347334006
3199	4.41586212555478
3200	4.318678587971898
3201	3.596905180234073
3202	3.555578157992422
3203	3.6217622683196247
3204	4.032098461529754
3205	4.06666881038704
3206	3.936538317200121
3207	4.300983294107922
3208	4.244264351474765
3209	4.34445315570962
3210	4.731538845835877
3211	4.365266715095765
3212	4.690731878233194
3213	4.707040627993504
3214	4.805529035748942
3215	4.5228054091587175
3216	4.491733724700211
3217	4.133731933486846
3218	4.572049807138822
3219	4.412942799991472
3220	4.195358602073631
3221	4.025795774949229
3222	4.226456980042772
3223	4.660924822079092
3224	4.164600641296999
3225	4.588877848266854
3226	4.649024552978292
3227	4.5083071817692515
3228	4.055204993257819
3229	4.280449424790833
3230	4.4098333705649315
3231	4.235384720551936
3232	3.6940417154975465
3233	4.3273171942784865
3234	4.6077463908110285
3235	4.322802747838448
3236	3.769746473047232
3237	4.132035071032543
3238	4.338138858170481
3239	4.085362896514322
3240	4.636589250769521
3241	4.531919108808552
3242	4.397870637207085
3243	4.427384254583435
3244	4.638928472109926
3245	4.553980908465745
3246	4.6013494663072505
3247	4.176316026691374
3248	4.288289149015824
3249	4.523023610250337
3250	4.578625716378395
3251	4.716004897521555
3252	4.085533390813108
3253	4.553168330464965
3254	4.235995903795614
3255	4.758827537906402
3256	4.5547620202354
3257	4.610442609034093
3258	4.280709441607879
3259	3.9742748093783744
3260	4.300138937655357
3261	4.09779196982595
3262	4.529100893650688
3263	4.044426816277564
3264	4.78693894171682
3265	4.029145475396854
3266	4.509377066490814
3267	4.498581394402864
3268	3.996543376288485
3269	4.157862461200314
3270	4.451483873591354
3271	4.076287517933132
3272	4.651939160723688
3273	4.055909881126905
3274	4.086820216057871
3275	4.5722952763891564
3276	4.196662764649975
3277	4.139772877483932
3278	4.411066608142717
3279	3.6336778385727597
3280	4.040607366104763
3281	4.31046280874133
3282	3.820386916933504
3283	3.681799442201351
3284	3.805462463921909
3285	3.8049386922470028
3286	3.882671183870036
3287	4.215656183208844
3288	4.183464807275598
3289	4.195715341301747
3290	3.432460208078304
3291	4.149493666559836
3292	4.216375079622675
3293	4.821259030353351
3294	4.261029120661694
3295	4.22900037088554
3296	4.71867056616401
3297	4.184133234225146
3298	3.9579637907047176
3299	4.523229589786474
3300	4.475561768274732
3301	4.2966600146499365
3302	4.151758107789886
3303	4.038715879918173
3304	3.9376415162013205
3305	4.102645613025745
3306	4.123478884170901
3307	4.598668520781698
3308	4.338441840507857
3309	4.322176272581866
3310	4.266263011853598
3311	4.129866866073104
3312	4.335472218001049
3313	4.184009036967041
3314	4.072103489736178
3315	4.2663145854452384
3316	3.7055988164981626
3317	3.677113034728066
3318	4.117027611175379
3319	4.52873180187798
3320	4.244092672263105
3321	4.004272126020219
3322	3.9814645226820553
3323	3.8309680397026695
3324	3.3982503285820163
3325	4.093312559923298
3326	3.9209350333399806
3327	3.574599087275363
3328	3.8445437514192373
3329	3.6181864891145645
3330	3.945590975372651
3331	3.8430092619828398
3332	3.7584005499371838
3333	3.929973432023026
3334	4.063173922973601
3335	3.5974036721249063
3336	3.923416796328179
3337	3.593181307188652
3338	4.191967177948959
3339	3.6129085923538904
3340	3.8642224163142376
3341	4.2001490162920225
3342	4.596516494527933
3343	4.14994564864313
3344	4.047411206414812
3345	4.190446245817012
3346	4.052617729017881
3347	4.377580840360724
3348	4.119480810182397
3349	4.1615661272777915
3350	4.256450149606158
3351	4.13295412601899
3352	4.555680071464085
3353	4.237301498838435
3354	4.395519911610431
3355	4.270492685429447
3356	4.255522930892001
3357	4.212794000889753
3358	4.449435761490135
3359	4.10486886436578
3360	3.950102544064546
3361	4.357806402818271
3362	4.310391472001941
3363	4.474245222624895
3364	4.398612676781677
3365	4.287124027763303
3366	4.61719067635149
3367	4.520999732443531
3368	4.468144480264933
3369	4.306673241773502
3370	4.297911885344009
3371	4.6484599061233975
3372	4.412765102104945
3373	4.538536605563482
3374	4.262595033601375
3375	4.647555636747753
3376	4.50942791012652
3377	4.744882330647523
3378	4.573933373462119
3379	4.144274254629739
3380	4.078680119409924
3381	4.470331719216685
3382	4.487497688565224
3383	4.622348724969381
3384	4.228693249988002
3385	4.323992235017557
3386	4.199457203688076
3387	4.644215698146725
3388	4.442815418751563
3389	4.131664831933792
3390	4.1091444530467305
3391	4.148778245569607
3392	4.675264468003701
3393	3.935669475492415
3394	4.417441652819133
3395	4.61316545225364
3396	4.516200855270192
3397	4.454641556530939
3398	4.555367955012488
3399	4.254207374941677
3400	4.153360617833681
3401	4.196452579298074
3402	4.285860423010872
3403	4.2866926632530165
3404	4.062603276440033
3405	4.40404734202271
3406	4.940628049774968
3407	5.223543766988262
3408	4.5778917884515735
3409	4.867616904043985
3410	5.161454478976099
3411	5.125476559497417
3412	4.3354080613135535
3413	4.529449169299968
3414	4.365462655920525
3415	4.272194432161545
3416	4.389246904223245
3417	3.7389605341430503
3418	4.448432103792461
3419	4.582741623742623
3420	4.045555968256724
3421	4.336495108271385
3422	4.093923520659479
3423	4.202024557442058
3424	4.40310672705796
3425	4.650333109905587
3426	4.66434049740788
3427	4.531024248287833
3428	4.719471701085618
3429	4.50756176057453
3430	4.631813536727918
3431	3.994211612982628
3432	4.495101614002589
3433	4.299746994545866
3434	4.34047857306667
3435	4.685257795442407
3436	4.14871922913131
3437	4.356935018227503
3438	4.522472820283495
3439	4.251055757858721
3440	4.551302246475307
3441	4.107144670297015
3442	4.028769814941392
3443	3.827116011214328
3444	4.635531522515177
3445	4.597099202915153
3446	4.4257760513764435
3447	3.9731490509735687
3448	3.970160704281972
3449	3.7533963522989504
3450	3.6946867129995757
3451	3.577667638797529
3452	4.12014757381878
3453	3.7350997819619183
3454	3.1379827366107595
3455	4.120326744264832
3456	3.872623900556518
3457	4.332104821313617
3458	3.964501910223215
3459	3.7758686893670768
3460	3.6368884722850723
3461	3.8882616423245926
3462	3.73839747486067
3463	3.972804970173175
3464	3.4644651366836428
3465	3.708797309576867
3466	3.637207369690402
3467	4.017006083823564
3468	4.175347978014996
3469	4.099140466401754
3470	4.062649415851922
3471	3.853828183565099
3472	4.213894056439668
3473	3.7225957864303862
3474	3.8298598783585938
3475	3.7039760551747327
3476	4.107669697944897
3477	4.128854477131603
3478	4.276211104728049
3479	4.222635279325393
3480	4.253568719413718
3481	4.905713853616197
3482	4.645733674786942
3483	4.5862817954216055
3484	4.748446163159029
3485	4.3834387800291115
3486	4.757100281426185
3487	4.602523671675916
3488	3.956654837247505
3489	3.5673191406685
3490	4.207978671248995
3491	4.7593579277313
3492	3.5463200166974684
3493	3.5525932812341385
3494	4.523730513255576
3495	4.031555660615297
3496	3.5719446122090095
3497	4.339036545731255
3498	4.041816324546472
3499	3.94293812278001
3500	4.6498979232050655
3501	4.565947306518784
3502	4.534821842424706
3503	4.26777027333099
3504	4.113549535632963
3505	4.316175303127088
3506	4.410487723343014
3507	4.361969984975372
3508	4.416417377873595
3509	4.125171196697583
3510	4.29559486478327
3511	4.236751112210159
3512	3.5872855170178966
3513	3.643665285852402
3514	3.647831028912121
3515	3.927638020451079
3516	3.590983985205898
3517	3.71831299573104
3518	3.9392829985269295
3519	3.906392340229509
3520	4.401368524894063
3521	3.8104754590133787
3522	3.885546767980076
3523	3.9676235442067247
3524	3.7444587270564953
3525	3.933356790176052
3526	3.7694567824157796
3527	3.7227168359161573
3528	3.6501812846432156
3529	3.2625371643165813
3530	3.7629829250100206
3531	4.224255080477367
3532	3.369879335927143
3533	3.927432255909934
3534	4.445460790054298
3535	4.0928628962800016
3536	4.045312782974002
3537	3.6581814494254514
3538	3.7432718943178247
3539	3.9723573895680953
3540	3.740189075497017
3541	3.9427818170648923
3542	3.7790054735042613
3543	4.023006851218027
3544	4.0498444482664295
3545	3.6955259952245614
3546	3.5519670958251695
3547	3.449567856248669
3548	3.8155675954079267
3549	3.960169698065367
3550	3.8810870095909245
3551	4.0778715691504726
3552	4.24861645574371
3553	4.04054960287982
3554	3.896629618415106
3555	3.5257457323286676
3556	3.911194876033282
3557	4.206294434631644
3558	4.131462600745612
3559	4.296009427742828
3560	3.905044356317971
3561	3.5876907831621634
3562	3.646289493983991
3563	4.239688489450918
3564	3.681618419170498
3565	3.7364084216659488
3566	3.807240530692304
3567	3.6767320271260324
3568	3.9304124126555076
3569	3.952771971729459
3570	4.317317327937661
3571	4.319786782973514
3572	4.272491053138417
3573	3.935097667270427
3574	3.8841943488084474
3575	3.9764804175302766
3576	3.8710879036329486
3577	4.023530327040527
3578	3.7780612568256036
3579	4.247127231257878
3580	3.880047948400014
3581	4.088951845841053
3582	4.040313291641456
3583	4.082817355246111
3584	3.8862724361097225
3585	4.139543247183531
3586	3.8891588947622417
3587	3.360079782387656
3588	3.652832088105906
3589	3.7765256839397234
3590	4.0402842930760405
3591	3.8685111829889207
3592	4.056061988812185
3593	4.058510887760271
3594	4.132260826219475
3595	4.1592200925695195
3596	4.059841317267559
3597	4.051752888831566
3598	4.245749697389901
3599	4.054528827524663
3600	4.220016902683002
3601	4.0765726877072055
3602	4.301610014618704
3603	4.320125923036753
3604	4.233854560198556
3605	3.6929814631193723
3606	3.8150072312242296
3607	3.805626725407238
3608	3.8130517311087715
3609	4.1564292875733395
3610	3.7962807620644687
3611	4.51197622794811
3612	3.7623623882737904
3613	3.6908475825829803
3614	4.0318598360217
3615	3.746016915882136
3616	3.9094192872041815
3617	4.175626921834435
3618	3.8215817520507707
3619	3.3952973290829016
3620	3.96113832734999
3621	4.127198161765044
3622	4.2087694898373815
3623	4.021611672102043
3624	3.9567505413459783
3625	3.6886040302944116
3626	4.017772225695111
3627	4.164000742841923
3628	4.147410362753424
3629	4.073475410226477
3630	3.699980257639378
3631	3.8925121486096033
3632	3.4568425813103683
3633	3.9484940210378703
3634	3.6685015234640876
3635	4.342042698797048
3636	4.080721616221336
3637	4.002062445778151
3638	4.087604667050333
3639	4.159764676424832
3640	3.6355659051429297
3641	4.348772405529527
3642	4.553723899913006
3643	3.9352159773351603
3644	4.228655577304983
3645	4.077956423374891
3646	4.1044906591509385
3647	4.258680688800759
3648	3.6979204787047166
3649	3.8507229041811577
3650	3.9935194242118355
3651	4.108574186291193
3652	3.6339792743860815
3653	3.91841644637319
3654	3.666515926936061
3655	3.778067000237689
3656	3.8815715908234085
3657	3.956137708003063
3658	3.7733922972836327
3659	4.208029256449995
3660	4.576389704743861
3661	3.7776380327698025
3662	3.4955190027112546
3663	3.6001938187133113
3664	4.013535300067495
3665	3.987917583632389
3666	4.119452190417765
3667	4.134036940418255
3668	3.816903942004136
3669	3.9878085213367234
3670	4.204757533560912
3671	4.0181620178643875
3672	4.073612323332214
3673	4.018930289146557
3674	3.6278928958911916
3675	3.9244022459978636
3676	4.012105612418856
3677	4.276604136353859
3678	4.048327213263117
3679	4.115252245661065
3680	4.055054046682324
3681	3.9804534967609717
3682	3.8762960005028235
3683	4.082723375023687
3684	3.75214341788763
3685	3.6131333313379628
3686	3.697727776125939
3687	4.276167993699266
3688	4.505524220896221
3689	4.51911516551994
3690	3.3615030225963043
3691	4.384431260148126
3692	3.9241732860583562
3693	3.5419469715970258
3694	3.849470708245032
3695	4.007353026019065
3696	4.9579263846319845
3697	4.117524666264305
3698	3.8340445555866203
3699	4.026508078638836
3700	4.051776249416787
3701	4.076584290207455
3702	4.01703436889779
3703	3.7948215393855014
3704	3.9921654335872594
3705	4.006748534326008
3706	4.074898105079321
3707	4.093106759015085
3708	4.030985971461992
3709	4.038125067846721
3710	3.5596982855428143
3711	3.9343331373089443
3712	4.197945812792544
3713	4.001659013310051
3714	4.213222011526837
3715	4.242282501755948
3716	3.9758524734913823
3717	4.3001928422202065
3718	4.249636487744541
3719	4.252818697604368
3720	4.248901810418055
3721	4.537342462760572
3722	4.476809239414819
3723	4.7509237433776725
3724	4.373054659840099
3725	4.722875668266049
3726	4.3809239069565225
3727	4.474433498668642
3728	4.576977143516349
3729	4.676418425482735
3730	4.38757902177295
3731	4.447300855222581
3732	4.364459185177045
3733	4.381888150280064
3734	4.420828944881039
3735	4.575994738009141
3736	4.231004002831597
3737	4.514762726693608
3738	4.563291993924974
3739	4.2555286264655265
3740	4.275546878604388
3741	4.053194971744607
3742	4.133745797691112
3743	4.300674392989706
3744	4.6150389284408995
3745	4.693819936730441
3746	5.015142394510251
3747	4.269230072093224
3748	4.227142183479391
3749	4.2501060727316
3750	4.1390125015892085
3751	4.256295252245797
3752	4.068482790717353
3753	4.189210599281372
3754	4.37049941495282
3755	4.495196044037074
3756	4.445470943492986
3757	4.286315041240997
3758	4.325438467118358
3759	4.598086952014248
3760	4.0338292978923596
3761	4.173241919469822
3762	3.987294740871789
3763	3.7695027525703315
3764	4.009976689158506
3765	4.445427978155582
3766	4.550283611465482
3767	4.174246903804637
3768	4.43455528131188
3769	4.26170913069192
3770	4.152508976829104
3771	4.331582093239571
3772	4.453912285731221
3773	3.8550713916405606
3774	4.213927988923332
3775	4.27528343405724
3776	4.582508174567347
3777	4.208281322788212
3778	4.50872363064928
3779	4.67425329337244
3780	3.9933772119706368
3781	4.429883493320537
3782	3.7181476757973737
3783	4.026482456932598
3784	3.9236516286063665
3785	4.154371634115757
3786	4.3357959279334635
3787	4.44274012138473
3788	4.010509941243731
3789	3.676140324530962
3790	3.952683589490051
3791	3.3987674897728826
3792	3.9129746626670965
3793	4.037006087783994
3794	4.299118135852216
3795	3.541433857718892
3796	4.104216163283814
3797	3.665840196132296
3798	3.6888179443129796
3799	3.8838992854283063
3800	4.080148334455023
3801	3.839894522846427
3802	3.868777292458513
3803	3.9456352682146227
3804	4.0394997735798
3805	4.304386242953999
3806	3.597740739592016
3807	3.8247186534063893
3808	3.757284815647515
3809	4.246828744493542
3810	4.200065101482576
3811	4.164328266304458
3812	3.912844501457182
3813	3.9191464645039904
3814	3.912929823211457
3815	4.1267485802829444
3816	3.6147015474705064
3817	4.2337979003970165
3818	4.118834393624333
3819	4.271711457758479
3820	4.04421429407134
3821	4.033952942250516
3822	3.807064910166278
3823	4.215664402293296
3824	3.631595834668918
3825	3.9583825388428173
3826	3.939535521122137
3827	4.068288211701894
3828	4.2162250404071955
3829	3.8982493395016213
3830	3.881014880509257
3831	3.870101020571252
3832	4.100410631949412
3833	3.916849241469892
3834	4.167258149840934
3835	4.080076292494874
3836	4.3807254589595255
3837	3.977529276241115
3838	4.136680143611659
3839	4.069227555788538
3840	3.92734422043183
3841	4.372429921557921
3842	4.213604683832993
3843	4.016910818489167
3844	3.67646363982899
3845	3.7965866480228314
3846	3.6628226838644045
3847	3.9701990149364756
3848	3.734573708759928
3849	3.5739789322459226
3850	4.27042684170765
3851	3.9366677395043257
3852	3.8023276477867096
3853	3.7778580255906182
3854	4.414100411873209
3855	4.089807888274978
3856	4.084451399499811
3857	3.8214723776047657
3858	3.5328051140869317
3859	3.656684616059834
3860	3.846455908559027
3861	3.8822920074566394
3862	3.446798790624883
3863	3.8927581920548433
3864	4.198506443071846
3865	3.914752636684822
3866	3.833257399540899
3867	3.6943981717854277
3868	4.144900440998878
3869	4.210050501616321
3870	4.015432364686271
3871	3.802426243513634
3872	4.281044062983952
3873	3.8002124695336077
3874	4.131974167792611
3875	4.0284425015347995
3876	3.9013891517347585
3877	3.9523397391378645
3878	3.978091163658705
3879	4.087968040053044
3880	4.0729973392315655
3881	3.9878604627161947
3882	3.913520536861622
3883	3.916602823740356
3884	4.0366159467657825
3885	4.0475120277321635
3886	3.972253712032671
3887	4.066924551266517
3888	4.124077032782883
3889	3.858814205691304
3890	3.9564957768219964
3891	4.312180241406896
3892	4.274135620219342
3893	3.931697429315574
3894	4.586229220721205
3895	4.294050577288486
3896	4.3134837607264
3897	4.486429140837095
3898	4.204079531889642
3899	4.396422396542577
3900	4.341918428926505
3901	3.6193854346558885
3902	4.459659527935096
3903	3.9414705462645894
3904	4.377072354908137
3905	4.201644792217403
3906	4.587729042238476
3907	4.442537008689542
3908	4.3782863015422775
3909	4.270177542900981
3910	4.176686460897124
3911	3.8685224956946693
3912	4.562804624946923
3913	4.255499375957016
3914	4.036896566985456
3915	3.893485587992195
3916	3.6259007691948364
3917	3.674829166098908
3918	4.311680220866125
3919	4.4925535196499915
3920	4.477360297906544
3921	4.50861542033972
3922	4.170960050091859
3923	4.58754454884599
3924	3.9776586290784977
3925	4.428312481473597
3926	4.227353030373355
3927	3.6947354309965528
3928	4.0161246258472385
3929	4.203103407910111
3930	4.322609200600758
3931	4.368273316056798
3932	3.3599083619806622
3933	3.7628453459294047
3934	3.890401991155177
3935	4.109066933574644
3936	4.02072394417954
3937	3.7710078041536663
3938	3.744248693778836
3939	4.283761227748826
3940	4.653631830312784
3941	4.391744599025942
3942	4.7153559003760375
3943	3.988532912643535
3944	5.287372707868951
3945	5.159045795764092
3946	5.164085756977639
3947	5.0174275361431215
3948	4.80429268335221
3949	4.566959771060009
3950	4.356356679195028
3951	4.412541861171365
3952	4.800982570731431
3953	5.048550124993062
3954	4.862693656969933
3955	4.739303757777075
3956	4.447958676680934
3957	4.329604372477074
3958	4.55916890987241
3959	4.043770896805491
3960	4.6318033350098045
3961	4.505029059793681
3962	4.710934677192803
3963	4.537479009981012
3964	4.5628405009479005
3965	3.986636694775066
3966	4.801515998031046
3967	4.7671881663142734
3968	4.29983589590538
3969	4.398409478120003
3970	4.387656513081447
3971	4.332650502312859
3972	4.235495782762517
3973	3.7007190337166644
3974	3.7943156322887286
3975	4.458981724385188
3976	4.834555296735032
3977	4.203136718892784
3978	4.2035976854696155
3979	4.356432595600166
3980	4.53015486491695
3981	4.37345062249782
3982	4.229648039807529
3983	4.485381463449176
3984	4.511713190873974
3985	4.3064514477687785
3986	4.336086553584571
3987	4.1769489230218895
3988	4.05140970779107
3989	4.173377455834118
3990	4.568750716266141
3991	4.593016426430747
3992	4.758722123719266
3993	3.7541183760046692
3994	4.280443047312228
3995	4.729827997814449
3996	4.414023691772198
3997	4.676106161160689
3998	4.141058112997603
3999	4.454838314905393
4000	4.1508887491197655
4001	4.550137194792998
4002	4.1849699288038185
