0	6.503042326281536
1	6.1241939774570895
2	6.267365513896861
3	6.225879836661927
4	6.021311187167951
5	6.008947837446879
6	6.41968529242431
7	6.35563309762395
8	6.300083442441355
9	6.194959646284836
10	6.136938014554159
11	6.499158778835204
12	6.1564439530384085
13	6.45568834477411
14	6.743075111938943
15	6.690699979492789
16	6.305720509084344
17	6.941301836601868
18	6.0293311952523005
19	6.244710857616989
20	6.432721141386753
21	6.380788754077334
22	6.362297120478353
23	6.515070453722858
24	6.377438118254789
25	6.61460026500723
26	6.771897205101346
27	5.97569485056854
28	6.45172889699753
29	6.4625467892351605
30	6.558982264332477
31	6.172967974240479
32	6.709542066723229
33	6.520377476540472
34	6.368214342243772
35	6.897916773257655
36	6.017559781612273
37	5.830329418219671
38	6.041061844497592
39	6.1309872404317325
40	6.140650511197828
41	6.629239578494821
42	6.397518447064408
43	6.627496354022133
44	6.172501942527102
45	5.8881727244725495
46	5.6004990960726
47	5.443752873177308
48	5.770753698533376
49	6.252569984239907
50	6.072611607991953
51	6.301221050493382
52	6.2236244281710045
53	6.80042137065213
54	6.665069956206262
55	5.696602543493625
56	6.545543724311526
57	6.386441890787259
58	5.595346245437092
59	6.192228879449624
60	6.331433696401843
61	6.376170806489892
62	6.201770547369192
63	6.176753069694196
64	6.293046599554095
65	6.0449825823067
66	6.08639592105234
67	6.555086573774727
68	6.131289705713094
69	6.221720093467215
70	5.967167436013879
71	5.909965294435468
72	6.1940734509559485
73	5.87281795182489
74	6.576954443991044
75	6.565873950326565
76	5.75928372594545
77	6.623510115587259
78	6.14614965658971
79	5.960970286092316
80	5.770585289248597
81	5.657191975495897
82	6.148419806278711
83	6.138341267128747
84	5.971335774241632
85	6.13321852562788
86	6.213449165049179
87	6.216068745371652
88	6.621697157946958
89	6.382775747597592
90	6.261224653682315
91	6.132749596045172
92	6.353515896353488
93	6.174148612990453
94	6.412212036352663
95	6.482189931111547
96	6.043100225978133
97	6.865602073086182
98	6.70122759405848
99	6.848703182733834
100	6.513307557969471
101	6.504280839751331
102	6.639048569350117
103	6.745720588590704
104	6.011258537301878
105	6.26072394516375
106	6.184576286682124
107	5.971578871944117
108	6.6854097674033675
109	6.980213808040822
110	6.932199904267108
111	6.525047711934781
112	6.708638479629103
113	6.549011812962223
114	6.1214094793470375
115	6.336607064528385
116	5.401778850431206
117	5.985291884929903
118	5.890400284795431
119	6.15736592317844
120	6.083553139862561
121	6.654034475473507
122	6.787808909186542
123	6.130951319752537
124	6.198999053159811
125	6.022636827258807
126	6.069310378453186
127	6.215586937136612
128	6.187412543237656
129	6.533230665968012
130	6.492915048662303
131	5.7503534795903795
132	5.814112985862936
133	5.724001499052098
134	5.749760470490484
135	6.171633871720154
136	5.837883483920863
137	6.061362940293087
138	6.1992926696043575
139	6.786978923626499
140	6.334451105772769
141	6.196996965004501
142	5.963432892691809
143	6.523011498692263
144	6.558177477337113
145	5.763839482486406
146	6.4658547327627875
147	5.5746344144658195
148	5.5735646379166015
149	6.218203994147804
150	6.058846700912028
151	6.293862307520967
152	5.821931440789773
153	6.012356767057848
154	6.174156682895247
155	6.335091243339644
156	6.198843445130631
157	6.169232321767789
158	6.360787083423788
159	6.345876394313116
160	6.1148385443576725
161	6.620598412256203
162	6.115721887119287
163	6.429766477566294
164	6.007676711347472
165	6.099354291799876
166	5.977043373862573
167	5.963809711547876
168	5.981576512217794
169	6.561320136440349
170	6.564344787096224
171	6.4702764317206185
172	6.148191299350815
173	6.872521466081752
174	6.461488514484345
175	6.456332970855673
176	5.774774535708263
177	6.220961707242848
178	6.298016251678769
179	6.458888665014335
180	5.537443712528559
181	6.60872947474185
182	6.102001641327115
183	6.978522979579305
184	5.793032553096423
185	6.3615453551142105
186	6.730373726490598
187	6.370141557497046
188	5.825615591519714
189	6.066769065932819
190	6.364963951839328
191	6.104044497225134
192	5.858110997337489
193	6.155004961078624
194	6.33150670514351
195	5.837110922491081
196	6.5128781529652455
197	6.386556272280081
198	6.314016674206682
199	6.519118589312295
200	6.517777252389631
201	6.759318333076772
202	6.038595044921926
203	6.023311510818072
204	6.260900429417458
205	6.916012622274896
206	6.240056258903451
207	5.755899881682245
208	5.994001397203971
209	6.0761098249512004
210	6.448365186851699
211	6.39121611371386
212	6.076547221244659
213	6.330381172699508
214	6.043720974981433
215	6.660900114552079
216	6.624342144550146
217	6.582393789990911
218	6.327311653995473
219	6.378277845470894
220	6.678935381511862
221	6.106674020137928
222	5.982821000768583
223	5.93230044131314
224	6.255076600536692
225	6.411832188734746
226	5.997766432323769
227	6.477555195830213
228	6.517483772067152
229	6.157668655072535
230	5.98760286727554
231	6.33196054435769
232	5.8766293308599
233	5.350531233689778
234	6.2241207858191805
235	6.159431309836555
236	6.231839710740954
237	6.118981995010273
238	6.171680789034325
239	5.826769482009033
240	6.379828734623276
241	6.120123123817787
242	6.129193675425301
243	6.378925948554451
244	6.241821644060219
245	6.3664714802709215
246	6.558640581740587
247	6.007712232113667
248	6.412513507220452
249	6.678564777617342
250	5.973911864416652
251	6.204179087174371
252	6.348689440641047
253	6.466759925029245
254	6.533565574087803
255	6.324215501869233
256	5.8910787003787775
257	6.784895014332363
258	5.6620466505558635
259	6.3193285546008084
260	6.171423672478831
261	6.897061269734604
262	6.05239678542415
263	6.487532663968152
264	7.135701174091941
265	6.619338799054737
266	6.754421563724687
267	6.501464641408091
268	6.434980392385394
269	6.1138632311634
270	6.176000259977147
271	6.099444562504363
272	5.9993010856856595
273	6.600257708608284
274	6.054999946522001
275	5.8374603720305265
276	5.99928839728227
277	5.695735267300798
278	6.211089087725879
279	6.526686533816546
280	6.378003790355612
281	6.4240134088418275
282	6.018245603575832
283	6.601337100666072
284	6.430145661600202
285	6.49612522512746
286	6.591839292324572
287	6.294557865962458
288	6.115617822242168
289	6.359627112078526
290	6.400689703007729
291	6.426404092980649
292	6.772804632050016
293	6.266755875329924
294	6.736962878237305
295	6.527806772642015
296	6.133223527734078
297	6.434197808390832
298	6.569349456276877
299	6.468167954013138
300	6.167024421611257
301	6.170852450533915
302	6.212601386968978
303	6.112317180602075
304	5.597157794775141
305	6.092646939344353
306	6.304133190687853
307	6.244115096487033
308	6.386101818004515
309	6.094338232801666
310	6.252373883516568
311	6.187631178426888
312	6.231004326074326
313	6.5063692650090985
314	6.217638036539759
315	6.20779225083298
316	6.13015274568579
317	6.03097226091847
318	6.794474126712193
319	6.776891571510321
320	6.5981860009644695
321	6.281472227535937
322	6.474813451664753
323	6.024462757127448
324	5.981626046119874
325	6.415266142052606
326	6.083478146310249
327	6.26470754795697
328	5.8066482288244385
329	5.697098134390475
330	5.647874950963617
331	5.7795350735795665
332	6.677720952997064
333	6.236975629366258
334	6.357237059467241
335	6.068787623544241
336	6.396137756836766
337	6.257081480725536
338	5.933609745768848
339	5.774676430136403
340	5.68803398733925
341	6.088633669414464
342	5.894019096688849
343	6.291921780090033
344	6.3528009036103965
345	6.4264953781842395
346	6.709740682733005
347	6.763190197361286
348	6.349071227084702
349	6.34538163413136
350	6.7547252052321785
351	6.070486902216613
352	6.884160276922792
353	6.533114366834776
354	6.318671759316456
355	6.197920525272638
356	6.639172102648002
357	6.605046639720732
358	6.064391718321714
359	6.430905463670229
360	6.409041734692603
361	6.414643533348671
362	6.351898581153688
363	6.617757309767856
364	6.9982122592926075
365	6.244833432622919
366	6.226322926974595
367	5.815696471734109
368	6.128083685026762
369	6.400530265940244
370	5.793375528752688
371	6.35964411458335
372	5.930928074656959
373	6.199101034887778
374	6.400655120977127
375	6.1514452767032095
376	6.583741684742743
377	6.192278955277328
378	6.311175343022815
379	6.718016751747548
380	6.880667606630141
381	6.002527313126715
382	6.169339516832868
383	6.026000152060832
384	6.16826240882133
385	6.632781288496005
386	7.034230730214014
387	6.4077131015674365
388	6.4986943675907956
389	6.566842823527663
390	6.274528308360868
391	6.4967224586991765
392	6.29100997134697
393	6.390855533404355
394	6.624623301161586
395	6.13956397027393
396	6.476874852356418
397	6.281068410789049
398	6.159113495234922
399	6.238989400671036
400	5.856764197586117
401	6.059223147865568
402	6.143622685541788
403	5.938783187612649
404	6.702366800672574
405	6.717666057218297
406	6.536180659405414
407	6.597471845292109
408	6.6211657376298705
409	7.140605117537473
410	6.595653273238771
411	6.200282750340651
412	6.831430766322325
413	6.710229102535044
414	6.529905943625691
415	6.521786598637869
416	6.449575787201731
417	6.8482016780550214
418	6.893804806342736
419	6.6524633641615925
420	6.047803261243247
421	6.297949485927356
422	6.348336782071169
423	6.553639033192198
424	6.300301058187367
425	6.442345372997059
426	6.500021300646587
427	6.292532985189641
428	6.272637346825591
429	6.2033188885953745
430	6.5634269089046295
431	6.219172796687333
432	6.493450770225853
433	5.730909750111557
434	6.205297651504845
435	6.326438003925723
436	6.340649904516335
437	6.370161031822767
438	6.086692886637156
439	6.91297016196275
440	6.3406344246792745
441	6.342193944894441
442	5.933736592851951
443	6.104128334992341
444	6.094652457198828
445	6.098827323703805
446	6.067805227064663
447	5.960404735890538
448	6.100614559201371
449	6.134201923104317
450	5.712583358383169
451	6.117706178043125
452	5.806116566642812
453	6.453688107385277
454	6.401241921339608
455	6.0744123427679
456	6.395828205128205
457	6.45583428189352
458	6.236237574462457
459	6.7124443519395465
460	6.645110664755325
461	6.63995791652469
462	6.5402554443212635
463	6.756884323385803
464	6.489862543171227
465	6.317298439570294
466	7.040855547014206
467	7.071257099400281
468	6.4030836185072255
469	6.08229183768133
470	6.505021421974928
471	6.08137082878652
472	6.31513654718663
473	6.815591928283967
474	6.510991593301119
475	6.171829973399429
476	6.323548708700204
477	6.165213655779387
478	6.599008837599272
479	6.251871265890873
480	5.897246757814413
481	6.406329528576752
482	6.681702622812527
483	6.21598293729066
484	6.296932737368054
485	6.616067161931323
486	6.69972971555019
487	6.152900838993225
488	5.9742505144146385
489	6.340101911919698
490	6.3345813703813185
491	6.290358388419884
492	6.094442557158761
493	5.89726993819819
494	5.816463126631662
495	6.078670664898003
496	6.421732177531722
497	6.253200270952759
498	6.472408992744165
499	6.724553351766711
500	6.579801459084381
501	6.327436057658405
502	6.483656156576956
503	6.121879933104319
504	6.505174550377797
505	6.306087997162161
506	6.323092134442184
507	6.020843662344715
508	6.495967358746251
509	6.269013101065969
510	6.618575447936078
511	6.480142843348041
512	6.55010161738381
513	6.443002976323633
514	6.263432048417634
515	6.07292919595319
516	5.426249204287627
517	6.816741434276039
518	6.805472168979171
519	6.522206030986554
520	6.200756901377543
521	6.048782391222756
522	6.495311498844949
523	6.219422247183677
524	6.050822955902981
525	6.728511402528768
526	6.1446563452606435
527	6.539539465164699
528	6.499487315549339
529	6.38008525172936
530	6.335101263910069
531	6.20306865944922
532	6.4853628850971905
533	6.252165615359244
534	6.162654185603511
535	6.538008130102522
536	6.887686090498993
537	6.450471561092473
538	6.2861842832028225
539	6.589597740815567
540	6.595570701003912
541	6.250362202744615
542	6.164287302904012
543	6.076129678258462
544	6.134632700237667
545	6.281683308686086
546	5.803709211484004
547	6.002733840868756
548	6.220686611264379
549	6.3552690172856545
550	6.0145713149768785
551	6.4001436681457
552	6.226022741084018
553	6.058914141137024
554	6.187591320309468
555	6.59287710361212
556	6.443619926828719
557	6.263905794538937
558	6.778782255850753
559	6.80047633945989
560	6.437871960961607
561	5.966644390768109
562	6.678216032992849
563	6.374209919550236
564	5.912720208457982
565	6.322413955306044
566	5.593634414542394
567	6.0071704624349875
568	6.080304260376088
569	6.424275716499437
570	6.864703836369052
571	6.703446212447127
572	7.040551878417892
573	6.200507105435814
574	6.3399430269307615
575	6.479889193787394
576	5.862938390670905
577	6.725293762398725
578	6.682391948248437
579	6.427613421318474
580	6.512070441198214
581	6.630572394306212
582	6.494190013474917
583	6.585424689858195
584	6.2705036408509125
585	6.727706463517973
586	5.972129953367754
587	5.981940308297803
588	6.1145245861228394
589	6.317205813575984
590	6.326670046825011
591	5.387551156375688
592	6.099987222202598
593	5.934788115138464
594	5.7445105800471
595	6.332263816662342
596	6.512950241002242
597	6.168480908011448
598	6.153069336840419
599	6.254461272211374
600	6.249761319208299
601	5.942356488295604
602	5.646725627278838
603	6.232007888501849
604	6.307019235617801
605	6.869266617495069
606	6.807684533265393
607	6.1985112835762095
608	6.081367214905678
609	6.264697182173322
610	6.164873717323051
611	6.75008549110498
612	6.465442732553305
613	6.142389385999696
614	6.246495259529581
615	5.766825018560287
616	6.844740686003213
617	6.45300096946721
618	6.78703716288975
619	6.832363365375974
620	6.805928812578616
621	6.726307140885515
622	6.733485449358135
623	6.900465435678315
624	6.569418323549106
625	6.1429450313895995
626	5.924438338329561
627	6.595102978626223
628	5.947943795385672
629	6.427108936962439
630	6.188652551430214
631	6.984866044617139
632	6.661021503499795
633	5.580472574039316
634	6.750670313882219
635	6.6106704984290925
636	6.294127843682712
637	6.706447812864244
638	5.894211448360496
639	5.518271004067238
640	6.277069932083143
641	5.922957648928402
642	5.908916148359156
643	6.24193150562341
644	6.096717874740076
645	6.146116793385318
646	6.127320619117113
647	6.357015962901985
648	5.795779617092227
649	6.2094145000391245
650	6.1400882489328685
651	6.7330173155288495
652	5.906353136630726
653	5.957125361678706
654	5.944868005988671
655	5.644154208708058
656	6.694815787082637
657	6.596996843124909
658	5.87477840246647
659	6.161324618189249
660	6.1184261382329765
661	6.596932474756699
662	6.229222345609249
663	6.794527492914436
664	6.818279936785582
665	5.9374635264944065
666	6.038168089727736
667	7.178277641934515
668	6.610755059797416
669	6.373087740416898
670	6.213617684939958
671	6.046267016878492
672	6.302565751493913
673	5.835965020625536
674	6.254738355504733
675	5.577057201572715
676	6.6989234602372925
677	6.77127965748388
678	6.049486643193354
679	6.052564851030718
680	5.865641526469992
681	5.87507872634763
682	5.7722431503696985
683	6.135994089559359
684	5.983896278822783
685	6.030025458579739
686	5.738342947436935
687	5.9181181646792
688	6.4311850764722625
689	6.586903294737205
690	6.2726398566417805
691	6.500914851098627
692	6.552732891570001
693	6.054365943212252
694	6.458197127937337
695	5.782398500275726
696	6.398021345637471
697	6.429093986695661
698	6.725883967167187
699	6.022656188350486
700	6.3973718539714435
701	6.400809153838553
702	6.306352369010117
703	5.860605920090805
704	6.087636005742574
705	6.113641923824233
706	6.330445010803958
707	5.934428709624187
708	5.945725351726184
709	6.254544873932057
710	5.929597501487173
711	6.364889311627556
712	6.376104105576802
713	6.1963680769783345
714	5.957267069927974
715	6.8746004285982805
716	6.267477875640913
717	6.403645814336169
718	6.511460153706061
719	6.845381445399602
720	6.439682072851924
721	6.328151627095554
722	6.673645197564476
723	6.424772651525973
724	6.013475383015245
725	6.433046210792799
726	6.439061876951683
727	6.506953787718392
728	6.053695075111934
729	6.1689116516345495
730	6.646159173482877
731	6.043283907096537
732	5.874463617488619
733	5.999050843403719
734	6.2838853082948525
735	6.065148537050968
736	6.848501616795279
737	6.255470274189978
738	6.813502912553666
739	6.450959982405831
740	6.325983814444891
741	6.5179858326422995
742	6.345882065998796
743	5.967914656361488
744	5.797242864520633
745	5.902098826927882
746	6.045521478646995
747	5.714281262623104
748	5.783402020276339
749	6.700007694531136
750	6.12950133327531
751	5.852168846516561
752	6.37722914127006
753	6.559046787532852
754	6.577216242192197
755	6.145218513760652
756	6.397206296406149
757	5.830892898267163
758	5.918593268440106
759	6.08949513075872
760	6.120157184865647
761	6.500334017645275
762	6.289721102038303
763	6.460227414670951
764	5.871209445702728
765	6.40227497189
766	6.813811684134224
767	6.261276502759085
768	6.3616892214700975
769	6.387818431140969
770	6.073416581890901
771	6.3952465095345925
772	6.294605942279984
773	6.0358897679369266
774	6.286694253625432
775	6.730829045502887
776	6.186968741881051
777	6.893071668630419
778	6.513804038223764
779	6.297916938535822
780	6.302936034767832
781	6.291474089534425
782	6.158958893133853
783	6.1987666625796844
784	6.222861513319184
785	6.178139165154227
786	6.776298154572165
787	6.41676735671364
788	6.587366026517041
789	6.5564212209364925
790	5.947876936578121
791	6.532411202954138
792	6.3731156895799765
793	6.031930178660919
794	6.06440604597002
795	6.122454395348295
796	5.933049422238961
797	5.786912828172125
798	6.032731649329559
799	6.446887380628116
800	5.85902176836876
801	6.201841372505681
802	6.527760050242481
803	6.038508973855597
804	6.100540024321706
805	6.3885612046124525
806	6.062175941656914
807	6.8805083940823355
808	6.2244708392043115
809	6.5012894536266534
810	5.951787493451426
811	6.500215899253671
812	5.810537793070472
813	6.093424735294224
814	5.929079042671347
815	5.6568514747595025
816	5.441955854237575
817	6.034281033753895
818	5.752372979171341
819	5.800231376530062
820	5.640942801183258
821	6.277810701840226
822	6.051752316050102
823	5.992161864455606
824	6.164901978870388
825	6.158409561834318
826	6.014123618518643
827	6.390757360638879
828	6.004846903488546
829	6.158546435674225
830	6.316534944091143
831	6.179518070163256
832	5.882539015277121
833	6.247008667484106
834	6.483565561505654
835	6.191718480036733
836	6.716922409136833
837	6.3116924579925655
838	5.734229766553635
839	6.136845015021262
840	5.748939490760365
841	5.753861487490706
842	6.059412402986453
843	5.833018781416594
844	6.3958975413434125
845	6.380176734162496
846	6.1247914306595135
847	6.140270214687115
848	6.260279223862263
849	6.83156502551953
850	5.49492074562126
851	5.5505559487997775
852	6.143510268187574
853	6.0836579768987376
854	6.242065364591327
855	5.89280056325342
856	5.64190366815751
857	6.60963706575232
858	6.139648746166863
859	6.179191892386887
860	5.997513469511655
861	6.217795546651382
862	6.871192196738715
863	6.415002541041874
864	6.231253187574805
865	5.951081035957689
866	6.5519075282932215
867	5.909153829129872
868	6.209507482986175
869	5.957623715544845
870	6.703604153178571
871	6.03851351034514
872	5.624351785992073
873	6.3639214130521164
874	5.908026840721045
875	6.44057142269088
876	6.052464081485788
877	6.235933068558467
878	6.1060020338584815
879	5.998797136370422
880	5.987180238240837
881	6.658464797505573
882	6.527762526013557
883	7.119556130507208
884	6.358523984702541
885	6.664505990235346
886	6.029798900656925
887	6.4420247348382285
888	5.908424170202681
889	6.280885085536016
890	5.593897316554435
891	6.25063537911244
892	6.046644093116494
893	6.012054742103714
894	5.64491494731001
895	6.191006355811402
896	5.764315539946842
897	6.387618213994507
898	6.624712169230844
899	6.815210692536552
900	6.360353725243
901	6.517536171840142
902	6.547319144935497
903	6.455608989379991
904	6.079513459467205
905	6.509527923422757
906	6.156651167621152
907	6.335846058716997
908	6.492359333142998
909	5.769050821297474
910	6.481783032729342
911	6.011359199318922
912	6.097500218243761
913	6.59595529967349
914	5.822268945375029
915	6.423119608943624
916	6.300880989992122
917	6.7010281365276665
918	5.98169191919192
919	6.089466752822257
920	6.333228729564226
921	6.4911106258246685
922	6.274299736500769
923	6.153988201836856
924	6.266860716775382
925	6.285177369989703
926	6.659813658912721
927	6.01467105991156
928	6.291187153982307
929	6.105203476444279
930	6.630532183363822
931	5.757489706091155
932	5.729211945714473
933	5.893358378142803
934	5.887684894339914
935	5.874093533178771
936	6.248629748135977
937	6.640122608263474
938	6.109903087506269
939	5.746748300714575
940	5.878111143934777
941	6.071759898896456
942	6.056623129796885
943	6.398869389796262
944	6.2463785281500614
945	6.012335085629025
946	5.968238330909566
947	6.6874369331499945
948	6.3351648673744405
949	6.816730647926654
950	6.225327331580767
951	6.1312618736801054
952	6.362492523601983
953	6.064670843226871
954	5.941209329349441
955	6.659130077099955
956	6.154654010123976
957	5.914007671441731
958	6.3081668460175235
959	5.702140854293813
960	6.242834378135041
961	5.884103028389602
962	5.930337327190093
963	5.814481279409601
964	6.454911362895666
965	7.045767307666882
966	6.526333506720701
967	6.213811919211509
968	6.161976446851809
969	6.075157730204833
970	6.258627751627399
971	6.465299859153497
972	6.542856608231028
973	6.668474526812972
974	6.1684893375705245
975	6.03260440331035
976	5.962025794571924
977	6.014763441666822
978	6.02099767046708
979	5.645674453752895
980	6.426830602801401
981	5.896577423665169
982	6.432173911994682
983	6.416742502642195
984	6.0359147423354065
985	6.510547521896474
986	6.617648895935645
987	6.60316251121217
988	6.620211953135126
989	6.3708818410827375
990	5.5643529737439
991	6.346818370916679
992	6.313883913947368
993	6.313078668014489
994	6.171744217257491
995	6.261318217474132
996	6.090733186943516
997	5.745484666218178
998	5.833462253690133
999	6.127961360670742
1000	6.615145941253828
1001	6.213401683855728
1002	6.362535847266755
1003	5.614791685883118
1004	6.072909358069951
1005	6.285681893827685
1006	6.339529073493477
1007	6.313855008189445
1008	5.299373242580108
1009	6.2146859617251495
1010	6.7779500522105085
1011	6.303895111468397
1012	6.3980924943251
1013	6.1087442932694485
1014	6.307684844196687
1015	6.535764730590439
1016	6.644247712911601
1017	6.454763567709225
1018	5.921982864206545
1019	5.984747993174295
1020	6.256144624097389
1021	6.669107929469198
1022	5.909127265248292
1023	6.306813797219318
1024	6.399855931489433
1025	5.929500243087475
1026	6.891501373194367
1027	6.330529245215116
1028	6.5920279182690305
1029	5.837284262362346
1030	6.347688696927819
1031	5.787893538582538
1032	6.130257610989488
1033	6.044009103808281
1034	6.292990451090554
1035	6.469594240772548
1036	6.425675948001376
1037	5.563949986989987
1038	6.015781964604152
1039	5.74249730389896
1040	6.590636178530576
1041	6.190614369384014
1042	6.194961569657409
1043	6.206151234290689
1044	6.076010451547915
1045	6.201672975858603
1046	6.325606882351027
1047	6.3961658660306036
1048	6.32641549693751
1049	5.933416860453247
1050	6.719531601584652
1051	5.85053904177986
1052	5.911201519005258
1053	6.383316006713055
1054	6.1325142872379095
1055	6.031393597134324
1056	6.340789559775235
1057	6.380519910126262
1058	6.289380864864581
1059	6.3252246541511905
1060	6.667079596343635
1061	6.025455758701784
1062	5.954637515787491
1063	6.484182059483019
1064	6.528427101696871
1065	6.307708421725948
1066	6.447210503547063
1067	5.711084128589805
1068	6.458324486977607
1069	6.63704050286419
1070	6.189078209102278
1071	6.0374598256842535
1072	5.945575988411734
1073	6.10542814310668
1074	6.145055021671682
1075	6.485984127958111
1076	6.434109157977621
1077	6.36416831699802
1078	6.115941561398848
1079	6.272890456363607
1080	5.849485051460261
1081	6.066064842742409
1082	6.103959097702639
1083	6.497705027244143
1084	6.4249013153605175
1085	6.726962394795743
1086	6.085153896396641
1087	6.129354649728117
1088	6.353619312153362
1089	6.020698375745036
1090	5.848544745708597
1091	6.3129387301790105
1092	6.1265645471945325
1093	6.151546939219147
1094	6.318607160113643
1095	6.1326535866002745
1096	6.374668497535338
1097	6.012583655695265
1098	6.848057175066071
1099	6.477931982172895
1100	5.989634309721646
1101	6.161340480079266
1102	5.980270213146204
1103	6.046444987854156
1104	6.824188659763725
1105	6.2069180623415985
1106	6.448756794187746
1107	6.510419520062811
1108	6.311959058208238
1109	6.842347703994096
1110	5.4197934642249
1111	6.169495984341556
1112	5.881236060411433
1113	5.972665988977253
1114	5.941082762782006
1115	6.621786320121531
1116	6.047905357616202
1117	6.233273234746625
1118	6.063455351225612
1119	6.6779675402258025
1120	6.225017248619951
1121	6.482323168546089
1122	6.606347656705823
1123	6.178182391816945
1124	5.778695281775025
1125	6.480559631239796
1126	6.055119235093288
1127	6.018684654164454
1128	6.361771204194774
1129	6.481860520642739
1130	5.699385161061878
1131	5.863889628884654
1132	5.791000282630963
1133	5.766414697735802
1134	5.967447271067994
1135	6.126690361375923
1136	5.761424451664207
1137	6.121008681028901
1138	5.6830062074632455
1139	6.143245787317119
1140	5.721436355703718
1141	5.997078447476765
1142	6.081777970899049
1143	6.036753807688119
1144	5.55949134158536
1145	6.418013365578071
1146	6.3582160228673565
1147	6.082470577314495
1148	6.022110050960189
1149	6.254759915592058
1150	6.28109046753111
1151	5.6541855823358045
1152	6.302964354061722
1153	6.318425184574086
1154	5.955391442802233
1155	6.2236784755664285
1156	5.840542526651955
1157	6.409293438576767
1158	5.460238508724449
1159	6.221977242433368
1160	6.254458787322162
1161	6.553393977972494
1162	6.579195131907693
1163	6.794253669167545
1164	6.448554548344186
1165	6.704038563491959
1166	6.395119198513058
1167	6.613805179342848
1168	6.530588658846015
1169	5.6785822509255395
1170	5.876473478130366
1171	6.799113813267951
1172	6.88477928649348
1173	6.165791815951695
1174	6.355690310221329
1175	6.015716528419088
1176	5.971783234518743
1177	6.225074884749757
1178	6.395314168696914
1179	5.892810562291531
1180	6.06095147274705
1181	6.140887536067483
1182	6.216470583346795
1183	6.958465643141164
1184	6.755202531392339
1185	6.057441440307257
1186	6.064226403537833
1187	6.103493477202916
1188	6.272678041277188
1189	6.770948068329415
1190	6.555540478038993
1191	5.988252222011449
1192	6.16931172698558
1193	6.043721744346739
1194	6.006893161884089
1195	6.3961938955668085
1196	6.669596912611661
1197	6.37805562676345
1198	6.592194044345495
1199	7.007918435856593
1200	6.009598812018205
1201	6.364886270690348
1202	5.942719424707718
1203	6.168136206736074
1204	6.0879831201900965
1205	5.8934445418755965
1206	6.536859318253474
1207	6.424692709880792
1208	6.861872275238507
1209	6.015137260302232
1210	5.997912826273997
1211	5.791767552116397
1212	6.401457936055491
1213	6.585734568449434
1214	6.0838519162467275
1215	6.470406749756519
1216	6.437592341725491
1217	5.8129397722798775
1218	6.062129072130979
1219	6.476537531400055
1220	6.325861598040191
1221	6.31397958400659
1222	6.43138878863001
1223	6.294758848174813
1224	5.774609005851878
1225	5.8837273555048055
1226	6.155013301100897
1227	6.078609888300352
1228	6.394149010316857
1229	6.452659405137036
1230	6.212486865465856
1231	6.092094559422906
1232	5.977237067703274
1233	6.077828270300585
1234	5.941899721166399
1235	6.158759243879611
1236	6.177079714924439
1237	6.462369694677153
1238	6.484901059898772
1239	6.316631620742432
1240	6.218817203631983
1241	6.334224338554906
1242	6.1530729729358065
1243	6.194047758678881
1244	6.23522432702306
1245	5.850036292429531
1246	6.228816089773344
1247	6.525359876889492
1248	6.182737168134089
1249	6.46979333953616
1250	6.367547143303651
1251	6.0967499797863365
1252	6.363714864155271
1253	6.332762644687291
1254	6.230102565592272
1255	6.131940837798512
1256	6.245753593042348
1257	5.800221911789931
1258	6.572863250120147
1259	6.0959298603370575
1260	6.70942427966076
1261	6.24887295576399
1262	6.105008781283522
1263	5.920564451384348
1264	6.265181651362772
1265	6.59538300635155
1266	6.050137180239319
1267	6.403702069489679
1268	6.610265791418711
1269	6.67123636723686
1270	6.108661282309207
1271	6.425785360376128
1272	6.084820591447071
1273	6.180166854396872
1274	6.540040137353649
1275	5.742043286229892
1276	5.782649127093309
1277	5.808239771917497
1278	6.203811878821367
1279	6.979467647084661
1280	6.843939937652385
1281	6.139624709628183
1282	6.316484760518517
1283	6.986431491656317
1284	6.636938069344723
1285	6.830870319345969
1286	6.560046877903653
1287	6.399459759809946
1288	6.7994598267266255
1289	6.507421408317689
1290	6.794996475182531
1291	6.601403880418341
1292	6.325396566067262
1293	6.560358267765428
1294	6.373468245315752
1295	6.191884081030477
1296	7.2459264129525245
1297	6.6188388022291695
1298	6.129196634382926
1299	6.3372893020501415
1300	5.878865995087603
1301	6.274905903531194
1302	6.049735145816728
1303	6.66312693653357
1304	6.47099644415982
1305	6.260966786898771
1306	6.8021815842627324
1307	6.518778566593145
1308	6.277040545179164
1309	6.097453786731853
1310	5.512885070544403
1311	6.4531109118108985
1312	6.37846607852114
1313	6.284806782788759
1314	6.1589006852393835
1315	6.198843792740676
1316	6.333978137170437
1317	6.179074135150121
1318	6.375861795330724
1319	6.354832692418068
1320	6.040433739208106
1321	6.803993485686452
1322	6.353964952996857
1323	6.462661819001071
1324	5.949215019914966
1325	6.37728536738968
1326	6.292212063048281
1327	6.240601745730964
1328	6.029175873957169
1329	6.1309834840598985
1330	6.294601957911588
1331	5.908921971761416
1332	6.3622936417039435
1333	5.899200533219477
1334	6.202489120311977
1335	5.962278805661294
1336	5.729712045966373
1337	6.409030439920972
1338	6.222444509222124
1339	6.271245252009074
1340	6.3202094533063065
1341	6.225462207433615
1342	6.062772128697821
1343	6.125258196505799
1344	6.552879667462855
1345	6.591854181858278
1346	6.604478553804278
1347	6.219416899928733
1348	6.198933624797218
1349	6.793148180876008
1350	6.4511437819974535
1351	6.372757412174682
1352	6.736000286069863
1353	5.930596485164436
1354	6.146311057021071
1355	5.5854714041507565
1356	5.964014405067564
1357	5.773299385458338
1358	6.131872699747701
1359	6.098873808591732
1360	6.219319394412118
1361	6.30056839797163
1362	5.925749966493952
1363	5.865379244780701
1364	6.400616022770676
1365	6.242762732312072
1366	6.136369532643974
1367	6.266804709732096
1368	5.83595446688931
1369	6.360493990533072
1370	6.08836437948066
1371	6.0630944835155764
1372	6.193580668228956
1373	5.827625049299554
1374	6.092994253051887
1375	6.1554634295814425
1376	6.207435336385046
1377	6.696665185063762
1378	6.205980332222728
1379	6.230593907231847
1380	6.344087611948676
1381	6.093121987073101
1382	6.2299115849796864
1383	6.292726447187034
1384	6.340167066100665
1385	6.152871971001551
1386	6.525891555155542
1387	5.925819968121083
1388	6.14144809167469
1389	5.795311286495868
1390	6.687672517270419
1391	6.610597927416115
1392	6.259480104536131
1393	6.4897933475787415
1394	6.105440621427927
1395	6.346838008320891
1396	5.96291868443954
1397	6.4679127374986365
1398	6.401647990101058
1399	6.2904915025018395
1400	6.429512921214597
1401	6.33120402895731
1402	6.4070744242280275
1403	5.997355773391658
1404	6.174185070694559
1405	6.116186708204194
1406	6.921452918550202
1407	6.18437184316125
1408	6.713231439249751
1409	6.1519252575129855
1410	5.621418866650581
1411	5.846217237125559
1412	6.221281086448433
1413	5.959601479685022
1414	5.796862543434736
1415	5.7002286356689655
1416	6.416723367329659
1417	6.091021889163467
1418	6.1440260988623745
1419	6.102326642312036
1420	6.029125267874537
1421	5.997432600053464
1422	5.59449026265056
1423	6.357782171030024
1424	6.352654644886631
1425	6.35261403951764
1426	6.8773857864612555
1427	6.093309838524757
1428	6.187099546208055
1429	6.172609260340767
1430	6.284808365294109
1431	6.087267298512689
1432	6.216095347888826
1433	6.061825503961099
1434	6.185484127999239
1435	6.077514480593868
1436	6.283777095179333
1437	5.744426271788905
1438	6.42155886969944
1439	5.969052881930457
1440	6.284519838949051
1441	6.288976989559347
1442	6.487181825901802
1443	6.473049731101577
1444	6.412272381660314
1445	6.503176209208639
1446	5.973182603128705
1447	6.231529110767987
1448	6.958399775138885
1449	5.919968963614439
1450	6.666175130932244
1451	7.200540885700334
1452	6.962160018120454
1453	6.380919297016444
1454	6.575632163499409
1455	6.348438771192477
1456	7.006150491369641
1457	6.333056194040802
1458	6.231117629217556
1459	6.8486063945340625
1460	6.154364537973715
1461	6.119304428459322
1462	6.570734053155903
1463	6.447564299081347
1464	6.181571730001072
1465	6.4784452116944085
1466	6.370520520669483
1467	6.197232607238097
1468	6.098807253784104
1469	6.627070353062667
1470	6.586837130436483
1471	6.556422556523624
1472	6.122899258927095
1473	6.261161588914925
1474	6.176320686039133
1475	6.297063882448642
1476	6.6863999419641456
1477	6.6444005667224415
1478	6.15307487016681
1479	6.326142912028637
1480	6.215483451618886
1481	6.263479605049521
1482	6.477639924040224
1483	6.364017228955113
1484	6.486389838514603
1485	6.339223491688991
1486	6.28198427072025
1487	6.118668090994635
1488	6.2120471137668
1489	6.092053072807913
1490	6.194758926380155
1491	5.854215631190355
1492	6.071424882533088
1493	6.137551316911503
1494	6.049875808685232
1495	5.98942385690698
1496	6.727676739087979
1497	7.0537441026970145
1498	6.4896768666091456
1499	6.541441515584187
1500	6.213022711044897
1501	6.308677043757045
1502	6.532133740999973
1503	6.505077045942268
1504	6.61202556533752
1505	6.215099908530294
1506	6.381420514822465
1507	6.168404327709856
1508	6.219411288743211
1509	5.776787026393116
1510	5.953803450253353
1511	6.274505558858887
1512	6.865529318554847
1513	6.179191368812216
1514	6.615469353686085
1515	6.39221199257585
1516	6.493745034817372
1517	6.067139473661041
1518	6.896635652457723
1519	5.942613891106963
1520	6.38092001859472
1521	6.419895729016215
1522	5.700817444175623
1523	6.371829937055168
1524	6.379074709626692
1525	6.351459989360466
1526	6.440084904919418
1527	6.047426532847771
1528	6.3641361185456296
1529	5.758089789224199
1530	6.321671546961702
1531	6.411046563916921
1532	6.283807559905773
1533	6.144075895208052
1534	5.726547194709444
1535	6.04509955887842
1536	6.18666576676423
1537	6.1760518804153755
1538	6.360860327507767
1539	6.295013302170538
1540	5.877073406684528
1541	6.572067497968942
1542	6.610680498388019
1543	6.363141730018361
1544	6.340164164772919
1545	6.506536893448363
1546	6.241472010043833
1547	6.25900158421568
1548	6.16558793066293
1549	6.131877744462529
1550	6.029564830598848
1551	5.7449176264529545
1552	6.184339577246371
1553	6.127678190363163
1554	6.27165942287614
1555	6.984960999028362
1556	6.363195264547484
1557	6.344324373777961
1558	5.963303584730954
1559	6.215767345827
1560	6.52233019286453
1561	6.269858949414287
1562	6.320837867671945
1563	6.490046009186422
1564	6.053188627755645
1565	6.262615202109785
1566	6.407195468415329
1567	6.3705104605374565
1568	5.933180133069084
1569	6.690849173315456
1570	5.678845909248972
1571	6.40158875330458
1572	6.4053083191054725
1573	5.957237870052382
1574	6.130278299637019
1575	5.962049260389342
1576	6.137591189344132
1577	6.429379263631271
1578	6.867978277461126
1579	6.361229359534352
1580	6.94367469315252
1581	6.432410265455045
1582	6.495429547041279
1583	6.229270913739419
1584	6.429650698006773
1585	6.406036311212129
1586	6.303377598526799
1587	6.339786418492334
1588	6.348172947019474
1589	6.213102319789619
1590	6.316610432768395
1591	6.831553050824324
1592	6.514969142648601
1593	5.851887585004664
1594	6.562145998815691
1595	5.8903930761010885
1596	6.36499159796012
1597	6.354158028072962
1598	6.476448336064405
1599	6.122745572465968
1600	6.3456782612671265
1601	6.400994329317963
1602	6.232985149484746
1603	6.54765146381038
1604	6.547994929350221
1605	6.6024957313219845
1606	6.364061640051788
1607	6.372974736053906
1608	6.292576325256172
1609	6.239190198448458
1610	6.2342365033844995
1611	6.265520465849756
1612	5.7280384773660185
1613	6.298827439862295
1614	6.415939527284177
1615	6.534089877736481
1616	6.707075402562975
1617	6.229146572008738
1618	5.913313081677559
1619	6.114829515989446
1620	5.751029623073518
1621	6.268251252583465
1622	6.341075986687337
1623	6.255615213787907
1624	5.981297944880392
1625	5.8161193898437995
1626	6.326542215573793
1627	5.796776182979708
1628	6.4037616605406535
1629	6.174655688078615
1630	6.103819272830985
1631	6.838899314703122
1632	6.200287628332736
1633	6.294599345836212
1634	6.614808130627872
1635	6.117254883814228
1636	6.5536926606738435
1637	6.222516352576215
1638	6.528625066279593
1639	6.308934048316209
1640	6.3859836825332295
1641	6.182282158482702
1642	6.495787750122487
1643	6.646929550070491
1644	6.531495124608271
1645	6.85573324078346
1646	6.490977391127944
1647	5.794620264687725
1648	6.209436404255443
1649	6.463348084685469
1650	6.160506128584138
1651	6.036605951660949
1652	6.54530243602746
1653	6.122645202094546
1654	6.023313364731275
1655	6.311946036415867
1656	6.244400054229131
1657	6.143302003895106
1658	6.644019998109423
1659	6.52313164450762
1660	7.016349993377554
1661	6.075834063405361
1662	6.133989056567875
1663	6.256769547119381
1664	6.395890078605141
1665	6.878946451177871
1666	6.422257343020727
1667	6.086296494664962
1668	6.338833985927359
1669	5.806335503322738
1670	6.422894400432562
1671	6.268464767655193
1672	6.318826276956459
1673	6.149378549548631
1674	6.418391116457774
1675	6.314313215359511
1676	6.410602414483625
1677	6.283479132601849
1678	6.032438776020356
1679	6.730163736906281
1680	6.407660001179365
1681	6.081311631877805
1682	6.745884497258518
1683	6.16343550638648
1684	5.955725776056344
1685	6.56557524936709
1686	5.575058956239206
1687	6.385152817790722
1688	6.285758695538914
1689	6.424730250093064
1690	6.202276197613895
1691	6.131584262842528
1692	5.98757593735354
1693	6.262383859091321
1694	5.449222319686659
1695	5.672768526491322
1696	6.186895917220475
1697	6.073052152504296
1698	6.022124731675905
1699	5.515340995270431
1700	6.060775797140968
1701	6.665941198469802
1702	6.209733355591865
1703	6.24529255532615
1704	6.164869473220579
1705	6.093745502079526
1706	6.168523703788948
1707	6.112325458886631
1708	6.105466564752468
1709	6.010228492449989
1710	6.190787436417299
1711	5.854466628935045
1712	6.458690375935506
1713	6.335113755288078
1714	6.243087643452254
1715	5.921980424429177
1716	6.464929319359314
1717	6.474307507129547
1718	6.085258570466686
1719	6.271115165015343
1720	6.161438896056252
1721	6.320615173795745
1722	6.243783508959307
1723	6.248029643197657
1724	6.472533432212971
1725	6.267099125853151
1726	6.131253985582514
1727	6.524131449044946
1728	7.069034640730123
1729	6.5413249909141475
1730	6.12240518030743
1731	6.505677097395957
1732	6.753116385366173
1733	6.334812410176297
1734	6.170774076613174
1735	6.453233933502587
1736	6.008853868260164
1737	6.625345166390295
1738	6.146168693885653
1739	6.152601546456056
1740	5.499690670140579
1741	5.894559960485715
1742	6.234869695253427
1743	6.585559516571108
1744	6.388576154327097
1745	6.428798353531742
1746	6.117053965672064
1747	5.755051392784002
1748	5.9862933325606935
1749	6.226394129945838
1750	6.324970576429849
1751	6.591262915714685
1752	6.850585230862633
1753	6.340571365027269
1754	6.779398960378209
1755	6.495274129112641
1756	6.212418831135003
1757	6.564901803436604
1758	6.3882796382741125
1759	6.4347481986699
1760	6.532457899926479
1761	6.9650272610252655
1762	6.717950666160667
1763	6.701632061080992
1764	6.332925361443566
1765	6.083581979016748
1766	6.257568429073983
1767	6.597157610838636
1768	6.359613806010876
1769	6.774440144772771
1770	6.294492878883686
1771	6.797154400093632
1772	6.616085882899972
1773	6.790317315793964
1774	6.632440884741139
1775	6.082474516524436
1776	6.993732435822181
1777	5.880515559504623
1778	6.265685369171569
1779	6.108463529904882
1780	6.58807800518892
1781	6.175523500185447
1782	7.2179893003173525
1783	6.138997502021947
1784	6.133992372626702
1785	6.323219142830316
1786	6.839222521523267
1787	6.010893539470005
1788	6.635106219862487
1789	6.324799162960634
1790	6.378199952282671
1791	6.434381046745257
1792	6.029636044836247
1793	5.786595848048283
1794	6.08543565456002
1795	6.08912629818857
1796	6.590228922623923
1797	5.989584808346376
1798	5.697335635153429
1799	6.084971808033921
1800	6.006516204284156
1801	6.128393651565846
1802	6.185242140871866
1803	6.314683831201292
1804	6.036764723802508
1805	5.690420144846142
1806	5.679059332591071
1807	5.911277346249865
1808	6.129762752911958
1809	5.583682780337595
1810	6.187640842447662
1811	5.998695808626928
1812	6.409039237453601
1813	6.322358751215641
1814	5.805158592440055
1815	6.454283387865792
1816	6.157209118513559
1817	6.60904482629774
1818	6.143305632229058
1819	5.926135141007375
1820	5.720775266886753
1821	5.7380584909630885
1822	6.063517372098888
1823	5.818906479546333
1824	6.020495066940116
1825	5.776215495296659
1826	6.414216153380056
1827	6.407498825973583
1828	5.947470293620722
1829	6.213886953700848
1830	6.471041256551442
1831	6.271708164694063
1832	6.125112655427423
1833	6.063684480875888
1834	5.699184220971218
1835	5.767848893497281
1836	6.23444679523637
1837	6.348524808559166
1838	5.485697953335198
1839	6.4878706787126985
1840	6.032864772306455
1841	5.774693683948752
1842	6.009607509865487
1843	6.128680250994718
1844	6.10055263500044
1845	6.222530341477446
1846	6.303941527421609
1847	6.618126329012765
1848	6.1761005721070825
1849	6.178207410551613
1850	6.058828052735929
1851	5.248720896983405
1852	5.686265149108524
1853	6.03383823562308
1854	5.684014070858997
1855	5.838104113878845
1856	6.1005240713943785
1857	5.65099110083501
1858	5.817187029188056
1859	5.94282577868281
1860	6.603075788059064
1861	6.665182052252481
1862	6.250039106951569
1863	6.2205965358315165
1864	6.438888994185519
1865	6.1598961988021905
1866	5.733966194647058
1867	6.652050100688085
1868	6.392614748265903
1869	6.232233021775955
1870	5.765150331471039
1871	5.981510500732138
1872	6.2464281031509135
1873	5.723290190317103
1874	6.333652450258792
1875	5.659900822341402
1876	6.5941976349773865
1877	5.765178856824147
1878	6.0502963034118356
1879	6.287536447130465
1880	6.4184046004594135
1881	5.86059303551335
1882	5.719352235368471
1883	5.914983372607634
1884	5.881595025196322
1885	6.442793037310081
1886	5.88078202824971
1887	5.929879828706659
1888	6.225278160384907
1889	6.341212624171696
1890	6.083053306391095
1891	6.079043087913961
1892	6.421256415073219
1893	6.329658642165356
1894	6.344752778824911
1895	6.234548181930292
1896	6.640341465664943
1897	6.450146858609066
1898	6.376010052941772
1899	6.558346667691326
1900	6.343001019688635
1901	6.202523697670209
1902	6.605580565667781
1903	6.563227127432897
1904	5.85871995994831
1905	6.6845676956730475
1906	6.259031546581051
1907	6.176950426073311
1908	5.93790694955594
1909	5.714294131261017
1910	6.184343041601706
1911	5.834378910210759
1912	6.03609190307282
1913	5.993069211640707
1914	6.650211946402795
1915	6.199071359967415
1916	6.110045558628901
1917	6.201578506050562
1918	6.238994860111272
1919	6.572075973249163
1920	6.767502833825134
1921	6.293425683240233
1922	5.668604620377605
1923	6.419679544147629
1924	5.734322740107905
1925	6.050446383198874
1926	5.71241660741271
1927	6.054599989716825
1928	6.327236078322426
1929	6.24399278508431
1930	5.831326015407877
1931	6.0622387934551245
1932	6.087391672074021
1933	5.928735143893066
1934	6.384942190021056
1935	6.175374990079628
1936	6.225039212429831
1937	6.003916648444754
1938	6.210016055606222
1939	6.612392564028136
1940	5.969923897520641
1941	6.51713651127023
1942	5.687109131411524
1943	6.057483849876736
1944	6.704812455605734
1945	6.039265769435869
1946	5.97661259274511
1947	6.3422286215221
1948	6.349402277906494
1949	6.084906999286008
1950	6.433119606868262
1951	6.567580674561337
1952	5.603393636787929
1953	6.154443303445289
1954	6.4882901710228245
1955	5.908035264952633
1956	6.438726378369922
1957	6.6214617709917185
1958	6.307302631198929
1959	6.713088688994959
1960	6.075267740094688
1961	6.315068968910448
1962	6.25805550045508
1963	6.32211728736317
1964	6.611504732860587
1965	6.6937098446929815
1966	6.28531807190887
1967	7.072862342558247
1968	6.206047779380776
1969	6.661625862307105
1970	6.359827391768954
1971	6.725457487951671
1972	6.669192000246543
1973	6.1329575131294245
1974	6.3295003005342965
1975	5.768087303543394
1976	5.780404885096937
1977	6.1944199677938805
1978	6.629430871412094
1979	6.179522118421721
1980	6.241827329700021
1981	6.8764184704529745
1982	6.370101638506698
1983	6.301584596289753
1984	6.572342550389723
1985	6.145926105796035
1986	6.408206558304902
1987	6.691033268432428
1988	6.373412227479415
1989	6.4397016697354825
1990	7.0843277555488235
1991	6.333991484620297
1992	6.545239883005793
1993	7.256292155659318
1994	6.9808760478050065
1995	6.966132262191596
1996	6.629372162010353
1997	6.498293944489879
1998	6.420571604290576
1999	6.250363600331771
2000	6.008153380253364
2001	6.424844341957335
2002	6.4226543691357465
2003	6.366119431245161
2004	6.247203185126195
2005	6.820913496039135
2006	6.462902351898571
2007	6.336438241964946
2008	6.407236596173921
2009	6.4809615457652265
2010	7.1079303703995675
2011	6.312599848047672
2012	6.7187179447406775
2013	5.977727326169603
2014	6.229450190043889
2015	6.298816568047337
2016	6.612441129573749
2017	5.760482925158518
2018	6.114866339104313
2019	5.844927035190509
2020	5.923067422788994
2021	6.343743477336836
2022	6.236300784214787
2023	6.302174028787479
2024	6.167762720285857
2025	6.066717294393398
2026	6.420147957039717
2027	6.183051017712856
2028	6.221451764663052
2029	6.155236525701943
2030	6.447359926010532
2031	5.731941188866852
2032	6.365580022545735
2033	6.397854455094146
2034	6.133761505862263
2035	6.321367061176131
2036	6.1817973916322675
2037	6.493918665849304
2038	6.364984151184598
2039	6.092872543905042
2040	6.658902942338342
2041	5.870470082022237
2042	5.887764461483512
2043	6.7495865479899635
2044	6.317373281926282
2045	6.530453752928371
2046	6.286617809451604
2047	5.916664530393488
2048	6.6570026435406175
2049	6.5006568694442715
2050	6.0676442177354195
2051	6.605829319287667
2052	6.157642041080733
2053	6.14854304483583
2054	5.6643887419118215
2055	6.1741538104485905
2056	6.2308940429790916
2057	6.432027890368787
2058	6.331783267182968
2059	6.9711167625275765
2060	6.38332499139655
2061	6.3882913602409
2062	5.907946497170463
2063	6.318687156717337
2064	6.052606006532068
2065	6.030278162194283
2066	5.893698230609569
2067	6.288885164825015
2068	6.404780919887189
2069	6.315298431981183
2070	6.127315487280964
2071	6.084567616419104
2072	6.0936569682813975
2073	6.235415528505438
2074	6.024266883672802
2075	6.408274980384995
2076	6.23557546577846
2077	6.313094163919134
2078	5.958698780006302
2079	6.054315193778205
2080	6.552992122759038
2081	6.13705158209242
2082	5.964353755797606
2083	6.241776759973804
2084	5.558520232633357
2085	6.116108984799275
2086	6.32407993567132
2087	6.435047605647509
2088	6.480576056152539
2089	6.258973500517481
2090	6.346134307839334
2091	6.3476037025527035
2092	6.361341919270515
2093	5.985065256802642
2094	6.095732010917164
2095	6.164535179517402
2096	5.998810952914689
2097	6.423539595102731
2098	6.290454752968484
2099	6.140555016725327
2100	5.962574393066653
2101	5.953648406130997
2102	5.976670240851373
2103	6.37705236405587
2104	6.358103915240533
2105	6.561159173311657
2106	6.700330318595095
2107	6.243186412791014
2108	6.003707073774322
2109	6.247978834729471
2110	6.616276713757917
2111	6.673113303466631
2112	6.480948598621769
2113	6.502708240612849
2114	5.949094120589161
2115	6.330359712552684
2116	6.192161888464427
2117	6.3736586163606725
2118	6.150907794728804
2119	6.2505617329851075
2120	6.609137021710445
2121	6.329760659839062
2122	6.446345380344669
2123	6.688590542655996
2124	6.850273462683328
2125	6.545476052989352
2126	6.965117170921224
2127	6.160032541435265
2128	6.028859161280625
2129	6.143111866575725
2130	6.2563771754808775
2131	6.251020725046369
2132	6.931756172441698
2133	6.103151337773055
2134	6.517341982463252
2135	6.005261605144483
2136	6.528103164718452
2137	6.139948440874217
2138	6.674439311801832
2139	6.306582583423589
2140	6.299007556958881
2141	6.321954111505589
2142	5.618074447777503
2143	6.8048738903334085
2144	6.997213896117824
2145	6.736018015695435
2146	6.331630512396867
2147	6.368304228706038
2148	6.572051248778123
2149	6.912962607027589
2150	6.151057429690211
2151	6.302120738829138
2152	6.352306286401429
2153	6.714806204918287
2154	6.50317001034172
2155	6.296220133207328
2156	6.364866166117972
2157	6.667397928416441
2158	6.130003002626211
2159	6.308013423338023
2160	6.540038299904581
2161	6.357680631200058
2162	6.560940723248132
2163	6.048977193490361
2164	6.174971129766833
2165	6.02936373623111
2166	6.347448789931177
2167	6.3462270408111605
2168	6.619317356467157
2169	6.0402075468366165
2170	6.675948794395484
2171	6.025990380765718
2172	6.159949054137756
2173	6.255752796251449
2174	6.64906432890815
2175	6.129246098572323
2176	6.18394001672624
2177	6.330179129962243
2178	6.048346376035693
2179	6.069748704777715
2180	6.497948631194149
2181	6.7357985187524445
2182	6.804104995410082
2183	6.841642606876172
2184	6.528762287497736
2185	6.607842911784834
2186	6.547415590002825
2187	6.433119465458112
2188	6.470949820921514
2189	6.221858252252262
2190	6.294868435827376
2191	6.3588779467183665
2192	6.2986093260849545
2193	6.252153669588806
2194	6.002113331513568
2195	5.971140032515446
2196	5.930888399106497
2197	6.459698387279414
2198	6.138224957008243
2199	6.194103224816551
2200	6.793292048913591
2201	6.5836748859225604
2202	6.257049921727523
2203	6.799603056550245
2204	6.272208889405103
2205	6.4341355145516514
2206	6.107841574938919
2207	6.54835422266094
2208	6.9468713905602515
2209	6.801932109121626
2210	6.668756895035073
2211	6.204497713203582
2212	6.504990346259391
2213	6.610756154225826
2214	6.009416805913476
2215	6.333700893571315
2216	6.143714873924462
2217	6.755587830686871
2218	6.468537412474055
2219	6.346344137346027
2220	6.716146682590174
2221	6.350029550259875
2222	6.19029795552382
2223	6.572386124468382
2224	6.087520396202574
2225	6.164353921934492
2226	6.4008138665863985
2227	5.762455569776671
2228	6.02736477350345
2229	5.907641235027658
2230	6.10453354179032
2231	6.191410130515381
2232	6.178775790430516
2233	6.439183494676856
2234	6.361259401549152
2235	6.597095591269565
2236	6.248191619259769
2237	5.978992132430688
2238	6.0145877806154635
2239	5.582499024168052
2240	6.240836395472466
2241	5.896636330199674
2242	6.49089191216492
2243	6.233392645130938
2244	6.536198635821791
2245	6.120005820220733
2246	6.124024751402423
2247	6.614913104823753
2248	6.159420214138213
2249	6.419377838894301
2250	6.1985268838286895
2251	6.441432468372062
2252	5.815899535358703
2253	5.811520505671944
2254	6.523077604351611
2255	6.399482676155095
2256	6.020959927640527
2257	6.2191315010679125
2258	6.416696491976616
2259	6.2866399202289065
2260	6.175589446612875
2261	6.322083978243569
2262	6.13249583089328
2263	5.974374186268323
2264	6.551767464843353
2265	6.253900325604669
2266	6.874174880445444
2267	6.63764935859657
2268	6.569548332943752
2269	6.727993181595076
2270	6.338466716323647
2271	6.382183293749599
2272	6.562748988803256
2273	6.482043886609357
2274	6.431646567378968
2275	6.597854916788011
2276	6.269695549643721
2277	7.025597755718145
2278	6.3154451186024
2279	6.3626224240045754
2280	6.497782545394054
2281	6.337452958491209
2282	6.21380841335654
2283	6.178645445762745
2284	6.112595938474391
2285	6.764417862712656
2286	6.185206356204621
2287	6.328344397419391
2288	6.504126697054713
2289	6.565317485394763
2290	6.346665777719288
2291	6.577409154554532
2292	6.600371006795282
2293	6.661205450888273
2294	6.517960110592735
2295	6.7646596659070575
2296	6.663711740429227
2297	6.140360722313538
2298	6.179054745804162
2299	6.538766512795423
2300	5.962798253075115
2301	6.3611211679145825
2302	6.172908738109119
2303	6.230663478541596
2304	6.549722479620233
2305	6.171155777187227
2306	7.005900110141012
2307	6.100934257756029
2308	6.26867307611183
2309	6.249171433791719
2310	6.135817154996839
2311	6.04927282992276
2312	5.8628742190428085
2313	6.192560774928555
2314	5.772992465838103
2315	5.878901526623896
2316	5.795973039390654
2317	5.519211580247743
2318	5.92795074358581
2319	6.674376119723332
2320	5.7053260435400786
2321	6.1571258620268186
2322	6.179602215068117
2323	5.39186953466794
2324	6.0000404642687455
2325	5.918077361305448
2326	6.294144183528825
2327	5.56519436182177
2328	5.914406211464727
2329	6.3245934822937375
2330	5.813710154359939
2331	6.100551772322836
2332	6.170860122144236
2333	5.930096071735809
2334	6.3306263478779305
2335	6.67226446344036
2336	6.227617185201218
2337	6.277842481750535
2338	6.336863710586716
2339	6.183130040089332
2340	5.43003364499553
2341	6.1275200574969615
2342	6.142808330469583
2343	5.759711919381851
2344	5.64713254316979
2345	6.407015109240106
2346	6.353777190853825
2347	6.424426945881597
2348	5.762656652707576
2349	6.073070745820757
2350	6.2706985845215435
2351	6.317752988543958
2352	6.1113084248625755
2353	5.70857215917189
2354	6.154690755142811
2355	5.92316238793234
2356	6.299553744318098
2357	5.541590681097616
2358	5.894939219581259
2359	6.615984829271109
2360	6.5904609530308065
2361	6.368169714419712
2362	6.347505778245181
2363	6.347997040587246
2364	5.969947749776579
2365	5.977602034201056
2366	6.317016076975802
2367	6.601340884408257
2368	5.855332257099696
2369	6.070603691315078
2370	6.196473067123503
2371	5.95731285533772
2372	6.372189569265939
2373	6.480902353154053
2374	6.644758356223313
2375	6.050911489628046
2376	6.734755667883466
2377	6.166777816719429
2378	6.102126864700407
2379	6.181154884097048
2380	6.673479739318054
2381	5.894564305550249
2382	5.598267482551497
2383	6.555451353510068
2384	6.035698275042296
2385	6.086651094405541
2386	6.27371448404237
2387	6.15090424155543
2388	5.997322201527629
2389	6.575904935003689
2390	6.478296404679409
2391	6.488038145108989
2392	6.775881379013512
2393	6.6615464328813125
2394	6.619216040923849
2395	6.710582460611055
2396	6.304516748065805
2397	5.972363669994696
2398	6.538421803195636
2399	6.020177194445014
2400	6.217493958496806
2401	6.224707455344483
2402	5.783203639390063
2403	6.745098249180691
2404	6.418969597493543
2405	5.958066954714845
2406	6.4141402560354015
2407	6.447799383657883
2408	6.46769088763495
2409	6.449670826444918
2410	6.11827947831468
2411	6.381381389245261
2412	6.2808694141557
2413	6.302226823835563
2414	6.0715249421608
2415	6.44482489966918
2416	6.703846366750168
2417	6.629876571023042
2418	6.710342640454561
2419	6.504094197238823
2420	6.744999568955155
2421	6.499172266119733
2422	6.646807617678614
2423	6.904824186227233
2424	6.378149288956409
2425	6.261922254788607
2426	6.229603260361362
2427	5.912936934522221
2428	6.617034597518071
2429	5.9835730912316185
2430	5.789761273179448
2431	6.52123680671044
2432	6.568391432041872
2433	6.369436443767109
2434	6.375461744999048
2435	6.165484561275482
2436	6.5490685828888795
2437	5.926922262986099
2438	6.360231506386717
2439	6.5312804263847095
2440	5.793555005414299
2441	5.924886902372325
2442	5.837626361040887
2443	6.140428389834833
2444	6.600281834794967
2445	6.194750921703656
2446	6.622807311040421
2447	6.494119223915991
2448	6.192420825516188
2449	6.527160231970966
2450	6.35904096121023
2451	5.997558416028746
2452	6.477032680115803
2453	6.278346043159415
2454	6.65434057347021
2455	6.1977569413288
2456	6.463662424131217
2457	6.2865396627108066
2458	6.15024281111562
2459	6.168253026405001
2460	5.958149909769764
2461	5.9064050499647465
2462	6.523427968232441
2463	5.973389640134343
2464	6.11262525988688
2465	6.0558535472394865
2466	5.992707952897876
2467	6.2872404392870465
2468	6.463188692505592
2469	6.155162490019638
2470	6.032975159443111
2471	6.666261825573303
2472	5.88219284318387
2473	5.967952079071552
2474	5.61643332143068
2475	5.832918132044275
2476	6.124852313589074
2477	5.767190585863312
2478	6.103590736480174
2479	6.077231824397716
2480	6.544654851088774
2481	6.284958124275485
2482	5.815636228116118
2483	5.9501849622286045
2484	6.513064571352547
2485	5.504288673883752
2486	5.572014579245832
2487	6.293149204183626
2488	6.3455200776809315
2489	6.599229647012366
2490	6.795107341795396
2491	6.631693505337183
2492	6.393614356693546
2493	6.285988643266949
2494	6.1667232269860675
2495	6.238293663910237
2496	5.875204597452395
2497	5.849009298688669
2498	6.156729353189096
2499	6.174111935834801
2500	6.52524007659505
2501	6.091674963212809
2502	6.624943513030014
2503	6.641449870627245
2504	6.756850782636647
2505	5.971835886819712
2506	6.035041213021637
2507	6.175119156674551
2508	6.410576703389549
2509	6.119555531174412
2510	6.925238756732302
2511	6.646176223445299
2512	6.157954893811725
2513	5.913955814331992
2514	6.380948030373313
2515	6.717839793823141
2516	6.801964239584201
2517	6.376056249128832
2518	6.47664482243296
2519	5.328622759659511
2520	6.3371776158983
2521	6.3049910551525565
2522	6.250505332776137
2523	6.322209786793817
2524	5.989646817383213
2525	6.400010111380748
2526	6.217893564175239
2527	6.570620498846612
2528	6.230735884873103
2529	6.249262340818603
2530	5.608295819215298
2531	6.165266100400984
2532	5.406624566896418
2533	6.558748527892068
2534	6.505714385588972
2535	6.398413056060923
2536	6.145809291833046
2537	6.2319155810903055
2538	6.195991646369822
2539	6.58581637694559
2540	6.5182606257909255
2541	6.015158153402685
2542	6.168334461965818
2543	6.298965282843462
2544	5.966854214499133
2545	6.794097254019545
2546	6.177299263355518
2547	6.547296021305872
2548	6.107664186887531
2549	6.14981536326289
2550	6.408558218223588
2551	5.851526730740414
2552	6.313309350193381
2553	6.343229925280583
2554	6.357513948998466
2555	6.519803571451203
2556	6.900638413225277
2557	6.328657260639408
2558	6.18605768161554
2559	6.348061624998158
2560	5.660091505654641
2561	6.035729898613637
2562	5.945529434563949
2563	5.594387450843546
2564	5.921100738601964
2565	6.3597362623219595
2566	6.254870713914934
2567	6.620022592638904
2568	6.156233043573528
2569	6.256604342155302
2570	5.8314594675875675
2571	5.776791220606709
2572	6.42256390395953
2573	6.135576409584236
2574	5.484035792445926
2575	6.235408435527734
2576	6.395926544119399
2577	6.36938458862171
2578	7.000498112186371
2579	6.0862902812765824
2580	6.419670553270755
2581	6.08195295755956
2582	6.127779887644532
2583	6.286164325280792
2584	5.969526651301099
2585	6.125003872475522
2586	6.202075676983733
2587	5.976633722243425
2588	6.333182287413772
2589	6.330703830281855
2590	6.496641902041997
2591	6.013465821090639
2592	6.180511872271204
2593	6.091908885847158
2594	6.790684523427797
2595	6.427100323571902
2596	5.699528525642434
2597	5.803415763957166
2598	6.079694121003873
2599	6.382488510664707
2600	6.3593413250741015
2601	6.588354124767938
2602	6.342939808429502
2603	6.863358679798394
2604	6.954647396696198
2605	6.075028922583355
2606	6.495766951846277
2607	6.143293158566929
2608	6.042314292457088
2609	6.523064470360109
2610	5.943348493944129
2611	6.322841651462323
2612	6.031531253254537
2613	5.9222856146156
2614	5.271190061292468
2615	5.513693746130018
2616	5.572250351891387
2617	6.039491358374348
2618	6.1699752794150635
2619	5.6660402107889025
2620	5.816065877183759
2621	5.978510786960942
2622	5.914795526079941
2623	6.255269485773421
2624	6.007255905295995
2625	5.972812651099794
2626	6.081685178809844
2627	6.386449359227243
2628	6.24907644300765
2629	5.9195967846273305
2630	6.513315900461997
2631	6.167880780918287
2632	5.913229158119892
2633	6.055550776192122
2634	6.026857162191436
2635	5.654602229508637
2636	6.118130761250378
2637	6.078442768571998
2638	6.292349817666327
2639	6.03485373311635
2640	6.271182112271859
2641	6.592549952326262
2642	6.431139545038329
2643	6.7479560313568925
2644	6.182239553144113
2645	6.138116595123317
2646	6.571387197973588
2647	6.30936588596586
2648	6.354211878152273
2649	6.463861509640909
2650	6.170649497528336
2651	6.215414459036171
2652	6.475638217930105
2653	6.650858273388311
2654	6.2302249058707915
2655	6.263439871742073
2656	6.461257401030103
2657	5.857631019612803
2658	6.004138856805344
2659	6.649987458959101
2660	6.235548157304496
2661	6.147781776377794
2662	6.522488410917848
2663	6.249271059830148
2664	5.850006500280472
2665	6.043333641911233
2666	6.39447262415139
2667	6.32030176921831
2668	5.988595875680977
2669	6.057555288699471
2670	6.143762457739509
2671	5.959085088259016
2672	5.523167164925222
2673	6.384038198285308
2674	6.633299057755456
2675	6.518511002715005
2676	6.354382522220627
2677	6.352121026326785
2678	5.82434522507813
2679	6.360401402397281
2680	6.2390010075845135
2681	6.17812568549187
2682	5.831338049114593
2683	6.191916333992223
2684	6.0788344102423295
2685	6.559256543114773
2686	6.067358866662373
2687	6.47903397760173
2688	5.842766910085017
2689	6.168663819844063
2690	6.85081560708392
2691	6.702550833530281
2692	6.719625064630727
2693	6.385913254877602
2694	6.785813304642728
2695	6.335654126147447
2696	6.1144563950060915
2697	6.674115769804949
2698	6.205520048289928
2699	6.29522978820831
2700	6.533267400527462
2701	6.57892048672476
2702	5.994660444458135
2703	6.487681288797055
2704	5.8702987300014575
2705	6.894882820021371
2706	6.603053591724693
2707	6.216963904400711
2708	6.604709970963521
2709	6.299965704945325
2710	6.142658328703073
2711	5.879389804300883
2712	6.18321718870808
2713	6.103345083965651
2714	6.447959101470749
2715	6.157398402352709
2716	6.207344832922052
2717	6.284927336209521
2718	6.13800003737918
2719	6.182456214361326
2720	6.199577019306193
2721	5.999525395011252
2722	6.169918611362472
2723	6.058109971667653
2724	6.073795850316866
2725	6.364606780340072
2726	6.59431831674876
2727	5.930229741156317
2728	6.666578503020312
2729	6.053863791109264
2730	6.693548243372048
2731	6.2017685180685
2732	6.320120774954864
2733	6.308650919239503
2734	7.015582035718321
2735	5.536419764346826
2736	5.958788080035419
2737	6.450412270913461
2738	5.971716258375336
2739	6.049846996150574
2740	6.136719553467163
2741	6.47536396113397
2742	6.005898000510154
2743	6.9572799293781875
2744	6.718123256789041
2745	6.419978423370089
2746	6.339928699979152
2747	5.935883054257317
2748	6.689889756420857
2749	6.40148253308235
2750	6.235775389183403
2751	6.440397308728888
2752	6.291209549583901
2753	5.897177429797538
2754	6.679874565971677
2755	6.00001475428501
2756	6.4771094824515885
2757	6.1918221293641125
2758	6.124457387710538
2759	5.837129668793695
2760	6.559297930715796
2761	5.946197398449757
2762	6.121073239936085
2763	6.618509221919604
2764	5.52320304905726
2765	6.480406131038635
2766	6.621402858811242
2767	6.3789835475271675
2768	6.360743289395534
2769	6.364184275368485
2770	6.184102174192387
2771	6.271847304262786
2772	6.430713503638251
2773	6.881997168290694
2774	6.596687813277857
2775	6.715914597752218
2776	6.6853196278675
2777	6.1325186773175515
2778	6.310091975963789
2779	6.365525101326036
2780	6.194802846236704
2781	6.088035613108577
2782	6.58917310619079
2783	6.6020121014954665
2784	6.909258645753755
2785	6.704686265152279
2786	6.68077106133875
2787	6.767428822651335
2788	6.713529877236654
2789	6.603624184223918
2790	6.679259862475362
2791	6.588408455542844
2792	7.029200651169168
2793	6.1884501097354985
2794	6.331915150189321
2795	6.226994009323595
2796	6.303223127274032
2797	6.854566098414281
2798	6.571831043524044
2799	5.8083149354250585
2800	5.723283027266653
2801	5.98401800105352
2802	6.503042326281536
2803	6.483685891934071
2804	5.708094681599046
2805	6.1491610125353455
2806	5.936595342030334
2807	6.2480212712809635
2808	5.758533147066953
2809	5.85649876281006
2810	6.339181970382269
2811	6.702775932082954
2812	6.528722467342132
2813	6.486995095032063
2814	6.293300156894794
2815	6.610260564993091
2816	6.090596074678998
2817	5.881398492483141
2818	5.781298011591826
2819	6.732333712506672
2820	6.782409266868096
2821	6.2075821162197515
2822	6.343078158884635
2823	6.661339702506533
2824	7.3386892629467
2825	6.115097213765874
2826	6.154109758328278
2827	6.361040072241683
2828	5.98753340333122
2829	6.281242612049563
2830	5.831469657089851
2831	6.0962227913412415
2832	6.4370781888272015
2833	6.1183073317692775
2834	6.504139840496717
2835	6.341729539564733
2836	6.411117614560172
2837	6.307220352031516
2838	6.086597035199259
2839	5.547545424702234
2840	5.914770000567941
2841	6.147984909899045
2842	6.450531804257189
2843	6.442470912533284
2844	5.892001882835468
2845	6.212952159001014
2846	5.965273382677118
2847	5.834762334037643
2848	5.97823870514504
2849	6.153478333044336
2850	6.6197211210503735
2851	6.098929720580829
2852	6.120632478036653
2853	6.441459346279041
2854	6.20677368386549
2855	6.298863071400865
2856	6.325621621033658
2857	6.388937879683808
2858	6.7242363290390825
2859	6.218735993979476
2860	6.470500926527252
2861	6.428351000778264
2862	6.132571124091896
2863	5.729392751558645
2864	6.0592198990102
2865	6.343890652252174
2866	6.11977052998758
2867	6.50019802124448
2868	6.565566785505755
2869	6.153104517998701
2870	6.535630673267209
2871	6.243566402237616
2872	6.118063922412228
2873	6.462502650838144
2874	6.474023208727779
2875	6.464393397605024
2876	6.0769581027836965
2877	6.37469245428698
2878	6.130284008166676
2879	6.842113176295456
2880	6.412094237742827
2881	6.537947414148437
2882	6.068051406167147
2883	6.0823433572954215
2884	6.122549873561315
2885	6.353986668303824
2886	6.370730337705706
2887	6.515332314830189
2888	5.618946504897402
2889	5.831688951845184
2890	5.866216887407679
2891	6.579750402851459
2892	6.0469463480788
2893	6.431405297936296
2894	6.872805443015986
2895	6.849085868529178
2896	6.524210588413637
2897	6.073347272374333
2898	6.109469062028955
2899	6.428926796207304
2900	6.476021542306866
2901	6.049370866344642
2902	5.7912103518665905
2903	6.233035047331084
2904	6.210340980636485
2905	6.829388265968165
2906	6.360389072540993
2907	6.464832687412117
2908	6.265500081069332
2909	5.7408670849802075
2910	6.4364651792882865
2911	5.902813857447723
2912	5.814316670366141
2913	6.221051786225954
2914	5.816217093014188
2915	5.8263911738935015
2916	6.039429137462495
2917	6.438447070000083
2918	6.114795231741182
2919	5.904213999412766
2920	6.1972446134814705
2921	6.833755978335327
2922	6.871147372950322
2923	6.005658394655781
2924	6.708481065331124
2925	6.460032714693763
2926	6.42448892231076
2927	5.65796175745148
2928	5.872246121152155
2929	6.343081897169191
2930	6.079401929408797
2931	6.110878433754815
2932	5.85380705889853
2933	5.952119179778266
2934	5.979656808439151
2935	6.088291458466141
2936	6.135253322697919
2937	6.569713906590306
2938	6.133910647506204
2939	5.824152812789177
2940	5.983124302402359
2941	6.237006969712711
2942	5.852554749947685
2943	6.303963216958993
2944	6.179052740910135
2945	6.123434477817136
2946	6.34119919238689
2947	6.505900238920388
2948	6.493580562625664
2949	6.184744260216872
2950	6.639222674039051
2951	6.0662366191776975
2952	6.041235681921581
2953	6.3389518259829885
2954	6.31852746004218
2955	5.910093529057981
2956	6.089635945499163
2957	6.3690530949129425
2958	6.042007812763747
2959	6.23850941183809
2960	6.40756207571735
2961	6.432105643407823
2962	5.990720739961832
2963	6.006753297801862
2964	6.294896589780634
2965	6.446298269958266
2966	6.747346361799318
2967	6.175101896165723
2968	6.238377250070662
2969	6.0895298595917176
2970	5.838420147019948
2971	5.9716972467323135
2972	6.1246652604194916
2973	6.226153230508228
2974	6.404696316608255
2975	5.761201880878335
2976	5.746127136584124
2977	5.741588581304941
2978	5.768347135066763
2979	5.92365057956762
2980	6.194058888271868
2981	6.706226125532827
2982	6.464835201609335
2983	6.03962848044618
2984	6.122891092019868
2985	6.3220750634540215
2986	6.272796326469606
2987	6.327564125333477
2988	5.9236826431587835
2989	5.75985800162153
2990	5.716182788713097
2991	5.856245422143113
2992	6.503984198268981
2993	6.298184661945326
2994	6.122948255874468
2995	6.16914364502014
2996	5.830312122112733
2997	6.167088190050594
2998	6.390767609875142
2999	5.740312172606183
3000	6.421144842813082
3001	5.884420265447485
3002	6.088941236179188
3003	5.992330757376679
3004	5.876113746396014
3005	6.231929139752047
3006	5.657422674579025
3007	5.4723179107724516
3008	6.106654315932923
3009	6.179515202768525
3010	6.307197353891373
3011	6.395500042011079
3012	6.517976063584448
3013	5.633804950468992
3014	6.396096491200373
3015	5.418869868240191
3016	5.974473048783743
3017	6.092061516906119
3018	6.272462913756247
3019	5.646215395903235
3020	5.426687266922489
3021	6.058595237894816
3022	6.243543146791682
3023	6.572754907802531
3024	6.436652617959221
3025	6.1546378381969316
3026	6.226819605274791
3027	6.078372513671569
3028	6.564364327389851
3029	6.18080002581824
3030	5.562407827505877
3031	6.17531316744218
3032	6.100749104778994
3033	6.207041102384558
3034	6.9400466183817215
3035	6.463378640586709
3036	6.365438637809966
3037	6.295625999459895
3038	6.278436436382762
3039	6.338818255141835
3040	5.9426027931086365
3041	6.221539201739614
3042	6.26640314099592
3043	6.608811025651589
3044	6.192538789021002
3045	6.447210391639436
3046	7.063657982394263
3047	5.911934212782702
3048	6.246807504186635
3049	6.4669511777785615
3050	6.627975790943981
3051	6.096084704470883
3052	6.368637909357854
3053	6.4499542253691216
3054	5.772444959318781
3055	6.204957566937705
3056	6.466611070988715
3057	6.094013889000059
3058	6.564462536831056
3059	6.645174390428958
3060	6.407588627208489
3061	6.018973261733071
3062	6.263967413595108
3063	6.2710614314447675
3064	6.552187200285239
3065	6.585860603294376
3066	6.483279718366817
3067	6.045075149508846
3068	5.946690966751236
3069	6.619950769554504
3070	6.441381175408041
3071	6.392904427977094
3072	6.463079316465567
3073	5.96607600701194
3074	6.682400015008737
3075	7.257487267470658
3076	6.6667812464292835
3077	6.470627824769745
3078	6.481536184464246
3079	6.059330060934079
3080	6.587169272860802
3081	6.749346779463343
3082	5.963002946810545
3083	5.851227872842257
3084	6.25264956587393
3085	6.561901170940927
3086	6.242063527377904
3087	6.5240263178960785
3088	5.929929392141254
3089	6.471955123174257
3090	6.355698853230043
3091	6.63265474337986
3092	6.04072056356562
3093	6.266371361867313
3094	6.273386300177084
3095	5.9378498032975475
3096	6.6294051906057305
3097	6.706370669960061
3098	5.840772128636801
3099	5.733707295093611
3100	6.115290378587888
3101	6.065786629293527
3102	6.041489416489074
3103	6.176900232376508
3104	6.068445902583227
3105	6.209080566753335
3106	6.578041112568682
3107	6.0593325796515645
3108	6.47052036444991
3109	6.195885691907712
3110	6.327478987133535
3111	5.3092323718516115
3112	5.767441151176501
3113	5.888638669679529
3114	5.844930456376322
3115	5.8894342118995695
3116	6.156369406065777
3117	6.4165461228274685
3118	6.224910835300547
3119	6.659820696499217
3120	6.336699778641846
3121	6.144205384495927
3122	6.3101240012876465
3123	6.0975028286372845
3124	6.426468206344403
3125	6.4397407981005665
3126	6.222848419500399
3127	6.225936027855287
3128	5.397294161462063
3129	6.404894119848947
3130	5.90930253316845
3131	5.6587964853849
3132	5.926206652297414
3133	6.068473493333467
3134	6.332478142906517
3135	5.973602068768531
3136	6.101088530286677
3137	6.5060736707652405
3138	6.423169228940863
3139	6.045623371942649
3140	6.282564099472715
3141	5.636665252465842
3142	6.390069753266027
3143	5.884235330379978
3144	6.430753872856471
3145	6.484848902628467
3146	6.631372665297322
3147	6.225975428772912
3148	6.392650117464774
3149	5.8769646571761935
3150	5.803222400496168
3151	6.411149364956205
3152	5.8837680430436246
3153	6.889338696133737
3154	6.60142266467678
3155	6.357875462720479
3156	6.207171784383074
3157	6.137423412062626
3158	6.343334639215303
3159	6.098752791511351
3160	6.212816961871919
3161	6.125503776391125
3162	6.084768857487754
3163	6.315292688351387
3164	6.141430261312299
3165	6.345695037220294
3166	6.240961538501373
3167	6.560477029586499
3168	5.891742750153351
3169	6.227502556020027
3170	5.97344847204659
3171	6.28696377459651
3172	6.175652912061527
3173	6.015927026976126
3174	6.049568963934518
3175	6.401984199595637
3176	6.35044167587093
3177	5.3583479405068495
3178	6.257633276333994
3179	5.983874848678723
3180	6.256718882028496
3181	5.3454405765584125
3182	5.824095416956466
3183	5.914719566775483
3184	6.07821149702625
3185	5.992608272199818
3186	5.939783797831843
3187	5.917115660437157
3188	6.17587888006205
3189	6.352059352906784
3190	5.928402595331514
3191	6.246386105715189
3192	6.100295765997285
3193	6.472984402711393
3194	6.7079839577226865
3195	5.963536425807335
3196	6.508829213335221
3197	6.493259770098183
3198	6.514430202280002
3199	6.121698727305061
3200	6.160292950054578
3201	6.33769418190756
3202	6.250923540676066
3203	5.809772390837312
3204	5.956462445509506
3205	6.4065950956221585
3206	6.278537203799704
3207	6.286504120282675
3208	5.551506893353735
3209	5.994010222155663
3210	6.434936596058301
3211	6.392408125766261
3212	6.212021449876756
3213	6.35226703673337
3214	5.705274478126081
3215	5.854792342857214
3216	6.246647159422734
3217	5.971717783331729
3218	5.814666577946288
3219	5.978817069246553
3220	5.796657294997135
3221	6.479859156984241
3222	6.301913645701471
3223	5.809100771352704
3224	6.202841476414359
3225	6.242879825865358
3226	6.132145917608264
3227	6.305611248196703
3228	6.498575471712938
3229	6.362447781598231
3230	6.107123061019896
3231	6.112199772142541
3232	6.520014301454323
3233	6.004139931417023
3234	6.20477317223096
3235	5.820936167624703
3236	6.121836088395705
3237	5.88791728143733
3238	5.534694193318853
3239	6.329776192800038
3240	6.079215565401261
3241	5.650421813010544
3242	6.392103441196091
3243	5.8181665739556365
3244	6.111261488853721
3245	6.401442323961663
3246	6.508427013905157
3247	6.432724088409253
3248	6.142119769576622
3249	6.307744991261885
3250	6.372778099932552
3251	6.365534799367621
3252	6.082927909553422
3253	6.187353698699434
3254	6.226373730519787
3255	5.94116086519792
3256	5.7913807391846435
3257	6.227076078098428
3258	6.180296345492536
3259	6.093808235086027
3260	5.8224893732858645
3261	6.194522056869604
3262	5.611952178751736
3263	5.979490180911576
3264	5.9876711544472005
3265	5.587393641255399
3266	5.853172637281487
3267	6.0754925452804915
3268	6.091644214401306
3269	5.574023749822338
3270	6.184793591719099
3271	6.262974279334137
3272	5.869021900227396
3273	6.243177898646506
3274	6.26006896764851
3275	6.253665437538538
3276	5.830078380608415
3277	5.4506812737034425
3278	6.042865561033682
3279	6.178641819455013
3280	6.254490018380303
3281	6.160926910973126
3282	5.773729840676261
3283	6.270402027261868
3284	5.81416680058017
3285	6.298772451907748
3286	6.27375660361533
3287	5.724943773432924
3288	5.996746223352106
3289	6.115248882294127
3290	5.699869532347382
3291	6.326512989461213
3292	6.037616870675752
3293	6.793675479318413
3294	6.559385126108008
3295	6.263579519966777
3296	5.843446250860356
3297	6.236264401767909
3298	6.881086670735886
3299	6.579065105537911
3300	6.211801086029958
3301	5.583939762407092
3302	6.480928337780166
3303	6.229320570166142
3304	6.005050982331415
3305	6.199975543970574
3306	6.2859634600851395
3307	6.703279967762149
3308	5.761905209947238
3309	5.741644190353768
3310	5.786502711157195
3311	5.984426091401954
3312	5.841965677120899
3313	5.662778874640637
3314	6.252914471265131
3315	6.107367491956228
3316	6.132798887310355
3317	6.159596807743626
3318	6.054069572748451
3319	6.77415163685432
3320	6.353860094810571
3321	6.469818931017598
3322	5.781281123065252
3323	6.123729089904122
3324	6.703468612842481
3325	6.107686132034484
3326	6.069147054377251
3327	6.393218018204062
3328	6.380956761330559
3329	6.538274116296079
3330	6.568768352245454
3331	7.09170737331576
3332	5.618200074169178
3333	6.490670328652104
3334	5.7365622404784835
3335	6.65749128111318
3336	6.421371595691038
3337	6.4657177818945035
3338	6.3224381585190805
3339	6.1180446368255925
3340	5.907695145928157
3341	6.135928918696732
3342	6.062209248212856
3343	6.103163501311747
3344	5.940972464789776
3345	5.779503753224736
3346	6.45058995607381
3347	6.052206714606427
3348	6.037503076103953
3349	6.154801565270025
3350	6.424484830276862
3351	6.006869667236938
3352	5.953832671954935
3353	5.932461318497756
3354	6.54604595205104
3355	6.5559728364268945
3356	5.935501791229913
3357	6.294492884444973
3358	5.671001192616329
3359	6.334896815875153
3360	6.267255410164589
3361	5.9939370611308185
3362	5.882853390732225
3363	5.7441938127458325
3364	5.981656874341956
3365	6.4025027411918565
3366	6.461639252894015
3367	6.444441135145332
3368	6.723883055769418
3369	6.2605851034346305
3370	6.678989672755977
3371	6.468495166370785
3372	6.293210655934021
3373	6.266918394896007
3374	6.500124066813694
3375	6.295261910866524
3376	6.522066491548821
3377	5.872715383328598
3378	6.741655304944885
3379	7.165766322816442
3380	7.0723287537029496
3381	6.490868705355118
3382	6.405692269317222
3383	6.692531373572049
3384	6.503347076236812
3385	6.2246902844223655
3386	6.643989435236604
3387	6.81718243542763
3388	6.641180789657203
3389	6.453155134084191
3390	6.535570700930913
3391	6.819491248679853
3392	6.699809693148741
3393	6.4812363946656095
3394	6.70882117235432
3395	6.741860537761443
3396	6.601619701312463
3397	6.668653793149529
3398	6.329082317772085
3399	6.276240329526093
3400	6.312334187231307
3401	6.5798012240401675
3402	6.97378703381855
3403	6.0432674196862
3404	6.7850919308829445
3405	6.014741430105772
3406	6.341439501958804
3407	6.473654002230779
3408	6.261045272520066
3409	6.397327800790012
3410	6.546675261250446
3411	6.190445619477208
3412	6.504390983846502
3413	6.395524205881642
3414	6.935626514621633
3415	6.73149226193982
3416	6.3712947533570095
3417	6.731423274625314
3418	5.985615092465365
3419	6.756540853783818
3420	6.954742664075628
3421	6.816031777881262
3422	6.688187219787597
3423	6.800216552855034
3424	7.06864532685035
3425	6.970804302800798
3426	6.232029659105174
3427	5.955911612713229
3428	6.475788762768469
3429	6.0795903454919396
3430	6.430066507895874
3431	6.616409323947514
3432	6.201611235327579
3433	6.385483504073674
3434	6.390774045998743
3435	5.938954082085709
3436	5.843679031195775
3437	6.487652244849343
3438	5.935537396840722
3439	6.667946643853482
3440	6.383612016572799
3441	6.131667288432319
3442	6.54749056371104
3443	6.552952168148366
3444	6.1382402530422295
3445	6.429166098405154
3446	6.0604779151544435
3447	6.442133426305265
3448	6.5520901613874845
3449	6.482010142124209
3450	6.704161918647045
3451	6.2759470126587305
3452	6.659582574105088
3453	6.699451489660362
3454	6.3876422857401955
3455	6.139430480844617
3456	6.737436461307476
3457	6.631427800660854
3458	6.305708359279573
3459	6.158862699431154
3460	5.893111182293263
3461	6.049116725489522
3462	6.312629109574884
3463	6.104931057905618
3464	6.685137321107767
3465	6.267439287569976
3466	6.509915828749079
3467	6.551976281426311
3468	6.139226983103429
3469	6.214618242570842
3470	6.280329903006128
3471	6.445961162843138
3472	6.7737145359917355
3473	6.443631668417312
3474	6.740934585198949
3475	6.264197323403718
3476	6.563785626804532
3477	5.90358876345394
3478	6.429807353871738
3479	6.248351006772112
3480	6.152743292255247
3481	5.806232522429772
3482	5.643040823442377
3483	6.346284934158527
3484	5.882102554495162
3485	6.126704844719514
3486	6.197485317697113
3487	5.904801940093026
3488	6.316017751190421
3489	5.939551666147098
3490	6.5404697829138785
3491	6.03787035694409
3492	6.3515838719726325
3493	6.03685843336112
3494	6.254693359131103
3495	6.346620594604458
3496	5.974564361779727
3497	6.1558098078722665
3498	5.848918740207342
3499	6.025802381570077
3500	5.9139186859605655
3501	6.3304391519953125
3502	6.472048822423783
3503	6.097416079659668
3504	5.84056161226757
3505	6.2914157596244245
3506	5.868329993056128
3507	6.512224800984229
3508	6.3347553600931095
3509	6.523679940020631
3510	6.481685928251251
3511	6.248116504488896
3512	6.753248746635891
3513	6.159851558310024
3514	6.610278526642201
3515	6.13728752199114
3516	6.667254198801372
3517	6.19717847307136
3518	6.350137346319438
3519	6.098850465398964
3520	6.532981521465313
3521	6.131934157389588
3522	6.949456249200058
3523	6.185177236986956
3524	6.3189295637445175
3525	6.54943348994567
3526	6.554594770373129
3527	5.929890418499232
3528	6.440975600341783
3529	6.009154547987629
3530	6.461604027235551
3531	6.060433666680011
3532	6.533362829394508
3533	6.473934295444889
3534	5.885790763880613
3535	5.80798426464136
3536	6.262805319107547
3537	5.942353898369725
3538	6.34079698392213
3539	6.288347202465438
3540	6.013377581274113
3541	6.48858038862084
3542	6.251320311862277
3543	6.328726189552855
3544	6.456949558008112
3545	6.097866095936126
3546	6.052985258681313
3547	6.33601924963189
3548	6.382895245704718
3549	6.400075915773424
3550	6.8157729508595
3551	6.103322616453153
3552	6.267233476828654
3553	5.863884765047214
3554	6.173306831471384
3555	6.609496291229923
3556	6.592628788262353
3557	5.846569524297973
3558	6.372101852651381
3559	6.463586251434607
3560	6.589633522051819
3561	6.698507315655666
3562	6.5775258158439796
3563	6.59129594509214
3564	6.397224514451118
3565	6.165542301280203
3566	6.5312725267846705
3567	5.944211219047637
3568	6.083653608290164
3569	6.118429281117739
3570	6.246343801027049
3571	6.371878799313567
3572	6.308924303205954
3573	6.563451300408218
3574	6.810414812124817
3575	6.514386364612928
3576	5.881382088612665
3577	6.316673121966562
3578	6.484962927055421
3579	6.234790903997506
3580	6.099765894712968
3581	5.997896431846515
3582	5.892717524415647
3583	6.071069920309019
3584	6.446795656172785
3585	6.128181541768683
3586	6.108453537536293
3587	5.628895898029537
3588	6.637983682526878
3589	6.597748277451204
3590	6.177658605697081
3591	6.5383554919238405
3592	6.109077589162014
3593	6.337687007429207
3594	6.078178128099344
3595	6.289129909037043
3596	5.941637279282394
3597	6.416017243820184
3598	5.793307995444339
3599	6.538966907704678
3600	6.153491056002281
3601	5.651687809780379
3602	6.579400981093955
3603	5.889514987867243
3604	6.118374758898253
3605	6.368544403436633
3606	6.292351435981307
3607	5.978970358102728
3608	6.1052564207100275
3609	6.234389865367402
3610	5.919279946705392
3611	5.836070413771539
3612	5.9821815460490635
3613	6.092630983692766
3614	6.115142857712817
3615	6.828826976459999
3616	5.988112503635593
3617	6.314946557466252
3618	6.570399432700806
3619	6.924026814295536
3620	6.562861133107403
3621	6.215408887827052
3622	6.111591323505273
3623	6.152834225525808
3624	6.42849336067669
3625	6.42933933019159
3626	6.026138368261227
3627	6.59158559783311
3628	6.547720458483318
3629	6.201096521640168
3630	5.86322610124212
3631	6.295759221349662
3632	6.4623138887420275
3633	5.982100903175995
3634	6.355455324271363
3635	6.3113070282976285
3636	6.400109190223162
3637	6.39377627475646
3638	6.305581623367801
3639	6.221210050892012
3640	6.82889596789561
3641	6.413968457963194
3642	6.473357673286058
3643	6.383742655133704
3644	5.981850122633241
3645	5.898113934251256
3646	6.35049249151765
3647	6.234013489383464
3648	5.786060448015533
3649	6.782480189055787
3650	6.417409208073577
3651	6.0572579192657905
3652	6.140641995595654
3653	6.2490920142392925
3654	6.20013777690297
3655	6.076683397686645
3656	6.496381304450856
3657	5.652515453853922
3658	6.432944565983391
3659	6.0796635305424696
3660	6.196138497263405
3661	6.269585772999125
3662	5.679713731578486
3663	6.590778817156108
3664	6.372276431982986
3665	5.756150095020334
3666	6.12512482447087
3667	6.121671297123832
3668	6.041158387344145
3669	5.928167761289806
3670	6.15949957633119
3671	6.372501567853506
3672	6.422457275255368
3673	6.257454082693556
3674	5.986494424155722
3675	6.536441400480777
3676	6.114108786836446
3677	5.97018287246093
3678	6.5186397522756625
3679	6.1552750345955465
3680	6.472185978422616
3681	5.825648681719342
3682	6.064826379853854
3683	6.453678058602169
3684	6.377606740848128
3685	5.8209048236717384
3686	5.859235159221153
3687	6.380240784232491
3688	6.221173931764996
3689	5.965095111515578
3690	6.152066168406275
3691	5.857082896333052
3692	6.485769149229211
3693	6.005630704034048
3694	5.696537278348793
3695	5.528348337529216
3696	5.932930160980111
3697	5.946003370121198
3698	6.220080396448799
3699	6.372012106949415
3700	6.079481932885986
3701	6.16877655867453
3702	6.391400703193837
3703	6.287375744275199
3704	6.189503812458275
3705	6.377177942991749
3706	6.311987008118961
3707	5.995482976110476
3708	6.342989075642739
3709	6.612987146067587
3710	5.941323536586327
3711	6.500380984556137
3712	5.974324250867137
3713	6.682081273566203
3714	6.438544899008762
3715	6.381362089836343
3716	6.249633335531587
3717	6.146825768469157
3718	6.622454677555475
3719	6.353282449033242
3720	6.432551364149906
3721	6.657193910410057
3722	6.615550391482253
3723	6.460613608664639
3724	6.5938906550444
3725	6.220303113305866
3726	6.930779491348464
3727	6.405409607328518
3728	6.672819555450005
3729	6.363675831926545
3730	6.157161624731709
3731	5.969490230606881
3732	6.253962607990647
3733	6.503628449135033
3734	6.243782896388406
3735	6.403790457823155
3736	6.147907071125965
3737	6.446445050215634
3738	6.3965438720164345
3739	6.748034980067595
3740	6.559879157863799
3741	6.426801876468105
3742	6.776258237364418
3743	6.425023612511809
3744	5.9557745495021335
3745	6.196563076684386
3746	5.977555015486731
3747	6.325382707562875
3748	5.595058048494138
3749	6.575059523499961
3750	6.516158753193116
3751	6.473907708616716
3752	6.214998906567674
3753	5.629600565766057
3754	6.258339184334277
3755	6.07098341569045
3756	5.940410738668875
3757	6.252940376387432
3758	6.3982474139319105
3759	6.157498277632821
3760	5.719222378269491
3761	5.778794552802916
3762	6.75546128821192
3763	6.255452512025264
3764	5.727234688275667
3765	6.395193426278821
3766	6.135220860108822
3767	6.3550112606126525
3768	5.838976739203166
3769	6.038217325421233
3770	6.127053836203801
3771	6.054943033934526
3772	6.052052984585947
3773	5.850011260515403
3774	5.735833104915809
3775	6.388076662553306
3776	6.355323071564271
3777	6.092249911315613
3778	6.789928736146497
3779	6.030990590663205
3780	6.297349614115453
3781	6.238014090531093
3782	5.980151929989612
3783	5.637436967848687
3784	6.197851104994082
3785	6.472135824383329
3786	5.535099647637412
3787	5.969780368051626
3788	5.941059353853575
3789	6.513329098886783
3790	5.848303088452432
3791	6.262828801638079
3792	6.037819969216865
3793	5.856352210573322
3794	6.095247367327739
3795	6.096679406952199
3796	6.32279505563994
3797	5.947592218953269
3798	5.869629714784391
3799	5.679258508134956
3800	6.284412383035201
3801	6.214244207226042
3802	6.041832763968751
3803	6.043926894247291
3804	6.270690068798921
3805	5.9511966238965694
3806	6.437151907081056
3807	6.079432838865819
3808	6.307614002241967
3809	5.8795657091402616
3810	5.915275984715562
3811	5.816602237431754
3812	5.663810146575001
3813	6.2298562321801105
3814	5.548515008852449
3815	5.957267352468179
3816	5.9406265839464245
3817	6.005363138518653
3818	6.172337166123878
3819	6.154644197089943
3820	6.750252782048505
3821	6.069506981555086
3822	6.174739091979567
3823	6.186577707775225
3824	6.744087198256097
3825	6.689536470408732
3826	6.34525543667937
3827	6.4745120192842105
3828	6.51510611727546
3829	6.333055194761769
3830	6.266088889219164
3831	6.395273232939376
3832	5.910875288730641
3833	6.2517046858696785
3834	6.339820891502729
3835	6.508754798341747
3836	6.49354582223525
3837	6.486118549813489
3838	6.18761523007636
3839	5.99221236949825
3840	6.631106136630279
3841	6.311670893523185
3842	5.865545796073866
3843	6.6109477523979105
3844	6.208766896809849
3845	6.618872308312978
3846	6.472576545090197
3847	6.249291061412236
3848	6.65232319215843
3849	6.048268722100909
3850	6.060077433209241
3851	6.713852258762236
3852	6.82495462337924
3853	6.286128917195886
3854	5.478865349086203
3855	6.159125767561189
3856	6.100255195972528
3857	6.269518072163126
3858	6.155806473666348
3859	6.4258750031659835
3860	6.600160039137289
3861	6.73079192559615
3862	6.6321605764031775
3863	5.980391599403358
3864	6.890167865454224
3865	6.041593884662128
3866	6.235315332544123
3867	6.27461826291698
3868	6.6376712222837835
3869	6.455205812723254
3870	6.418937992837173
3871	6.361706788335199
3872	6.231289140163574
3873	6.467064482232039
3874	6.163229813882996
3875	6.681558132801031
3876	6.87839731574739
3877	6.608000051610348
3878	6.634483080584849
3879	6.6539524409356705
3880	6.620785212793638
3881	6.7989929722439575
3882	6.63600020289615
3883	6.5837150323665465
3884	5.972610032294003
3885	6.318594067607027
3886	6.09706199812189
3887	6.911544196117971
3888	6.218911448641004
3889	6.1878017333550694
3890	6.496774472668151
3891	6.431072182511993
3892	6.3488840969129585
3893	5.778207327405728
3894	6.409488469636823
3895	6.459387724028189
3896	6.545628439906202
3897	6.088124547383115
3898	6.188781580251475
3899	6.236769269099704
3900	6.18041416427677
3901	6.0966955075740685
3902	6.3190329317986444
3903	6.38861242508507
3904	6.538437019605557
3905	5.9611539134628035
3906	6.34396020553361
3907	6.329290855201037
3908	6.41689237792874
3909	6.189707097592344
3910	6.027298015516784
3911	6.109890087210444
3912	6.252402762879254
3913	5.801285892178878
3914	6.102807891573002
3915	6.092521749373287
3916	6.174986386785662
3917	6.667275798328141
3918	6.294231867063058
3919	6.312157845948102
3920	6.56610419811881
3921	6.582878997184137
3922	6.143718770900155
3923	6.251773401995969
3924	5.8971976492241565
3925	6.2084434131929545
3926	6.352655361143449
3927	6.172185458485144
3928	5.831213429659151
3929	6.3159504210327375
3930	6.182750824750441
3931	6.852525515904754
3932	6.138466576247637
3933	6.393970186123338
3934	6.783731392108256
3935	6.459318696055566
3936	6.59382119043589
3937	6.310010266158297
3938	6.855358037322927
3939	6.606893793952162
3940	6.5516975173535785
3941	6.335036984563751
3942	6.719531150561456
3943	6.262341528254223
3944	5.872473873525112
3945	6.42906345274596
3946	5.957162017038333
3947	5.850980471387814
3948	5.880979087616872
3949	6.3571194680644
3950	6.451571746517487
3951	6.237979250842021
3952	6.356433256360737
3953	6.623853383294651
3954	6.848559782735064
3955	6.5898786187622
3956	6.3056527661035515
3957	6.450527313274342
3958	6.641598030529826
3959	6.052659971539879
3960	6.127499784100287
3961	6.157262329880098
3962	6.381771470700237
3963	6.443483418352697
3964	6.110646232149492
3965	6.194057837684021
3966	6.009220144334422
3967	6.726080179512267
3968	6.527575568862528
3969	6.7156446984908955
3970	6.667536537166977
3971	6.212063743904922
3972	6.363224999835369
3973	5.916729442479783
3974	6.271503844039125
3975	6.758513120026619
3976	6.328595491985624
3977	6.125724095584791
3978	6.584160616857332
3979	6.390313692363556
3980	6.444594710357151
3981	6.160137505732611
3982	6.22033283200175
3983	6.263836405994552
3984	5.997115089665637
3985	6.217923945977391
3986	6.689500546167615
3987	6.51919957728993
3988	6.348475414066653
3989	6.326958176067407
3990	6.764027427991856
3991	6.339019622944579
3992	6.622513677291747
3993	6.148446715217175
3994	6.579922374312784
3995	6.450979084439037
3996	5.624955659633384
3997	6.336900858891418
3998	6.226044756115624
3999	6.188388191625755
4000	6.1537099979152865
4001	6.645106641984759
4002	6.316512422515776
