0	49.80861857966617
1	46.421287204694615
2	45.808214282006674
3	45.56555812952738
4	44.49840565752367
5	46.274583738203
6	45.25377974264463
7	44.286428799937596
8	46.69148646696609
9	44.463852821075704
10	43.066652225258174
11	43.66192935038573
12	44.05880620234999
13	45.538434502558
14	44.549601609790614
15	45.365128275238334
16	44.39119163045543
17	43.62140798342333
18	44.06598448354011
19	46.4044593338449
20	46.37043935756489
21	45.68700761259198
22	45.30847879239359
23	43.7460589886377
24	43.54599893794246
25	45.04056249176119
26	43.03389664335117
27	44.64345096398055
28	44.324515185354116
29	42.46350442246223
30	43.31817257569982
31	42.67735913877131
32	43.83261589091367
33	43.251764851044975
34	43.85996958586431
35	44.59422666533221
36	44.740182422949914
37	43.49438826552442
38	44.74629529264744
39	44.179902075523465
40	44.68427087514629
41	43.80713263582378
42	43.68417665603523
43	44.607743461601295
44	45.48174306542109
45	44.44030334980448
46	43.14653351638897
47	42.95894649304498
48	44.13789680158094
49	44.10535040733387
50	44.37018543112159
51	44.89808766385616
52	42.935053734390785
53	45.35835591652557
54	42.00270055954362
55	45.660129511261935
56	44.32010729245959
57	43.68541122169771
58	43.38439052727857
59	44.142810090438665
60	44.72475261907423
61	44.1862722326507
62	43.26283055268984
63	43.8408114885525
64	45.07153876447737
65	44.30777772568595
66	44.704655121360304
67	45.854434530721235
68	45.04437375168687
69	45.31962113951244
70	45.38606092471285
71	44.674235157797064
72	45.294182466630566
73	45.08513059333571
74	43.302689008744146
75	45.64393026119099
76	44.49763342154894
77	42.93860256037988
78	44.01070445815905
79	45.072323890633925
80	43.151569665611056
81	45.06761583617993
82	44.8371115411928
83	43.912994216154615
84	44.87702674315737
85	43.72847553515625
86	44.07885260212726
87	43.767976027562106
88	43.374676802105306
89	44.10780041147307
90	44.1628498519664
91	44.44285311256439
92	42.498348866986895
93	42.70574509816074
94	43.999903045016076
95	43.65491069406208
96	43.91662411671998
97	43.284652167946874
98	44.36070270661988
99	42.09276524295229
100	43.32429330421756
101	43.93484724766748
102	43.63428365541413
103	44.67654234936243
104	43.67023236002524
105	43.29139126312936
106	44.96480418072844
107	44.053180520181826
108	44.61685746897458
109	44.34107720828923
110	42.898719199758716
111	44.93149082539803
112	43.36426511959774
113	43.9397440234581
114	43.63742966708564
115	43.06937079655043
116	45.7393067268824
117	43.70109346002624
118	44.96506053414678
119	43.28447373051092
120	43.16709569271339
121	43.76215632097698
122	43.35563345077645
123	44.85370141917285
124	44.3785716263417
125	42.74070004548566
126	45.03172845885694
127	45.15955987070278
128	43.99367215868594
129	43.89987412999356
130	43.833204019641606
131	42.44043183698795
132	43.82176664261797
133	43.99947005015322
134	43.142780359878486
135	44.45308305695832
136	43.516087587978994
137	43.16212119659548
138	43.63113776858072
139	42.86722749690654
140	43.89413443890576
141	43.017559784316425
142	43.04626625937664
143	43.56371345552244
144	41.68261700611013
145	42.04262461050359
146	43.559343251772134
147	43.91281836857279
148	43.936076967069766
149	42.72061223616826
150	45.13885326008747
151	43.913684692558256
152	44.851856002410756
153	44.51119132775171
154	44.01298369240529
155	43.1665143851122
156	43.47982983157305
157	43.05664620736768
158	43.724947159344744
159	44.42640918841295
160	44.02205447712618
161	44.599168755401855
162	42.712657466346485
163	43.174527292559326
164	43.88227074368061
165	43.25025217684891
166	43.86704382550147
167	43.88591761158521
168	43.80907162105878
169	42.66883318915827
170	42.69001860764529
171	42.475613187464525
172	43.090636204207144
173	44.12975095666105
174	44.0685297653351
175	42.78636862084913
176	44.83986585568386
177	43.452456266695336
178	44.50922243406238
179	42.94176303266867
180	43.316740977903486
181	45.085044367061336
182	43.86261394752581
183	44.96719930129819
184	44.65875529808494
185	44.61610768454035
186	43.87997911343137
187	42.99366177923553
188	44.23240913945492
189	43.99638979470421
190	44.22862704627595
191	44.457721383580115
192	44.47590406626694
193	44.58231762745562
194	45.378950807161985
195	44.091256105048785
196	43.80881881472389
197	43.698156621451744
198	44.66214438053384
199	43.16237907341199
200	43.30595633543946
201	44.357476989362596
202	44.01063611988354
203	44.66972391976593
204	43.997805764362866
205	43.41196233564268
206	41.08663032116027
207	43.74341604410808
208	43.96648269385581
209	43.85028933966581
210	44.65712121838912
211	42.94775813708534
212	43.391671689539216
213	44.68968228396008
214	44.740625836971695
215	43.69868092530048
216	43.22249825775584
217	44.19018881339979
218	43.35438937746242
219	43.244754165627306
220	43.86200770443963
221	43.829786262032286
222	45.163293419052124
223	43.931379041279186
224	45.168338430926106
225	44.87484163115112
226	43.45591136855666
227	43.909061065513264
228	45.6093591411226
229	44.34735652787277
230	43.85303975234963
231	43.85089232204063
232	43.02869776903937
233	45.196876183716235
234	43.03338643914375
235	44.476054072897
236	44.77665473509369
237	44.404566524020595
238	44.16050102977448
239	43.360358530618306
240	42.81459434034524
241	44.07177797047214
242	44.20404860599972
243	44.547856228690996
244	43.39692245280127
245	44.551084509841026
246	44.37159405523007
247	43.5956571621703
248	43.17570934184795
249	42.664566648325355
250	42.584917728839336
251	42.18573340270385
252	43.71260774220097
253	42.17222059851632
254	43.134404275314054
255	44.22571517867311
256	42.69877474961567
257	42.670260463174294
258	44.78669925274308
259	44.558324193997855
260	43.761655233197764
261	43.380056065622576
262	44.42602803704293
263	43.20789184475217
264	43.60235955548507
265	44.11927581096195
266	43.17892655006313
267	44.04443553105967
268	42.410832286109255
269	42.59860079646071
270	43.87826355377028
271	45.71308259471882
272	43.56302236734367
273	44.851644577282045
274	43.62468584296846
275	44.736859785221654
276	44.37735098274905
277	44.10132546825303
278	44.058244948264665
279	44.29416984845186
280	43.27719011262732
281	44.93060701461919
282	44.53694219493054
283	44.101970147616
284	45.885153790016794
285	44.182346459420714
286	44.03367294321248
287	44.95558850644865
288	45.18806726565041
289	44.193976868775955
290	44.36483765667465
291	44.13731142838787
292	44.38782030665926
293	42.83752489421798
294	42.80715262237098
295	42.66514857573997
296	43.00301314035037
297	43.67415673736424
298	45.16712750643552
299	44.11737659693258
300	43.43004240498923
301	44.509589402269214
302	41.59536337350305
303	42.9876742680254
304	44.68644713087727
305	42.81472888856509
306	44.000327334724396
307	43.140520720714186
308	42.59140856337954
309	43.32633744534055
310	44.34577025199767
311	45.262334923260944
312	43.60798975482052
313	45.25418859863342
314	43.7856847742788
315	44.035638354119236
316	41.92662269285072
317	44.71298719726731
318	42.50070876679857
319	42.493520340578314
320	42.653186127923576
321	43.52364012306284
322	43.326158942156205
323	44.362408472100526
324	44.705331703217226
325	45.569559342469795
326	46.063716664261825
327	43.33505639629489
328	43.34433886841828
329	45.20339994038259
330	44.65415265130333
331	44.50213983003539
332	45.219952643787785
333	44.414882364081606
334	44.738715162984654
335	44.10623046256277
336	44.02730374511744
337	45.28127364125103
338	44.04613871976052
339	43.956478766989484
340	44.661035478299304
341	43.15085855018614
342	42.67917969568355
343	43.09814326263411
344	44.25076515736287
345	43.535864489806954
346	43.13531342766194
347	44.509303574683784
348	45.2639422546863
349	45.49806334572045
350	44.08488358668503
351	44.322202069151025
352	44.4592526065177
353	45.41842515008226
354	43.93278246000051
355	44.04614323922289
356	42.993045049252984
357	43.76616644022922
358	44.50732337379851
359	44.97439510855966
360	44.60041058570869
361	44.32148322838004
362	43.2827746959409
363	43.86374932401384
364	44.85222614786781
365	43.38725901481858
366	43.08056662567557
367	45.27050945923045
368	44.830425623657675
369	43.15552255635365
370	43.378544675822475
371	42.46952731902037
372	43.4793623635099
373	44.5219524666205
374	44.15680836250027
375	43.61174302548473
376	42.63300738679234
377	45.00735449151096
378	43.959579986683636
379	43.238233566899254
380	42.51819982991572
381	44.64521647288458
382	44.94529222959986
383	44.548857431216035
384	44.21222631887509
385	44.28869352517955
386	44.561610585635805
387	43.31825838555221
388	43.44222900152362
389	44.97839353647991
390	44.749429137155666
391	43.117798790279934
392	43.920093610318574
393	43.59555775140967
394	44.024264042619734
395	44.38239863214667
396	43.19999968780211
397	43.68165656708713
398	43.59522546999799
399	45.51382604608493
400	44.34639594085737
401	43.075327884399286
402	43.8313774882212
403	43.41276761132799
404	43.39953101597463
405	43.88832426145859
406	43.407347128090294
407	43.05444637657758
408	44.48352654486328
409	43.7235145655379
410	42.821689214529854
411	43.85954949431976
412	43.901502496704644
413	44.06233261626897
414	45.12773780741519
415	44.476788516296665
416	43.9617540042778
417	44.71737273065891
418	43.89268047172629
419	42.48912136035861
420	43.91459633260645
421	44.24394707609418
422	43.98615480907913
423	44.133906189136496
424	43.73048073587349
425	43.6505005629507
426	43.29637957805139
427	44.66064332199155
428	43.989300257423544
429	43.797197386739015
430	44.035037189372275
431	44.610734767092794
432	42.74291748617289
433	43.14773561839952
434	43.271047955951865
435	44.527738199962954
436	43.65948520659441
437	43.997840297629054
438	43.403369215764755
439	44.094432777576394
440	44.71926229741385
441	43.839402003346265
442	41.92313780675575
443	42.35979289259036
444	43.11904832537304
445	44.22944726266188
446	43.79059038072281
447	42.746677683343535
448	44.429252871823195
449	43.60043308939741
450	42.847555677457905
451	43.143085282959994
452	43.48459694650823
453	42.782490473556145
454	42.77603113535985
455	43.705686875158726
456	44.098543589743585
457	43.96741605164695
458	42.98909742555051
459	42.48654144655373
460	43.61853127983207
461	42.5484024496664
462	43.54040805712027
463	44.0664645575209
464	43.533973057531725
465	43.533266907962684
466	43.53677262665972
467	43.460518156951245
468	42.79600460279095
469	44.71290411386335
470	44.54537692356449
471	43.68672728573628
472	44.31323132256456
473	43.811618558637
474	42.746215661613824
475	44.14825005058502
476	43.16532803104674
477	43.406253518337294
478	43.63967433197919
479	42.633866940537466
480	41.849668652904825
481	42.927449712135875
482	43.83598073542277
483	44.47254561205728
484	44.10697860444681
485	43.3477915183067
486	42.799679490835025
487	44.168127410831445
488	42.520019893850446
489	42.96730065909115
490	43.27808045784962
491	43.63140602571202
492	44.061060294774265
493	43.29601202538449
494	41.29224927411849
495	43.36717747905982
496	42.38909687573044
497	43.140564546776254
498	43.080846920925694
499	42.10492409036812
500	43.19703677360705
501	43.68365748779407
502	43.447454702510385
503	42.44941129781575
504	42.59332272833371
505	44.23147639756531
506	43.980327568247525
507	42.2577245814114
508	43.807505604847286
509	43.96490337641614
510	42.56515726716639
511	41.98106430147698
512	43.00478881097174
513	44.01983186008509
514	43.44604463794178
515	44.358319081954065
516	44.073742627847246
517	43.237587855417765
518	42.08275590355067
519	42.13332704738623
520	42.20246072690951
521	43.02401078258854
522	41.85116811089324
523	42.91457457780829
524	41.195577793496454
525	42.49032699544915
526	42.404461772325014
527	40.91828869556885
528	44.00149850429839
529	43.610402319858096
530	42.93038845900889
531	42.39815555295501
532	44.27179001572584
533	43.46439694276181
534	43.588885877714716
535	44.44262531811073
536	42.777137202284806
537	43.77494729036565
538	44.85442909461241
539	43.74571149852453
540	44.01131823148213
541	44.5200551723574
542	43.754103187910566
543	42.61381207186975
544	43.128962834237186
545	42.48006528286595
546	42.96046211632859
547	43.82057886277468
548	42.95534697787053
549	42.21931726185589
550	42.65917880618941
551	43.245619510394
552	43.757783819060435
553	43.971378655553266
554	44.029389629075496
555	45.55995492159659
556	44.73095922022042
557	44.23084842865178
558	43.99563969047526
559	43.93750572396134
560	42.71755986893108
561	44.479883819825176
562	43.50464531988783
563	43.639602976271405
564	43.37323687528449
565	44.098988435816565
566	43.273469602504406
567	42.65903852724943
568	43.34333182932228
569	43.68121383907877
570	41.94337595547939
571	42.07923392616302
572	41.269319938584395
573	43.7156063991784
574	41.692444507864295
575	42.79964275000424
576	42.774747830043694
577	44.91483502062535
578	42.72479462338889
579	43.2144113759952
580	42.62019653041855
581	42.487938911668664
582	42.38431847559818
583	44.12767616106088
584	44.38933403172892
585	43.81492884234605
586	44.00437245339706
587	44.62221580846179
588	43.126766012949346
589	44.99466849435104
590	44.56206282042103
591	44.49146446762586
592	43.28088939427921
593	44.63284686051601
594	44.081191970349074
595	45.07440653699321
596	44.24870761795193
597	43.951777030638276
598	43.37138318714078
599	43.320185264895436
600	43.876791671057696
601	45.27973749765308
602	45.73006580207407
603	44.43082831292271
604	42.9668033166763
605	44.66245567913569
606	44.46942862446724
607	44.498363362796994
608	42.54435809200803
609	43.99648012613281
610	43.60242370642389
611	43.5768962905328
612	43.65629772295942
613	43.8848679671339
614	44.16032412933623
615	44.53044399631869
616	42.95782947791283
617	42.85471365622981
618	43.13125420670012
619	43.80256378351036
620	42.21347440478942
621	42.4600593787282
622	42.95797714124808
623	41.71180620061173
624	42.622139308427016
625	41.990626431087755
626	42.835913439078546
627	42.23593021307433
628	43.023307115721586
629	44.45372972171421
630	42.68686076875257
631	43.05869162293576
632	44.550620790785054
633	44.304700767075175
634	44.008129320637615
635	43.884979527564326
636	44.92754273844044
637	45.09388615021529
638	44.91482739315944
639	45.08019045596485
640	44.336516533408506
641	44.60741489321333
642	44.293522237307535
643	45.28804649509063
644	44.259480443496294
645	43.72863771015925
646	43.414087914697404
647	43.63948729062432
648	46.2559523426091
649	45.124868021745904
650	45.91838782630557
651	44.2530467248092
652	45.48357742890258
653	44.70453151494141
654	43.91993973272969
655	44.1977583462352
656	44.24171736117539
657	43.92451017338049
658	44.05869401076959
659	43.27821453748734
660	43.32468575085105
661	43.047325420348045
662	43.759928809009125
663	44.122511169599306
664	44.45074694474372
665	43.530831782442
666	43.48740912092067
667	44.04751965869033
668	43.92583208294402
669	43.63896373942905
670	44.32934998428301
671	43.9733410332047
672	44.53707141706341
673	44.5332184738288
674	44.6118258859413
675	44.17716402524893
676	44.90374955231672
677	45.80040394504799
678	44.811310354419035
679	45.481232730364944
680	43.709900153468304
681	46.33466917623528
682	44.28968400740401
683	43.486604160501294
684	44.56589034250869
685	44.46063620870835
686	45.10160914700405
687	44.64191043081052
688	44.32954273380528
689	45.64771545550798
690	45.24110545986468
691	43.804772491655584
692	44.760894326335446
693	43.862848786215714
694	43.83055352480418
695	43.68259729045401
696	44.45991108494752
697	43.59216748151146
698	42.85319093099769
699	44.113535182716426
700	44.645581942999364
701	43.66673025542712
702	44.87338427566977
703	44.32519505782048
704	45.069182328407074
705	44.84274153355099
706	45.32208499789967
707	44.59927634128417
708	43.14513088294562
709	43.49493390298044
710	42.568987601700236
711	41.91817301527301
712	43.24420813174206
713	44.09400821674091
714	43.226131803615644
715	45.47019875737092
716	45.44717704114037
717	43.58452665925365
718	43.68518962444464
719	43.125944078065636
720	44.14863200515307
721	45.4256037089646
722	43.81707301491225
723	45.97596110608537
724	44.19830163726078
725	44.03600234965725
726	44.98561554988317
727	44.48837541085545
728	44.79971093790759
729	44.81822753690905
730	44.52301755440708
731	44.62403115768021
732	43.65880190172338
733	44.58338438008924
734	44.570609472794104
735	44.81797741507603
736	43.028388141381356
737	44.65384368709282
738	44.33871337440802
739	44.899871164528285
740	43.13533058771931
741	44.07149198488843
742	43.10723679174576
743	44.03092135511544
744	44.61749482903775
745	43.916132662443665
746	43.80409629222953
747	44.47478801635363
748	45.214028493624
749	43.830914953839695
750	43.52319080740171
751	44.450640319897815
752	44.238583571066506
753	44.248310277798204
754	42.74390405695511
755	42.30253580653959
756	42.984718440722425
757	43.54647266611443
758	43.60782874678499
759	44.17149287335811
760	44.80651814471891
761	42.64074713981158
762	44.35278157474436
763	42.580994446628914
764	44.29724617200224
765	43.51129084983798
766	44.99402351072826
767	42.25477490613016
768	43.48234492066164
769	44.69745056429064
770	42.76101881047401
771	43.243266635269244
772	41.69293763501922
773	44.113533556056886
774	43.20686797295367
775	43.25387744005185
776	44.03130798077958
777	41.73017731195565
778	41.933421728551615
779	42.64632935990918
780	40.784460157346516
781	42.18505582141781
782	42.37293322455197
783	42.681397971472165
784	42.85942879142647
785	43.374948000292406
786	42.77565720743668
787	41.67715827245999
788	42.58437290841666
789	43.12311859915992
790	43.81037047807224
791	43.99683888847324
792	44.0877735131383
793	43.22942595026401
794	43.36216707613519
795	43.03019675345134
796	44.558014113166884
797	43.41156408381987
798	41.71311286910846
799	42.5528337710868
800	42.27654247630167
801	43.06868450580003
802	45.38974012809123
803	44.273828463400086
804	41.82173119599691
805	44.55386113185659
806	43.95122817063297
807	44.540991153421096
808	42.946320610597745
809	44.293556908234756
810	44.63835435746134
811	45.23634312423276
812	46.325140367340616
813	45.85124651979713
814	44.46608094168664
815	44.36259839735165
816	44.40846218357368
817	43.72169217959855
818	45.439271369396444
819	45.52843331834503
820	46.72194918780323
821	44.779943021110114
822	44.929561162478
823	44.641310499720795
824	45.288716867138625
825	43.95376173667395
826	44.31327716261102
827	44.63126834585105
828	45.30235946205771
829	45.9265888497295
830	43.088169935054516
831	43.214924677250124
832	45.088260559647615
833	43.9148497702039
834	43.847534814654296
835	44.64641963355106
836	44.84247301680125
837	43.46849673566576
838	43.55061823118998
839	44.51704501860181
840	43.09752550117923
841	44.09399596412034
842	43.348817100035966
843	43.727761053717785
844	43.11949431847061
845	44.727957471729276
846	44.00949692962573
847	42.334539342704936
848	43.57834639438471
849	42.87334569234973
850	43.541434380864125
851	45.49884094811632
852	44.0791281002499
853	44.641246805991905
854	44.74451267382581
855	43.16032375534723
856	45.92126745531131
857	43.561667791646904
858	44.02145222640968
859	44.315135185468016
860	44.077304582004835
861	44.86035612958999
862	44.04764769089306
863	44.98148147180906
864	44.93151336052053
865	44.57446755981736
866	42.37070803932036
867	43.41429617049467
868	44.25622549867219
869	43.99403705297274
870	43.588037192492536
871	45.13770334813555
872	43.5577842200687
873	42.642455732264416
874	43.73079865829674
875	44.01273545847808
876	43.79720275999578
877	44.07103185972364
878	43.316888249252386
879	44.53490322814993
880	43.64788738571658
881	43.911430219057216
882	44.2047872981522
883	43.872465273097866
884	45.489234859725116
885	44.484675039966994
886	45.686429816329266
887	44.009736005769454
888	43.35934440379841
889	45.7930472583532
890	44.6153519698441
891	44.216548391581654
892	44.23208131691915
893	43.6666244995665
894	44.76377135583402
895	43.16116534473197
896	43.70430760391294
897	45.060099033559645
898	43.577581075045565
899	45.40188257632286
900	43.761222100705716
901	43.17407897252853
902	43.62619474506199
903	43.59224490673543
904	43.92391941715386
905	42.87676185308777
906	43.216717052366754
907	43.3328884698025
908	43.529602617206436
909	44.846249546200504
910	43.50797159507586
911	43.90922376150665
912	43.59346218778381
913	44.13570814242732
914	45.57959092688724
915	45.368843701401865
916	45.203904204763475
917	44.08520279633474
918	45.17889237769742
919	44.11259198195153
920	44.501040546036926
921	45.502832213657015
922	44.94866128879514
923	44.64257080920855
924	44.60149608855021
925	46.12721726301524
926	44.73532438275446
927	46.239610066265755
928	45.17088224960983
929	44.003166545171965
930	45.71278761690684
931	43.86408773321598
932	44.22612585785695
933	44.854906420595704
934	44.42600946704577
935	44.666023173551636
936	45.167926765209636
937	45.36895867184583
938	46.68900618042938
939	45.265717887368076
940	45.68462567097668
941	44.98303594331305
942	45.101802518260534
943	45.21234979536936
944	44.660915038922084
945	43.62479780206147
946	46.10357817319073
947	44.94793903780605
948	45.0319825077721
949	44.69422885001554
950	43.40334687137041
951	44.82659801882953
952	44.94355391423242
953	43.67541158084839
954	43.94987006043648
955	43.98527207172893
956	44.45934528545357
957	44.27204004008391
958	45.78861628781198
959	46.30757547892949
960	44.77196228732564
961	44.81452765720561
962	43.752572705021976
963	44.226223289547896
964	45.32518290754117
965	43.573762437256605
966	43.53236487037562
967	44.29165133712451
968	44.00196171987937
969	43.037897465340514
970	44.10224856079981
971	44.51486303466792
972	44.66807963579763
973	44.160558112525514
974	44.254566909174486
975	43.68975741115168
976	45.17214513564797
977	45.445744797827956
978	45.128004129222774
979	45.43467543794033
980	45.11155056695014
981	44.50428467859222
982	45.154441515040475
983	44.56944883772481
984	44.88474087758145
985	44.600470272752496
986	45.22852889834269
987	45.09531458373241
988	43.903450344109054
989	45.522822100206206
990	44.483946954464024
991	44.63763465699239
992	44.413398192535055
993	46.19213453922407
994	45.824210298756554
995	45.04343719483236
996	44.259364957280376
997	45.15443857702369
998	44.87225236035504
999	44.49140836249924
1000	43.70243658914444
1001	44.763613922853246
1002	44.41611789401785
1003	44.92700012875244
1004	44.17976298981555
1005	43.4441751837705
1006	43.066882598268876
1007	43.04780191985353
1008	43.742186345176265
1009	44.05453264386727
1010	43.621618795149416
1011	43.68777606380091
1012	43.94663962193264
1013	44.12961396052579
1014	43.17799355939652
1015	45.03871005889981
1016	43.305347390528496
1017	43.52068305168938
1018	44.29852506407453
1019	43.808767192442296
1020	44.79862166400046
1021	42.713881061739215
1022	43.691900263634075
1023	43.07196706144451
1024	43.13092494701763
1025	44.12407619444155
1026	44.895285714751374
1027	44.638853903418145
1028	43.26749246948965
1029	43.74501483325106
1030	44.39730034704459
1031	43.97950839376093
1032	45.63396683542756
1033	43.96203759695263
1034	44.36966630080686
1035	45.50025488079086
1036	42.232958814270994
1037	44.19336867020875
1038	44.72753895829299
1039	44.77449390452938
1040	44.69322802870774
1041	45.159438940023705
1042	43.69672921590639
1043	45.266352093195884
1044	44.7651554701224
1045	45.2199801266622
1046	44.74571372876012
1047	44.44051836579159
1048	44.956396374259796
1049	45.58171779457727
1050	45.28113272353306
1051	45.64782085996264
1052	45.688719439853806
1053	44.39791022559489
1054	45.54167316825388
1055	45.03955448336362
1056	43.461873618176774
1057	44.205966693319745
1058	44.19309191585357
1059	42.964976894569915
1060	44.19247991627448
1061	44.909540103438566
1062	45.47021125048461
1063	44.08138057344057
1064	44.556451527072916
1065	45.13178076138228
1066	44.324521355422384
1067	44.92791250278247
1068	42.83631613274073
1069	42.75121380543226
1070	44.57273703919448
1071	44.9346015216487
1072	42.96183665796422
1073	44.50776190780504
1074	44.13342424311898
1075	45.157856464720844
1076	44.50587698044679
1077	43.72460776388141
1078	42.93934129281524
1079	44.3735088166266
1080	44.478365641137344
1081	43.39105116336336
1082	43.82797457536902
1083	44.49731585170184
1084	44.283102596508876
1085	43.442956059634284
1086	43.6598284984719
1087	43.10355836296632
1088	43.131581565771974
1089	43.46283886879389
1090	43.86427464143778
1091	43.95014536027434
1092	43.773067292211415
1093	43.5011409435597
1094	43.93028013969508
1095	43.628763643104485
1096	42.95214539681545
1097	43.865764534758355
1098	43.58171184653739
1099	44.31746566597608
1100	42.508790155685695
1101	43.25748105858324
1102	43.419558379698366
1103	44.14739723506641
1104	42.918416970762394
1105	42.43155488203172
1106	42.95786958001188
1107	42.77788804387491
1108	43.89192691673906
1109	44.092813801613566
1110	44.60961693719383
1111	44.45078697886055
1112	45.223548318035355
1113	43.70543175742627
1114	44.63438067880902
1115	44.362274626564215
1116	44.38835546253571
1117	43.53984355966174
1118	43.67752358738456
1119	43.50337699478922
1120	44.366804117491995
1121	43.796952973161694
1122	45.09618693566873
1123	43.9816908208858
1124	46.52322955157616
1125	43.49212366566352
1126	44.15676226967239
1127	42.198615330946964
1128	43.50011679440892
1129	44.94502448176132
1130	45.22151547482087
1131	44.84287847334345
1132	43.77600582816121
1133	43.479528345351845
1134	45.00033985521641
1135	43.54788948505235
1136	43.06524747457727
1137	43.63064250903142
1138	43.98014801524353
1139	44.27865463153086
1140	44.537916442302524
1141	43.37038054056882
1142	44.711173298531065
1143	42.9667202190767
1144	44.565254551581646
1145	44.37419820300405
1146	45.043055329014905
1147	42.98280291822274
1148	43.49955442597293
1149	44.202846321672965
1150	45.02495291687522
1151	43.590939638996446
1152	44.77178134935608
1153	45.04426318041665
1154	45.71990329562763
1155	43.71686091280292
1156	46.34681849563107
1157	43.47526905411979
1158	44.61370177241444
1159	44.467244393160485
1160	44.56953742727137
1161	43.94633723412965
1162	44.57930688520925
1163	42.56123052526918
1164	42.946961388139144
1165	42.97506260300314
1166	43.27595274549068
1167	44.1503648120064
1168	44.65299239721283
1169	43.665564027198556
1170	45.569025354285166
1171	44.122677009103384
1172	42.76555899106245
1173	43.75730909124382
1174	44.990438801216065
1175	43.16057357379837
1176	43.352728726712364
1177	43.88492396539448
1178	42.76256685217014
1179	43.70246779043754
1180	44.30958115688626
1181	44.188773464483205
1182	43.5755448408471
1183	43.87580336883517
1184	43.137975728451785
1185	42.576152027839576
1186	43.24343717296835
1187	42.44650155155181
1188	44.2020823654269
1189	42.654699385808165
1190	42.71944821813967
1191	43.95281485745873
1192	43.661020584624794
1193	45.53283382825678
1194	44.189946744539846
1195	43.90060931198161
1196	44.34427291819464
1197	44.660869594547876
1198	44.87895309339621
1199	43.45305800371044
1200	45.903189500195616
1201	43.525446237197386
1202	44.39168412118563
1203	44.142828290929195
1204	42.62065279999393
1205	45.548106095462224
1206	45.52158341155724
1207	44.88435778239291
1208	45.3926305436206
1209	44.59135338785606
1210	43.463497973739834
1211	43.71617420640443
1212	42.73329717176591
1213	43.10840139368725
1214	44.37106710885784
1215	43.44199554463143
1216	44.55805134809197
1217	44.13052307543035
1218	44.01984198833437
1219	44.31344064158471
1220	44.64349839399861
1221	44.096688288978285
1222	43.712899102771466
1223	46.09035822527121
1224	44.06948055914394
1225	45.07504717985622
1226	44.991418897222566
1227	44.92643709292875
1228	43.73914024057364
1229	43.66559411833422
1230	45.12072785642833
1231	45.73081432732348
1232	43.448556746331825
1233	43.8956409673278
1234	42.85888911908318
1235	43.39750118661758
1236	43.764918562656746
1237	44.16615780751017
1238	42.85134166306276
1239	43.3576163386564
1240	45.2629580632743
1241	43.79710389454164
1242	43.80071815642923
1243	43.033413882358595
1244	41.48624226406042
1245	42.86246022902543
1246	44.01826198436187
1247	43.617957568846855
1248	43.757702490244604
1249	44.39130674990677
1250	44.44273602146318
1251	43.94218788548493
1252	43.242019686983255
1253	44.36814307939588
1254	44.410619030097244
1255	44.046041179438376
1256	43.77593416984464
1257	44.10040589174169
1258	44.06650541581068
1259	43.89804170650025
1260	43.944941307701605
1261	44.793854614045024
1262	44.679267148658965
1263	44.54383615122699
1264	44.628816027085975
1265	44.29565792264762
1266	44.00036213340999
1267	43.87546896269093
1268	45.48132784910956
1269	45.4253505232696
1270	44.811575001770585
1271	45.20858202909027
1272	46.26639489007845
1273	44.11043150679185
1274	45.37044620365048
1275	44.58676329247209
1276	44.97102115895971
1277	45.234807472178616
1278	45.524145038831634
1279	44.076316400300044
1280	42.92697604661721
1281	44.54110922164922
1282	42.706731415360395
1283	44.644929920420736
1284	44.300913289817295
1285	44.07592195992007
1286	42.30885492265986
1287	43.767206618901746
1288	43.53034615130055
1289	43.26132596788884
1290	45.09850086247975
1291	44.160894157969416
1292	43.9142587990929
1293	42.5821282938277
1294	44.69998139571318
1295	42.54712979991387
1296	42.77308862262102
1297	44.5377193787329
1298	43.75292717417096
1299	42.73503326964516
1300	42.44302226401773
1301	43.52235183797702
1302	43.10506641283294
1303	43.06097173784869
1304	42.75830319357478
1305	42.888276684504135
1306	42.944829028492165
1307	43.58649014997027
1308	43.69970724954023
1309	43.805908535033424
1310	43.53925955087581
1311	45.73591573861588
1312	43.65259299228496
1313	44.927798834537356
1314	43.92115325786092
1315	45.012639467533
1316	44.10980006388386
1317	43.881041399850474
1318	43.4134461827448
1319	43.95812223132432
1320	45.367438162697695
1321	44.87849726802665
1322	44.151734748425625
1323	44.67625733023144
1324	43.88881022144281
1325	42.93610913651668
1326	44.0531096307131
1327	44.92580612008457
1328	45.027800787988056
1329	46.5513917570727
1330	45.39610046471784
1331	44.63467636379453
1332	43.020436470208956
1333	43.100806843112615
1334	44.31949660189888
1335	43.611467308369285
1336	43.85845349738135
1337	43.23991301477389
1338	43.83505098157875
1339	44.59499235926338
1340	44.64297254990831
1341	44.545017633317315
1342	43.35394084152414
1343	44.14076005793975
1344	43.577351133410616
1345	42.841257299367214
1346	43.09242078759106
1347	43.3202711411808
1348	44.80625950680264
1349	42.684077530500666
1350	43.29204181521542
1351	44.624679637870926
1352	45.218170647055715
1353	44.12937831876412
1354	45.6301253408034
1355	45.9833253718999
1356	45.63710363243942
1357	45.21816988673011
1358	44.89225792045149
1359	45.14160119611409
1360	44.80439984252351
1361	46.13905679084554
1362	44.88680856372429
1363	44.708758845303734
1364	42.68848072888798
1365	43.347903892193585
1366	44.02685695527635
1367	43.227362336843996
1368	43.45080695714063
1369	42.6840540300287
1370	44.99423704970579
1371	44.301564475963104
1372	44.60362143985987
1373	43.7082401066965
1374	44.34510293346238
1375	43.78543791897786
1376	45.15002242411691
1377	43.45723631671416
1378	44.485668705990754
1379	45.394596848521886
1380	43.880682574249086
1381	44.19387039088144
1382	45.04363668750195
1383	44.134330507713095
1384	44.46890042608609
1385	44.13501211930522
1386	44.481881304409725
1387	45.46426512861722
1388	45.075744438150075
1389	44.81478350887423
1390	42.92853504715291
1391	44.54071598332974
1392	45.42304151769962
1393	44.63925879891627
1394	45.23862036140987
1395	44.87695375862442
1396	45.13824292467493
1397	43.96861569025069
1398	45.21480397977478
1399	44.3048805172506
1400	43.51154042850005
1401	43.80915566246998
1402	45.54297570355518
1403	42.71350293969524
1404	43.03838866787728
1405	42.792914574628696
1406	42.833423961271066
1407	42.987675032798734
1408	43.970390018219824
1409	45.35534066719758
1410	45.419287092334606
1411	44.31470971453782
1412	44.25964092759583
1413	43.713671803557155
1414	45.3138499228325
1415	44.898192966040654
1416	43.55116173823562
1417	43.77184613521284
1418	43.406042075774096
1419	43.83106354623609
1420	44.91752187511129
1421	44.42509910223524
1422	44.230751072835304
1423	43.801310357884375
1424	43.23784361108411
1425	44.03239941511695
1426	44.80823475668321
1427	46.17093244156398
1428	46.21923529380195
1429	43.93516754686525
1430	44.853174653908766
1431	44.72809383033176
1432	44.59852144634753
1433	44.715842403531795
1434	43.31272995163386
1435	45.08409067805653
1436	44.609984673262986
1437	45.14492881860764
1438	44.314419030165475
1439	44.28434625163394
1440	42.96211707278842
1441	43.1111146158618
1442	45.00768996090543
1443	44.24086464230571
1444	43.7701944274673
1445	43.799159698071136
1446	42.772625037335224
1447	43.453613552753296
1448	43.39774907935015
1449	43.617515167664436
1450	42.064845353719434
1451	42.229206191059646
1452	44.037287775735194
1453	43.20236711931151
1454	45.66410557464341
1455	45.92729847427884
1456	42.79587132097935
1457	43.588572221978175
1458	43.5380944631087
1459	43.914693281486606
1460	43.90052554665268
1461	44.475501776850635
1462	44.748270742026605
1463	42.844571992106765
1464	44.75543821489348
1465	43.47493654965226
1466	44.696209522930815
1467	45.66130379315094
1468	44.87284186157453
1469	45.24053409430814
1470	45.42836515895489
1471	45.74521747559763
1472	45.77484590369615
1473	44.30070219589624
1474	45.033511706136814
1475	43.56449815172685
1476	46.6393070578224
1477	44.976404916450576
1478	44.706581239590555
1479	44.25036733106778
1480	43.97822768983758
1481	43.73325089861434
1482	43.19917029128745
1483	42.94374084149937
1484	44.30386197407176
1485	44.77912750648952
1486	44.1271642873853
1487	41.89713399026898
1488	44.45560360893974
1489	43.29971616471558
1490	46.028605061331504
1491	44.30991653742101
1492	43.47178111678407
1493	43.95550198774155
1494	43.90175614369694
1495	44.09163953916253
1496	43.169554224077515
1497	42.829855804932095
1498	46.19829251535684
1499	45.64702843041063
1500	45.70713909299269
1501	44.44078646852276
1502	43.690393407725956
1503	44.201474175891114
1504	42.70325115965012
1505	44.84445497990933
1506	44.09923756822868
1507	44.30939973569593
1508	45.0625818155581
1509	43.32084328423948
1510	43.928911842534966
1511	41.84529378361337
1512	42.95639850512962
1513	42.60022773952931
1514	44.3900799236854
1515	44.70629188882676
1516	46.119137667376876
1517	45.12583585429734
1518	44.532907615505486
1519	44.808657121645766
1520	44.788651633416656
1521	42.97417562941389
1522	43.74176588304447
1523	44.14340782975995
1524	43.641479429331945
1525	43.639178693092674
1526	44.289526055350834
1527	45.15249067638095
1528	45.599091175343986
1529	43.045398889300074
1530	43.92526891629642
1531	44.12387942912815
1532	43.89519135527425
1533	43.75380772715279
1534	44.75904767046774
1535	45.373017078187274
1536	45.56409676525316
1537	44.2677608946856
1538	44.436278563920666
1539	45.23069014827416
1540	44.84895265675598
1541	44.48113078804658
1542	43.952530474167204
1543	44.101510178189436
1544	43.549825739450874
1545	44.05028042838749
1546	43.40359061589504
1547	44.079143854234474
1548	44.109440963629915
1549	44.93648385725
1550	44.136938269261556
1551	44.57221230839577
1552	44.13653338742057
1553	43.673649078174606
1554	43.62893556820326
1555	43.21914333328552
1556	43.399905444158335
1557	43.284426134728285
1558	43.20603191198109
1559	42.715563576934194
1560	43.758894714129625
1561	44.31003716796428
1562	44.01348065377786
1563	45.41070194786996
1564	44.81080827038754
1565	44.54672072565986
1566	43.41358630555416
1567	42.93511538190209
1568	44.893883383112666
1569	43.49377230301948
1570	45.430122334456975
1571	45.38792006618208
1572	44.4352037568959
1573	44.86431982616447
1574	43.1392678654519
1575	44.20405181731241
1576	43.956602779436764
1577	43.38822783227028
1578	44.695909973484774
1579	43.618824643858304
1580	43.17744668123119
1581	43.995492762389254
1582	43.91851523858317
1583	44.49168975241597
1584	42.60828691829276
1585	43.91314537395141
1586	43.56244893724631
1587	43.563454879304345
1588	42.82725577206861
1589	42.34696763185712
1590	43.99293442758116
1591	43.6799220808691
1592	42.383187368114434
1593	42.106915423280746
1594	42.531616171905654
1595	43.01916865216967
1596	43.09487074077976
1597	43.8933809287113
1598	42.96938758368209
1599	42.44105747376018
1600	42.549036849865416
1601	43.53622794833751
1602	43.012998750446116
1603	44.051461401508845
1604	42.80953662276546
1605	43.513885133984566
1606	41.758719978482645
1607	43.49262921765339
1608	44.407342213012456
1609	43.15535463391925
1610	44.237321070899064
1611	41.57341841922282
1612	43.451199811138665
1613	42.707798161275704
1614	42.73670854519889
1615	43.228609848233
1616	43.10206186952177
1617	42.25563665046152
1618	44.225550591236946
1619	44.2631346992792
1620	43.54264520792883
1621	42.84293295334573
1622	43.345254930967144
1623	42.99516558793129
1624	42.95670268224121
1625	42.37287594316163
1626	44.031620872611875
1627	42.50732509646157
1628	42.671471497303685
1629	43.28059375002981
1630	43.249630690185136
1631	43.31230215435796
1632	44.113178379639564
1633	44.20390030558081
1634	42.89256558509881
1635	42.388844662473
1636	42.34187575546532
1637	42.28832909563513
1638	43.46431494212561
1639	42.95140303444911
1640	43.586489663708186
1641	43.405735434425594
1642	42.605551587125596
1643	41.71751675214653
1644	43.20081573088094
1645	42.69886680212414
1646	43.54284611829268
1647	43.23533079326125
1648	43.45445496817614
1649	44.07895665523823
1650	43.45076369147002
1651	42.898816614374766
1652	42.818799741055
1653	43.25909219895702
1654	42.555101816295846
1655	43.143079913288105
1656	43.612870797946805
1657	44.54840313629903
1658	43.72923778214244
1659	43.11093067169266
1660	42.789176410744545
1661	45.242331249065465
1662	44.55291674007858
1663	44.03060814278621
1664	42.85907632748918
1665	44.237383647619794
1666	44.65421100026191
1667	44.05492230588855
1668	42.41725693196689
1669	43.35308788482751
1670	42.98766434687214
1671	42.798499364936816
1672	42.84440074268107
1673	43.348824320867756
1674	42.67522444412985
1675	43.937887304994575
1676	42.36268986722419
1677	43.914168122229455
1678	43.4197753388468
1679	44.198714865529354
1680	43.02896222925195
1681	45.08531915897581
1682	44.635285018111254
1683	43.40049804334082
1684	43.27089494404533
1685	43.37148239337019
1686	44.39587810894068
1687	43.195071111573014
1688	42.53228031974542
1689	44.060856682605475
1690	43.130832174589585
1691	43.00447557941765
1692	42.79635313026374
1693	44.797939866387345
1694	44.06232068550735
1695	43.66816723847472
1696	44.9384559213992
1697	43.99087643414178
1698	44.530461416810226
1699	43.430157478263155
1700	44.807700764152976
1701	44.12572286743716
1702	44.36035353077017
1703	44.501757218090596
1704	45.13312705463487
1705	44.594928494276665
1706	44.552202685681515
1707	45.59676707204569
1708	43.454028173374674
1709	45.70159171497344
1710	45.950163711040666
1711	45.531892184680885
1712	44.7244776504425
1713	44.65135572442181
1714	45.419985403583354
1715	45.15746958209403
1716	46.24057183112098
1717	44.995298909083054
1718	45.57905439946409
1719	45.30664255894345
1720	45.10156630209066
1721	44.87779692303002
1722	45.15324347798973
1723	45.45215396097638
1724	44.3768487006064
1725	44.332789605291815
1726	43.55196603623868
1727	44.93414993295317
1728	46.133438013192375
1729	44.50840278096549
1730	43.755440339968374
1731	44.4776433156119
1732	44.72207035923415
1733	44.5195956732898
1734	44.99035407935792
1735	43.57315180657231
1736	42.85069703613919
1737	43.62225538020929
1738	45.246529993510144
1739	43.12144952999351
1740	44.91827413557672
1741	45.0028595864135
1742	44.31589862022772
1743	44.995421356395504
1744	46.493148034452844
1745	44.33514750372831
1746	45.92037438199715
1747	45.10730427703013
1748	44.78348799291981
1749	45.21558492834774
1750	44.222864508188096
1751	43.51720316147998
1752	44.591384860198424
1753	43.67502639621132
1754	43.299402313081785
1755	43.77863994896373
1756	46.21679948055261
1757	45.039138310770014
1758	44.70738045450816
1759	44.431718973365406
1760	44.06257804836555
1761	44.55147061456529
1762	45.02507482783166
1763	45.540443356155144
1764	45.570178511982206
1765	43.076036552837046
1766	43.92364978130901
1767	43.2043230147157
1768	43.77489034758036
1769	43.83724655867743
1770	43.56129886341425
1771	44.15471645809155
1772	43.44078998580926
1773	44.043025276959746
1774	42.020880408892566
1775	41.96381976906641
1776	43.265036418677745
1777	43.45854501018162
1778	43.821520606097664
1779	45.12149346707876
1780	43.354388354075226
1781	43.60236600392376
1782	44.52035288684144
1783	45.443786246377954
1784	46.14175640569357
1785	43.57312585557327
1786	44.787434637933764
1787	43.994007950961844
1788	43.18346153681784
1789	44.551944357096865
1790	44.443207521418095
1791	44.739386871794935
1792	44.23091465509019
1793	43.04023524605118
1794	44.582896803109826
1795	44.43229676784914
1796	44.0964838969801
1797	45.068998619020675
1798	43.98636141008242
1799	44.20290421379525
1800	45.37521740404272
1801	44.803812412376146
1802	44.226365519257186
1803	44.63058737746814
1804	46.6579802013015
1805	44.81555614902412
1806	46.204437761884975
1807	46.30176364486394
1808	45.153003430642755
1809	45.40586746225003
1810	43.99881193115249
1811	45.699773695449935
1812	44.621034592105765
1813	43.88064358398143
1814	43.95919839520727
1815	42.48557711452954
1816	43.946390527071436
1817	43.68382701284819
1818	42.68030404552625
1819	43.91083117271019
1820	44.64514291453359
1821	45.17714124860804
1822	43.864795095192
1823	44.026934345396256
1824	45.22077085738457
1825	45.81320960193868
1826	43.610741947718026
1827	42.86855529866218
1828	43.570438502077565
1829	43.60815101202948
1830	41.92733999158179
1831	44.20263388627405
1832	44.75415964611105
1833	44.47172353668039
1834	44.44324298691698
1835	44.72684704404218
1836	43.87788435361596
1837	43.627056851947934
1838	45.12749170092728
1839	44.16223012751861
1840	43.41298712534197
1841	44.69183818542819
1842	43.82178359515302
1843	44.20390100926402
1844	45.27677751027861
1845	44.80487494071297
1846	44.993353740369
1847	43.5318356484437
1848	44.95845844335024
1849	43.555629819807116
1850	43.55181888419592
1851	44.522399947781594
1852	45.089440917044705
1853	45.188196583008356
1854	45.40541516113625
1855	44.70778309884966
1856	45.12447332192519
1857	44.5405441052039
1858	43.72491216468627
1859	43.38307326813945
1860	42.7226681254465
1861	43.6333833585173
1862	42.794846600636056
1863	43.80630817579671
1864	46.296322620454085
1865	43.85814116481404
1866	42.47820206446995
1867	43.45885121122217
1868	44.689206010200785
1869	44.351708198408666
1870	42.6491879742313
1871	42.622578664637864
1872	43.330149171649055
1873	44.05871454859047
1874	44.06856987651729
1875	42.77011005005343
1876	45.84203459603162
1877	46.219757437916655
1878	44.82131148075089
1879	44.522923687582875
1880	44.303818718112666
1881	45.37351276820474
1882	44.60420820311562
1883	45.30235893392003
1884	43.405011322354845
1885	43.19969799117704
1886	45.12035690145881
1887	44.20954764647485
1888	44.198125960154194
1889	43.24332026647292
1890	42.780343232351505
1891	44.55747594196352
1892	44.61554887488226
1893	43.95605327554774
1894	43.88914099905794
1895	44.14398079452076
1896	44.45659797180654
1897	43.8129258457631
1898	43.30810570060861
1899	42.81487154257277
1900	42.62427650539477
1901	43.650166567575276
1902	44.04323056036714
1903	43.00740911826666
1904	44.99649249770533
1905	44.10475044000434
1906	43.320299411208254
1907	42.143254877483294
1908	44.09203726386318
1909	43.13025081744704
1910	43.81191597345272
1911	43.637567445043395
1912	44.21068903308789
1913	43.13307009603479
1914	43.85630269241229
1915	44.14638198834545
1916	43.51057255544923
1917	43.064729235960066
1918	42.97728784842733
1919	44.37908063886159
1920	44.447509351489714
1921	44.27627180728823
1922	44.07236408607721
1923	43.9943593496785
1924	43.134800861019116
1925	44.00852498675308
1926	44.48931346757671
1927	43.45946487613495
1928	43.38742314038921
1929	42.626555352925664
1930	41.48861288953511
1931	41.417492762813154
1932	43.21631923751536
1933	43.79386993322175
1934	42.8365928979347
1935	44.68648977540276
1936	42.705876622911724
1937	41.7015321875618
1938	43.63070078545457
1939	43.77888746773119
1940	44.06683764734501
1941	44.16653888628165
1942	43.816659698321686
1943	42.94057145452509
1944	43.76681853441152
1945	43.9463857418279
1946	45.72608123931946
1947	44.91908999598295
1948	43.16753082202327
1949	43.51631265984917
1950	43.131340247343445
1951	42.806181683731275
1952	44.00787587804403
1953	45.27036815675446
1954	44.85400453922839
1955	44.44885270086151
1956	43.532202527642724
1957	44.10821555101154
1958	43.017547802625685
1959	42.94861742898951
1960	42.29291257605771
1961	41.965202181283544
1962	41.89558689682208
1963	40.979268115585235
1964	42.549571738169774
1965	41.89057603329007
1966	43.19559038863586
1967	42.24792116637193
1968	42.619999158329634
1969	44.12673063814343
1970	44.82860209870756
1971	43.315140593402894
1972	42.469103897047006
1973	43.48482052472835
1974	45.19131153125303
1975	44.2364137132276
1976	44.01647837620815
1977	44.13354460547504
1978	43.02344585311023
1979	42.718697222754486
1980	43.657317820141174
1981	43.48043948843458
1982	42.547276442248965
1983	42.27557751099641
1984	42.39874384962661
1985	42.06238033322058
1986	43.15797136941657
1987	42.63165773844086
1988	42.26833485042888
1989	42.3415529917738
1990	42.864188012918916
1991	44.0550210536598
1992	44.56264765451099
1993	43.20754853183122
1994	43.83622228117224
1995	43.76266981728497
1996	44.34063408845656
1997	43.0067732081284
1998	44.685781147696105
1999	45.39893862185743
2000	43.97753096051634
2001	43.22749359472978
2002	44.18953280168655
2003	43.809685072439294
2004	45.11018252538352
2005	45.343029420922534
2006	45.92890090259377
2007	45.416440669856115
2008	45.194467947613845
2009	44.58831827560253
2010	44.63879858196197
2011	45.37719754989737
2012	44.363044633298195
2013	43.69479434736985
2014	43.728002338744155
2015	44.998442576236286
2016	45.19869444659822
2017	45.23899272053761
2018	45.3309242107447
2019	45.35748857569157
2020	44.58691271564248
2021	44.045571708521564
2022	44.280816242081585
2023	45.158571239308436
2024	45.39157171146613
2025	44.74184270050059
2026	45.39084853212755
2027	43.72609268233688
2028	43.43054248734833
2029	44.27072346536948
2030	44.03677742691335
2031	44.63531029315592
2032	44.05853887216236
2033	43.07493910512415
2034	44.329557050334245
2035	44.75104666807959
2036	44.20673388216664
2037	45.01112133626586
2038	43.830221790962895
2039	43.869582988986764
2040	43.82568685150897
2041	43.75335644065521
2042	41.91358956373773
2043	43.16450402522117
2044	43.55139109006223
2045	42.44398883889336
2046	41.131066012017556
2047	43.91672765466071
2048	43.031498446138414
2049	43.15793225777757
2050	43.60587372903885
2051	43.19334022047419
2052	43.61449666002578
2053	43.50661846471597
2054	45.79526022431313
2055	44.51766450970674
2056	43.81160529998465
2057	43.37289898966056
2058	44.122273123585934
2059	44.314219793620786
2060	44.81845394031676
2061	44.51778584577901
2062	45.68106468995632
2063	45.62913904463085
2064	44.81315241018143
2065	44.69726604393841
2066	44.901916004898546
2067	44.612836056445076
2068	43.2478758833013
2069	43.67512692542398
2070	44.32821228890713
2071	44.08998431659732
2072	44.025883448970085
2073	43.49251217364896
2074	42.72770653297035
2075	44.631282719573385
2076	44.19167195085793
2077	44.34632931188468
2078	42.73731727229397
2079	42.911399752780795
2080	43.178672268222705
2081	44.221224548618835
2082	44.17461272648438
2083	42.3204775450163
2084	41.63876028105538
2085	44.61341645300927
2086	43.43202319801642
2087	43.634996206979935
2088	42.88018175354728
2089	43.92707346256985
2090	42.23156635329652
2091	44.38370120775176
2092	43.98310100314334
2093	44.21646413023021
2094	44.16490143021193
2095	42.52081244347361
2096	43.6516266168273
2097	42.999585647755765
2098	42.61841289990927
2099	42.52533945265286
2100	43.58111571331918
2101	42.12425655210995
2102	43.99931271463567
2103	42.567470987037794
2104	41.72974913267759
2105	43.39291216503974
2106	42.892257234305056
2107	43.50979282854051
2108	44.45108106548812
2109	43.28243494690901
2110	43.82766911382402
2111	43.401034763240354
2112	41.85784853568105
2113	43.39491369092353
2114	43.26527989242243
2115	43.99948151157202
2116	42.41150716975008
2117	43.7216030706923
2118	44.37839086974233
2119	43.46420259430342
2120	43.9720077158027
2121	43.34253611258815
2122	43.56758860089216
2123	42.98973003569333
2124	44.61210959358796
2125	44.70005190050571
2126	43.73631652613354
2127	44.163596162165
2128	44.0185465310269
2129	41.94445049953439
2130	41.21530649433461
2131	43.18718166428919
2132	44.5901770477242
2133	44.28865133221342
2134	44.66675146205804
2135	44.76960830448862
2136	42.31863702615199
2137	42.6756488257607
2138	42.81602877580688
2139	43.477997302537
2140	43.17507082781692
2141	43.37904879170083
2142	44.177892785120946
2143	43.33695889021818
2144	42.77713186319635
2145	42.698630557139765
2146	43.00765911092811
2147	44.92423261398689
2148	43.239718650255405
2149	42.73637395995625
2150	43.47368078434368
2151	43.98125025815061
2152	42.43641874946038
2153	44.04153208601828
2154	43.55434399259697
2155	43.512248260253486
2156	42.54974300251142
2157	43.60316475389042
2158	43.21042682368708
2159	42.678642393995666
2160	44.14008049417279
2161	45.60343048051559
2162	43.47258410828803
2163	44.02324757211539
2164	43.39315678158533
2165	43.02110699188384
2166	42.60389763158109
2167	43.33519544258843
2168	44.6100107129223
2169	43.1948949306829
2170	43.39483095265073
2171	43.20588196812255
2172	44.907029617381276
2173	44.861776934447455
2174	43.949344194237355
2175	43.39025361819566
2176	42.91804621377915
2177	42.45342875875351
2178	43.75972163649867
2179	44.14136350437879
2180	41.90094921310144
2181	43.334069358711155
2182	42.717625489035804
2183	43.5095755760202
2184	43.485891503832484
2185	43.19510266104181
2186	42.04250265512655
2187	44.24210654348441
2188	43.04041867650291
2189	43.50293409082169
2190	43.84820130876211
2191	42.60243744234787
2192	43.955477824327
2193	43.018420036817254
2194	44.27330747318469
2195	43.093667096577846
2196	44.339939087632935
2197	44.43846019023515
2198	44.58951707971571
2199	43.447822555721615
2200	43.89693632295261
2201	43.587588042117865
2202	42.91846107704144
2203	42.652182233695264
2204	43.04901726876443
2205	43.1356115494089
2206	43.24692830113145
2207	43.08130619095798
2208	41.94123326989825
2209	41.583571010648136
2210	42.7603922313664
2211	42.22157021010606
2212	41.209677461677614
2213	43.489842422896
2214	43.1640999270531
2215	42.60589130688788
2216	43.177487326499595
2217	43.74040313066403
2218	42.97281701641227
2219	43.36432136728036
2220	43.79107242310621
2221	43.509599379780646
2222	42.64697580079233
2223	43.229640528189336
2224	43.7373114318887
2225	43.97510702405958
2226	44.88170079941165
2227	44.15691573006114
2228	44.10043017743316
2229	44.209057725341765
2230	43.0487104719731
2231	43.997079464169374
2232	44.127174309635826
2233	43.809427228831915
2234	44.89865182836268
2235	44.35156124081722
2236	44.6394253262032
2237	45.11973527729382
2238	44.67296507838514
2239	45.499880293743814
2240	44.98772276442986
2241	45.073485707132136
2242	42.73587342136346
2243	43.30539473475339
2244	43.531289668430055
2245	44.26586261472631
2246	44.15588301971398
2247	42.4873024605698
2248	41.419202995581884
2249	44.6080897704315
2250	44.90808756984535
2251	44.24796198865757
2252	43.61286166210137
2253	43.295453675932436
2254	42.17874867879088
2255	43.49363557916786
2256	44.345219003869786
2257	43.21138748068694
2258	43.323612679513545
2259	44.750090863241574
2260	43.8058175597267
2261	44.00911947132982
2262	44.21127562188843
2263	44.16138598043488
2264	43.597412172486045
2265	43.810594857538945
2266	44.14673966589627
2267	43.388983654407966
2268	43.78547939820226
2269	44.255724831667884
2270	43.79518030830738
2271	42.715988082897546
2272	43.25375414674756
2273	43.55810546766106
2274	42.82416549032741
2275	42.554072621702126
2276	42.21913866894356
2277	43.62045461685236
2278	42.796152940868794
2279	44.42623877638102
2280	43.98118108718026
2281	44.28817334680774
2282	43.8509302457766
2283	43.72844217757271
2284	43.59909784532095
2285	42.601973310956126
2286	43.5278182758494
2287	43.4001555707031
2288	42.64039935491553
2289	43.379691289495305
2290	44.010529861144946
2291	44.34384662646234
2292	44.59959905230545
2293	44.54120648796432
2294	44.71051379974967
2295	43.84420773974391
2296	43.792515682241635
2297	43.98877863140266
2298	43.523762667112145
2299	45.09565189644536
2300	43.97487474158404
2301	45.64163535597801
2302	44.3122140374188
2303	44.65699938839852
2304	43.946256129996506
2305	45.16571748236165
2306	43.233766072818874
2307	44.398470968882386
2308	44.33443352395372
2309	43.67085290555021
2310	46.04554614786796
2311	44.30910973372337
2312	44.79201922240489
2313	45.22916523366964
2314	45.03581635843993
2315	43.789992176358226
2316	46.549333362109465
2317	45.76076059280264
2318	44.279655710009095
2319	43.606317909478165
2320	42.981570799711086
2321	43.69162312700405
2322	44.42292031003104
2323	42.72480350428595
2324	42.74018545688075
2325	43.99964291539234
2326	44.680310518247104
2327	45.00906161796177
2328	44.90476839248533
2329	43.76024625447143
2330	43.47365786256757
2331	44.17274142554686
2332	44.1798451357981
2333	44.91454732880772
2334	43.90489194552213
2335	45.244357896576645
2336	44.94802407474452
2337	43.345355888592664
2338	44.57336929541753
2339	44.77841600497907
2340	44.262741317074614
2341	44.5735629895881
2342	43.03366380914194
2343	42.86755805271808
2344	45.98666736210926
2345	44.035643169989555
2346	44.11699719797952
2347	43.237353464782935
2348	43.34526817993659
2349	43.24745156987957
2350	43.96061142030218
2351	44.47096644510421
2352	43.98070845198235
2353	43.77935478648952
2354	44.58008238394289
2355	42.88493442456278
2356	43.17724872445825
2357	44.26401258018795
2358	42.57735670690806
2359	44.949106153183095
2360	44.7569097059663
2361	43.36239110468882
2362	43.17172054797878
2363	43.755002855898994
2364	44.02202190470012
2365	45.5867490074492
2366	45.09247631493972
2367	43.786175429158035
2368	43.25731774586174
2369	43.293164629503515
2370	43.14977051205391
2371	43.30835559958131
2372	41.71934254909109
2373	44.4414369447159
2374	43.4003077563735
2375	43.48191973484843
2376	42.04734636976665
2377	43.164986532553975
2378	42.9458194144212
2379	43.51883334972377
2380	44.0580001411741
2381	42.16391426831364
2382	42.90864099693656
2383	44.090997228264875
2384	43.027257926476906
2385	42.387212974495874
2386	42.8364436109302
2387	42.838073770970894
2388	44.31223054720489
2389	43.695702073893074
2390	43.42009633085127
2391	43.10419124577209
2392	42.35644093705366
2393	44.44509833512008
2394	42.482105294342674
2395	42.96019237497076
2396	43.94463356747297
2397	43.61535652377954
2398	43.27210844112595
2399	43.92193301455348
2400	43.812596185957794
2401	43.31634915903149
2402	43.35558539777529
2403	42.01447385053839
2404	43.924369932566776
2405	43.15444646382255
2406	43.48105930378221
2407	44.03071646665319
2408	43.6128669130387
2409	42.64466406852507
2410	43.81156911179699
2411	44.07632842084446
2412	43.30595026994904
2413	43.59280931104307
2414	44.08217780945732
2415	43.825680563682894
2416	44.397019188663116
2417	44.81547308110943
2418	43.75232281547877
2419	43.26091887925707
2420	42.67720605850108
2421	43.179911087820756
2422	43.056981251199396
2423	42.52626341354349
2424	42.804535151606196
2425	43.71102364876327
2426	43.174563882510625
2427	44.8789833028514
2428	43.12378329122313
2429	43.93564922879766
2430	43.59788716767256
2431	46.59935760817632
2432	45.022530838531424
2433	44.20720747582544
2434	43.455472450279046
2435	44.912845918402844
2436	42.925834994245
2437	43.129828733586734
2438	43.81116265323864
2439	44.75231477100433
2440	43.48085777686968
2441	42.67133137604909
2442	43.675562291437465
2443	44.88602813372904
2444	43.441397449403254
2445	42.80627479219886
2446	43.38989389020725
2447	43.587994727175364
2448	43.61507685068875
2449	42.28294086338473
2450	42.9964147691419
2451	44.42560439022894
2452	44.08927355567867
2453	44.544098554427016
2454	44.237573762824894
2455	43.24832013624363
2456	44.502142004913246
2457	44.34978138663335
2458	43.676500518603206
2459	44.52546583441945
2460	45.39678472960238
2461	45.4304747974476
2462	43.4836562455829
2463	43.90702925343159
2464	43.78853004133924
2465	44.63857387916866
2466	44.150344075215
2467	43.57734208252634
2468	44.1550317628972
2469	42.20561486366689
2470	44.83296285405014
2471	44.743967367152756
2472	44.70950569625423
2473	44.134106954899075
2474	45.081685894810114
2475	44.1314910240193
2476	44.74488444076696
2477	43.813831483621016
2478	43.07527106012121
2479	44.47723349860584
2480	44.83614996250262
2481	43.85197551604145
2482	44.29019750507797
2483	43.60319243623625
2484	43.37063933661651
2485	43.93624135438397
2486	44.065848809097496
2487	44.552110031344064
2488	42.4064793034949
2489	44.242985141648894
2490	43.88025202984725
2491	43.652478901127225
2492	44.19410837346508
2493	44.837679209454485
2494	45.131323754803816
2495	45.312882868811045
2496	43.61679143449593
2497	42.839839898680594
2498	42.80973704068668
2499	43.5304617812061
2500	43.37962925435389
2501	43.72495446171674
2502	44.04368195093606
2503	42.95953498392858
2504	43.148495034676436
2505	44.50145733618924
2506	43.107126874174334
2507	43.14602851360365
2508	42.030229581478636
2509	42.415996108966674
2510	42.244920524959326
2511	43.35566965933824
2512	42.86607412214256
2513	42.645929258829526
2514	44.17754046200691
2515	43.074803261152546
2516	42.69566285881065
2517	43.86735904186073
2518	44.20578768924292
2519	44.339742614618466
2520	43.26719337496983
2521	44.7964961019771
2522	42.78271632353119
2523	43.75913605862315
2524	44.374805308277054
2525	44.99352353099786
2526	45.30869193596447
2527	43.356394887666774
2528	43.23003205238424
2529	42.543850080196655
2530	45.476617297496105
2531	43.01532477720281
2532	43.79274843196043
2533	43.19163879665786
2534	43.64094876519924
2535	43.15206701660637
2536	44.15334721881661
2537	44.84676463844939
2538	43.16238699470844
2539	45.31765351884471
2540	44.612470910003964
2541	44.83661032209854
2542	44.7549160948646
2543	45.015593326965366
2544	45.15781891550484
2545	43.522105208074414
2546	41.99740061532727
2547	44.72236054832749
2548	43.83574201796405
2549	45.34025951117046
2550	44.486476911139505
2551	44.52675348873708
2552	43.8076625694369
2553	45.29596490780348
2554	43.694129798221354
2555	42.767463847616504
2556	42.74788661381711
2557	43.11309586406706
2558	43.871810295141294
2559	41.235025212009845
2560	44.23511161692994
2561	42.8808984439022
2562	43.27363021036843
2563	43.76419484141183
2564	44.699597468591605
2565	43.835096025291996
2566	46.085986974289604
2567	43.44920877671654
2568	44.8764057277414
2569	43.432038042649104
2570	43.66822387580359
2571	43.66272415827317
2572	45.22815637926215
2573	42.95082496386423
2574	44.76694081666779
2575	44.95338480134654
2576	43.57104693940734
2577	43.24587656450295
2578	44.619991963021555
2579	45.542216831819616
2580	45.43659971093451
2581	44.53793717876028
2582	43.92951185375628
2583	43.9156020543409
2584	43.764392107484426
2585	43.51576120849833
2586	42.63838676609528
2587	41.913328246799544
2588	43.41523012829379
2589	44.505593810143324
2590	42.85392800787737
2591	42.686366774051166
2592	43.793412905958625
2593	44.55210395242714
2594	42.08564788528394
2595	43.32877842291759
2596	43.92366810900323
2597	44.501601569140675
2598	43.62344141791248
2599	44.883982821402086
2600	45.07441716442248
2601	44.89587334110447
2602	44.676448941004175
2603	44.02087467155163
2604	42.62277152631358
2605	44.011063376646604
2606	42.57794234165089
2607	44.03327242775285
2608	42.75301623080261
2609	43.6707388384333
2610	44.70294370793836
2611	42.48679079811388
2612	44.296935606772905
2613	44.40707568605559
2614	45.32522954116007
2615	44.52688964040721
2616	44.574387031416705
2617	43.41137611189124
2618	43.47292253426692
2619	44.750260974677374
2620	43.5761347266352
2621	43.94762152299135
2622	42.88406700335042
2623	44.53394523193365
2624	45.65370277763718
2625	43.75726498707536
2626	42.45571553551641
2627	44.03518887283222
2628	44.9130116127978
2629	43.71524265531238
2630	42.70613712583952
2631	44.36254318777838
2632	44.08637338388173
2633	41.81526726905329
2634	42.71462219433311
2635	42.71211668564532
2636	43.41593024493369
2637	42.94025031272073
2638	42.62097122737462
2639	42.85083293179263
2640	43.51237062751313
2641	42.75020751577011
2642	43.21120106712506
2643	41.997494149132706
2644	42.719466061905656
2645	44.80074317907296
2646	43.09906001546098
2647	42.6176442515966
2648	42.847587635663075
2649	44.45885830410958
2650	43.76694521936129
2651	45.19453912814726
2652	43.16448842981238
2653	44.32079642547195
2654	44.27346127124589
2655	44.39426810613637
2656	44.890483424881225
2657	44.930635555700334
2658	45.6324048327147
2659	44.49436215561676
2660	44.543042275191915
2661	45.189476938724006
2662	43.35197509692007
2663	45.36002657072291
2664	44.62675483963981
2665	43.896164837112515
2666	43.280721739257544
2667	42.96729551974586
2668	43.345896595847066
2669	43.95517725534269
2670	45.204159205139355
2671	44.436836261679176
2672	43.301121149782986
2673	44.02349754199368
2674	43.59442690714277
2675	43.643342710955196
2676	44.149583779727905
2677	43.799012906360325
2678	43.80343274611559
2679	44.04528268869225
2680	42.838322269547156
2681	44.7184563536503
2682	42.964179883978424
2683	43.91099053008281
2684	43.44953072378034
2685	44.47567419758358
2686	43.931514348277055
2687	44.82184662033823
2688	44.48244505498833
2689	43.94030257485147
2690	44.23040288508024
2691	44.745412871043136
2692	45.238528072459125
2693	44.855074201301115
2694	43.973295969739034
2695	44.359590370498886
2696	43.63739928995323
2697	43.76043013709314
2698	43.1207802301489
2699	41.638616506055904
2700	43.111322200331486
2701	42.602435835303154
2702	42.755343615462735
2703	42.59437188624331
2704	43.64816223483487
2705	43.685290898879146
2706	43.71144516664042
2707	43.54303798326444
2708	44.67551411780691
2709	44.11037178863912
2710	44.17109249688112
2711	45.40050596384162
2712	44.156855940305014
2713	44.434457551587045
2714	42.96179729017495
2715	43.68434789140055
2716	43.43188736467341
2717	44.43647886936705
2718	44.28398624030867
2719	44.40835730214575
2720	45.5022885848227
2721	45.08109237907404
2722	44.88282248864703
2723	44.13715258020884
2724	45.171377573843124
2725	43.263262026109764
2726	43.544420013442945
2727	43.672878435736614
2728	44.72978993881742
2729	43.89626961493249
2730	44.61495019731951
2731	45.74439358070912
2732	45.62047440299955
2733	44.6657927588793
2734	44.82568999684051
2735	45.129566224429894
2736	44.264883952909045
2737	44.798719936866625
2738	44.200728420860926
2739	42.44719072084075
2740	44.35470493782926
2741	42.40775685847042
2742	41.87172759879021
2743	42.12757118147115
2744	42.25892684474024
2745	42.92476162873574
2746	43.052367366557796
2747	43.98485285053273
2748	43.36582919458211
2749	43.59593282623944
2750	42.945731567971244
2751	43.61955188270821
2752	42.511568191433355
2753	42.918860132095844
2754	43.75416943061252
2755	43.20329629006768
2756	43.77581041421603
2757	44.31318199108583
2758	45.08852328151217
2759	44.239383845746175
2760	43.96618816111802
2761	44.617843725000014
2762	42.63727005119709
2763	43.78700701205291
2764	43.25124047363916
2765	44.36701285865359
2766	43.089685926916694
2767	43.92066483534581
2768	42.87249838440131
2769	43.31054738949476
2770	44.526455739255425
2771	43.59953633657647
2772	42.39886152604796
2773	42.89374417445665
2774	42.71291334023098
2775	43.731916440780985
2776	42.30544121754051
2777	44.102865599922
2778	43.56348110047151
2779	44.24105640051035
2780	43.87217332357009
2781	44.03717659978283
2782	45.18154597290435
2783	43.12442236067
2784	42.56164452995589
2785	43.83077828320259
2786	43.002523787061655
2787	43.89748448414806
2788	44.66189700884795
2789	45.72206038801283
2790	45.25805005051838
2791	44.11944016330322
2792	43.442927523416785
2793	43.90648169618158
2794	44.01039099264656
2795	43.909400151346276
2796	44.23293383042836
2797	44.13442020746745
2798	44.35765494930056
2799	43.873928355225964
2800	45.16794846076947
2801	44.731921842496625
2802	49.80861857966617
2803	44.177238369823726
2804	43.41330694819986
2805	45.09900863142014
2806	45.869229072330455
2807	45.6343281888849
2808	43.58026592740901
2809	44.92816750093836
2810	43.99178025688829
2811	43.91127189242333
2812	45.87545574001758
2813	44.32954482338558
2814	44.32815089177197
2815	44.477265838686236
2816	44.531802013085105
2817	44.27254042455458
2818	43.027625753309
2819	44.152182203113995
2820	44.51754022749585
2821	42.91080380438342
2822	44.49881922933935
2823	43.3603109480086
2824	42.82418164082737
2825	44.82193130984788
2826	44.00960458894491
2827	45.071953565160506
2828	43.63401069491889
2829	44.42092145872166
2830	45.1495065052297
2831	44.726380081172515
2832	43.99490791271868
2833	43.557639240571746
2834	44.37429199830318
2835	44.8954626439164
2836	44.87403167744024
2837	45.1617906441839
2838	46.218527499002526
2839	46.576160431909855
2840	45.349160533848156
2841	44.68846345564857
2842	45.02837666351894
2843	45.3181807974133
2844	45.572179231575035
2845	44.35407817166355
2846	46.008472096367484
2847	46.13384609891497
2848	45.2672346984995
2849	45.48718197440485
2850	44.156074900820315
2851	45.550122387261254
2852	44.79747727673336
2853	43.96957899259783
2854	45.36084032633875
2855	45.06035139595567
2856	45.13188290430116
2857	44.81561906198032
2858	45.03600514161554
2859	45.60842682682988
2860	45.35140266440037
2861	45.696678989707735
2862	44.817482885026
2863	44.784475539334224
2864	44.93550532914657
2865	43.327922509116235
2866	44.54345192629141
2867	44.90406464218397
2868	44.94380836559944
2869	45.62290084633654
2870	44.27518721146961
2871	44.65697647736986
2872	45.52154178710414
2873	42.96589923505829
2874	45.08124860620381
2875	44.53387085163055
2876	45.36453510023264
2877	42.946202614386635
2878	44.23414138196381
2879	44.69016095665672
2880	44.54286663252005
2881	44.3604620933118
2882	45.20557379569886
2883	44.56554169089
2884	44.567992506498136
2885	44.327699059181064
2886	43.282951590410065
2887	43.592836460631304
2888	45.49298355039299
2889	44.05292249209663
2890	42.99024058732688
2891	43.979392184235124
2892	46.28409642317032
2893	44.38939670280532
2894	45.36157045731679
2895	45.11141116730622
2896	44.79114190679469
2897	43.84308204737353
2898	44.03561228459309
2899	42.77103687567123
2900	44.52404431105316
2901	43.02243941400037
2902	43.459967005423216
2903	45.01145777334196
2904	45.137337291309684
2905	44.70653677502072
2906	46.17704592149428
2907	44.104695210787014
2908	44.562008868859834
2909	46.20425217086231
2910	43.73216728168568
2911	45.36472999991123
2912	44.71877052589191
2913	43.99845387890221
2914	44.428720590485796
2915	45.90885732046818
2916	45.052656721211335
2917	45.44169257555096
2918	45.67746042421842
2919	44.51065411986591
2920	44.94969523359104
2921	44.032719931246874
2922	44.556971202721016
2923	43.333828318967285
2924	44.74574068059145
2925	44.70929398739079
2926	45.25059738089057
2927	44.43486684338402
2928	45.07590379151304
2929	44.71875204552617
2930	43.77406258557879
2931	41.68029389353953
2932	42.9938275853183
2933	43.489184107550315
2934	43.463239432077884
2935	41.66301423754447
2936	42.53521585224527
2937	42.856107406206704
2938	43.96492160384812
2939	43.96495314677133
2940	43.35303047538853
2941	46.00325660220502
2942	45.240658902288914
2943	43.50773042751922
2944	43.26851165708339
2945	43.23261176378283
2946	45.11849656603336
2947	44.41518409143494
2948	44.21364937877225
2949	45.05965473487073
2950	43.67448107722797
2951	44.065645181954935
2952	44.80200136891313
2953	45.10259559430775
2954	44.83761695323224
2955	43.89560477683453
2956	43.11257485067748
2957	44.3691060464686
2958	43.18638400711683
2959	43.93525485688167
2960	44.38178220286065
2961	44.076518587790794
2962	45.19390575686474
2963	42.79398323919341
2964	42.245590955226
2965	43.732326296739885
2966	43.55658646959506
2967	43.30969232790729
2968	44.40525219030818
2969	45.23114532532761
2970	44.10823872638366
2971	45.026911092395466
2972	45.74533584643722
2973	44.30641498853926
2974	44.37396606869552
2975	44.19309107660134
2976	45.428824422154094
2977	44.73505108075015
2978	46.909298864810964
2979	45.007266605310065
2980	44.086477619232525
2981	44.90671879177339
2982	43.24803916000526
2983	43.09513607192662
2984	43.635635416596465
2985	42.381838477069756
2986	44.776763086033895
2987	43.84747837508787
2988	44.11570265605479
2989	44.15735741424967
2990	42.74690074312248
2991	43.71519730450705
2992	44.00312549489651
2993	43.75026681348691
2994	42.83067370847435
2995	44.020256046651426
2996	42.40543353049206
2997	42.268775480393685
2998	42.63191050253784
2999	43.37659981044747
3000	42.417864500204146
3001	42.90822441345704
3002	43.45601721661705
3003	43.34941196595729
3004	44.425877664450105
3005	43.15780414389906
3006	44.10883713578704
3007	44.33068142257881
3008	42.32230324370835
3009	42.485919364402
3010	42.705152930922026
3011	41.99361513980422
3012	42.3380790466027
3013	43.8167404206123
3014	43.254896686034286
3015	43.46305417348628
3016	42.75807925481423
3017	42.89221972932804
3018	43.472775506644794
3019	42.191259274615376
3020	44.38609605168331
3021	42.36113946240338
3022	43.739735902810274
3023	43.0394944479167
3024	43.15459291100518
3025	43.35484576392521
3026	43.73776049094818
3027	44.88591640108438
3028	44.00450751544282
3029	44.16863739917519
3030	44.82495052514477
3031	44.73882268030496
3032	43.74414724518558
3033	44.49547998658865
3034	45.020879513779725
3035	43.075602855438454
3036	43.85144883828566
3037	43.068815102197924
3038	44.76284677083463
3039	45.192702386964214
3040	44.62922851396454
3041	43.88878746634916
3042	43.21227070019383
3043	44.16943416949077
3044	44.097790672487925
3045	44.90051002671648
3046	43.4945407077686
3047	43.97702664591999
3048	44.1316353687989
3049	44.539073316975475
3050	44.193640344301585
3051	45.69593981864014
3052	44.09009705842856
3053	43.66198832227104
3054	45.052360033260456
3055	44.73430683060823
3056	45.12643069238377
3057	45.50211500878989
3058	41.90264193103639
3059	44.117088639782295
3060	43.75875199159598
3061	43.620682722555195
3062	44.871250611631716
3063	45.339853706926725
3064	45.33269429451543
3065	44.14973119735849
3066	44.66284308688812
3067	44.15388702204995
3068	44.12865313043754
3069	43.67422100087514
3070	43.881706176415435
3071	44.42201495953852
3072	44.332445826151194
3073	44.0328345391529
3074	42.73348017367909
3075	43.51883401562715
3076	43.9783952201336
3077	42.572199394270584
3078	44.63897067700439
3079	44.44672254454557
3080	44.396392342388566
3081	43.25560653005215
3082	44.06320427873933
3083	43.203263163337155
3084	43.23090500267712
3085	43.143109629223716
3086	43.88075050611732
3087	44.575812557078514
3088	44.6909496867639
3089	43.60515697366576
3090	43.88593263855216
3091	43.53833037639559
3092	44.75184069137125
3093	44.61830159352104
3094	43.474357302027855
3095	42.37321459150763
3096	43.41690064890379
3097	43.61146894565847
3098	43.443241074290164
3099	43.76515828761018
3100	43.33787598381266
3101	44.308408081544385
3102	44.01224627677009
3103	43.48229067144359
3104	44.805679156528385
3105	43.954310374941116
3106	43.57944591598527
3107	44.95416323259759
3108	44.37702178288106
3109	43.624478412472605
3110	43.669898856658705
3111	44.0872148383537
3112	45.302441757471016
3113	45.115437037371144
3114	44.33817762597704
3115	42.9139695077851
3116	43.46214761575452
3117	41.6408558678749
3118	43.61742204554741
3119	43.53548653449751
3120	44.109896554116624
3121	43.94908478234805
3122	43.40465872297512
3123	43.610223907605985
3124	44.87358420513473
3125	43.668898264927726
3126	43.9050582975366
3127	44.49054490698591
3128	43.809583697268465
3129	42.98661750168548
3130	43.65839080335983
3131	43.62011472971983
3132	43.66558696878379
3133	43.5025317034313
3134	43.558610892233716
3135	43.5819481290124
3136	44.786174217495464
3137	42.860826362529764
3138	44.22618574761801
3139	43.463866037612426
3140	44.75310832578934
3141	44.830008542991756
3142	44.65695362262098
3143	44.644528288900766
3144	43.638449491540904
3145	44.452141967109974
3146	44.245906591682456
3147	44.481088733231935
3148	44.55926860487911
3149	44.66146957410981
3150	45.97656947196132
3151	44.408290008174035
3152	45.79966811566971
3153	44.22462667972057
3154	44.822872114888284
3155	44.25896453720037
3156	46.16482942791874
3157	45.263179859391926
3158	46.290260951291174
3159	44.96515432039162
3160	45.12914510594922
3161	45.35627265454862
3162	46.71716891756768
3163	46.553501324426996
3164	44.771603078772635
3165	45.55411683993789
3166	43.68968187929778
3167	43.341142464000086
3168	44.24677164276963
3169	45.35458579202969
3170	42.85564937043409
3171	43.41602450111782
3172	45.42194821405239
3173	45.12120412483179
3174	44.10611908494523
3175	44.88476238557257
3176	43.45953085294549
3177	43.40813850324385
3178	43.282835202042506
3179	44.16475079962846
3180	43.888299890626456
3181	44.532813012666175
3182	43.84957568026876
3183	44.82104874623142
3184	44.70228733895675
3185	46.48208524966601
3186	44.103572191930574
3187	43.551711095220384
3188	44.28221568376295
3189	44.13351967466588
3190	44.99430171710309
3191	44.35703405397664
3192	44.7700578458478
3193	43.12926281160834
3194	44.7318371401039
3195	44.999328298797785
3196	45.034398221454644
3197	43.90096224648466
3198	44.22467522260096
3199	44.27350715031088
3200	43.96527569725897
3201	44.71302256059697
3202	43.80651658769026
3203	44.59232462605059
3204	43.245875420962726
3205	44.2701652611302
3206	42.785406421751446
3207	43.11840687666415
3208	43.602489891615
3209	44.3521437976342
3210	43.19529939398045
3211	42.88696174842098
3212	43.07983162541883
3213	43.07643756807912
3214	44.59284579472851
3215	42.83450232620387
3216	42.78174640667435
3217	44.7021362058167
3218	44.181909359107124
3219	44.1306150143458
3220	44.2174139860228
3221	43.860644971712084
3222	42.27757891578114
3223	43.456292043584185
3224	42.40480607846063
3225	43.33056929138962
3226	43.63662261450402
3227	41.1198174366034
3228	42.78710962974836
3229	43.50086825461008
3230	43.20536445962304
3231	45.023675814124445
3232	43.33368525320991
3233	43.681363058269504
3234	43.18987666164735
3235	42.35534842280034
3236	44.18679171189149
3237	43.20446686436388
3238	43.76491350412104
3239	44.265338531802755
3240	43.092319819392436
3241	42.95590336628355
3242	43.635259496995815
3243	43.101590917152535
3244	43.498294606515195
3245	44.18121928020204
3246	43.25057816522902
3247	43.37872156604061
3248	43.42643589679394
3249	43.32118167337007
3250	43.29949071624087
3251	43.944709110809136
3252	44.44404681649427
3253	44.19192341511577
3254	43.529895734983576
3255	43.82301183531024
3256	42.35076609923796
3257	43.31440093705535
3258	44.38863131429814
3259	43.47842840808832
3260	43.83571328836934
3261	43.43313240012729
3262	42.91673159706077
3263	43.995017131988824
3264	43.5963086846148
3265	41.76748079916696
3266	43.91956160657122
3267	42.58737103943409
3268	42.997982077938005
3269	42.89277493314397
3270	44.09287987756606
3271	43.449600433612254
3272	43.37342369229084
3273	43.249764715064686
3274	45.012461770048944
3275	43.799732891947954
3276	43.70115948002049
3277	43.875007199567875
3278	43.287117209447935
3279	44.843124169094374
3280	45.187835339174036
3281	42.90896466029634
3282	43.39516254348773
3283	45.73496751352151
3284	43.27847820174186
3285	42.95166064406419
3286	45.24384273722437
3287	45.753231614031876
3288	43.817726517418855
3289	44.588775879416445
3290	44.52176502303979
3291	44.72433499519971
3292	43.67037829897459
3293	43.9969698778508
3294	45.17158974012805
3295	44.72209368009366
3296	43.880482972991416
3297	44.559825292932324
3298	43.14632093118957
3299	44.97971746997448
3300	43.97487947744694
3301	45.63544017521433
3302	43.64670872201242
3303	43.55403895746687
3304	43.241527462772375
3305	43.18446395899983
3306	43.89322782966798
3307	44.4920841494229
3308	44.451437484753136
3309	43.14611876515633
3310	42.11979512698493
3311	43.597635284865184
3312	43.267233721866
3313	43.57506880788313
3314	43.283646405230826
3315	43.75779508253592
3316	44.70374648809188
3317	44.02311103763791
3318	43.83171615281918
3319	44.127214175430126
3320	45.15697710915104
3321	44.49532185560584
3322	44.83421601092698
3323	44.84211653071445
3324	44.34590325703107
3325	44.00232409882662
3326	44.304807264222646
3327	44.398626220429854
3328	43.29285376221538
3329	44.576060751639375
3330	43.41550048555651
3331	43.63798443380559
3332	43.552999833004826
3333	44.33879698916215
3334	44.58058187173777
3335	43.55635675682441
3336	44.43940071198702
3337	44.11424873113738
3338	43.764009607011516
3339	44.25217433420598
3340	43.324899222611606
3341	42.68645193036048
3342	44.0344219299568
3343	43.588330644004074
3344	45.05084921577469
3345	44.68157811731212
3346	42.59664027237963
3347	44.166628146619374
3348	44.153400168651416
3349	43.452922869660334
3350	44.587529656840736
3351	44.30445786908364
3352	44.939524122068285
3353	43.9446219198063
3354	42.77401998381852
3355	43.30568353816465
3356	44.72571944256272
3357	44.77365299147269
3358	45.12456789638202
3359	44.15450721035036
3360	42.7540635162299
3361	44.45840461651909
3362	46.53056324390475
3363	45.945307807248774
3364	42.672044389542094
3365	42.62517140705708
3366	43.67873291327374
3367	43.32453408116526
3368	43.84012725433173
3369	43.097743856770784
3370	42.789268633107795
3371	43.092352436982374
3372	42.82810238360529
3373	43.726837537034235
3374	41.11714983464884
3375	43.494459821692125
3376	43.358118206365404
3377	42.795341424855664
3378	42.23902460840295
3379	41.92489689891193
3380	41.33555644771189
3381	43.35162541066717
3382	43.33545906401417
3383	41.95113257215055
3384	43.310559557314576
3385	42.936542100026074
3386	42.669150391851566
3387	41.71985620710635
3388	44.10437164612377
3389	42.47889292221597
3390	42.98276601643678
3391	42.042451779468344
3392	43.57330616944217
3393	43.682344644628316
3394	43.26685859254889
3395	43.26140393124258
3396	42.7585171915916
3397	43.86200293997277
3398	43.73199620325393
3399	42.63219424828671
3400	44.47116697582943
3401	44.198692900113976
3402	42.05914534009717
3403	43.96006450807653
3404	44.38611224812449
3405	43.10560384744741
3406	43.78577037680897
3407	42.75341191404944
3408	43.48696942565801
3409	44.00945479295933
3410	42.84171862972481
3411	43.8994578997916
3412	43.4500039918035
3413	43.335236666768274
3414	43.636189190584936
3415	42.93021985378956
3416	44.50374444871578
3417	42.58759304966763
3418	44.09593219620652
3419	42.85446166876542
3420	44.46384698532153
3421	45.87171340962703
3422	43.83569075610486
3423	43.12916082448605
3424	42.93253114936808
3425	43.763874462039595
3426	43.49037318642093
3427	44.87253336167577
3428	42.71820633733766
3429	44.01790712414238
3430	43.28091311307118
3431	43.03482674060626
3432	43.679613268565994
3433	43.46918841158626
3434	43.641859587888185
3435	44.71085701938438
3436	44.64536507285694
3437	45.09284260601978
3438	43.55290575982671
3439	44.41413954099628
3440	44.253953915036035
3441	45.1757857106771
3442	43.630180029275316
3443	44.828003284697196
3444	45.87401867369243
3445	43.72822241700194
3446	44.43253651946218
3447	43.077933745251606
3448	44.38002803724601
3449	44.2556115271629
3450	43.998759142418855
3451	42.741747685102126
3452	43.743953949065975
3453	43.108404340842796
3454	44.49076748138406
3455	43.226204227267964
3456	42.90766852728815
3457	45.1204334347048
3458	43.04787396346232
3459	44.179470441059244
3460	44.835874842819635
3461	43.8644195444178
3462	43.213866942336445
3463	43.14115770582017
3464	44.2232340476428
3465	44.795400018438194
3466	44.28286911258059
3467	44.85117252318759
3468	43.19021608288027
3469	42.87540187723833
3470	44.18022343764778
3471	42.85813222526879
3472	42.96358702306933
3473	41.85022718894819
3474	44.41079486628303
3475	43.11146813103029
3476	44.06673087973138
3477	45.768378254583894
3478	44.69278033547958
3479	45.319326448937396
3480	43.350154972043065
3481	44.55932369863196
3482	44.329736840974505
3483	43.782144427282034
3484	44.82118323955621
3485	44.68529035598392
3486	44.647890567403714
3487	44.87878522176618
3488	43.36711987775322
3489	43.69057499043403
3490	42.7028661470309
3491	45.11814354037308
3492	44.55511893695416
3493	43.791683767296924
3494	43.87416869896399
3495	43.45166875524923
3496	44.891015479311015
3497	44.81681289549883
3498	45.787590752431164
3499	44.92250857376312
3500	45.242392326911705
3501	44.834652068338485
3502	43.34222724493575
3503	43.69600537268962
3504	44.1137191865976
3505	43.57112130652302
3506	45.08636903235273
3507	44.66233613926211
3508	45.26461108495602
3509	45.15147620571553
3510	43.99776554335805
3511	44.61241421486286
3512	44.82338042046529
3513	43.47745830539475
3514	42.96095588737342
3515	43.34865558282662
3516	44.82254869342954
3517	44.201223503963305
3518	43.95871917557669
3519	43.30212165255684
3520	45.13161879862299
3521	43.477856798620905
3522	42.81154465932433
3523	44.45940062255027
3524	44.27705751326095
3525	43.33767081295612
3526	43.74003631771187
3527	43.19087561875668
3528	43.647063115728386
3529	44.080405494510174
3530	44.67798707310984
3531	43.0589434288373
3532	43.98646833698637
3533	43.34441749513019
3534	43.097681941125764
3535	43.539344375863905
3536	44.7817869906988
3537	43.77353243263937
3538	43.49723744646859
3539	43.726976747326276
3540	44.02436795455608
3541	44.158291048676965
3542	43.100009188345076
3543	43.380585642145775
3544	43.861813859864355
3545	44.32150574415365
3546	43.94642628007506
3547	42.952570198098236
3548	45.00493383390329
3549	44.61137776094497
3550	43.52095081691791
3551	44.27438468654551
3552	44.31678520197606
3553	44.06500560058859
3554	43.985779400563914
3555	42.546208905206
3556	43.38150218250724
3557	41.86785440634283
3558	44.069759253406396
3559	44.11055456789633
3560	43.893007938965226
3561	43.44768259424633
3562	43.04780992305781
3563	42.76488274488667
3564	43.03971737348046
3565	45.17132923770075
3566	44.43285162136345
3567	43.288104023083314
3568	43.53109631072228
3569	43.60597144899193
3570	43.25976498305344
3571	43.45532828719127
3572	43.20346223292619
3573	44.13677502432587
3574	44.00756452963061
3575	43.5527471845171
3576	43.834505700349965
3577	43.3060992458058
3578	43.645994802855334
3579	44.11472341597528
3580	43.59674720704294
3581	43.882459455449634
3582	43.56553092474996
3583	44.22499239718133
3584	42.63858477580021
3585	42.977748211022295
3586	43.49899531020881
3587	44.93480348585919
3588	44.81803753290646
3589	45.39008853110753
3590	44.15514112908481
3591	44.64328253351191
3592	44.52558461115099
3593	42.3006836173659
3594	42.78572475179368
3595	42.74174534010749
3596	43.37778863478116
3597	43.53099920682205
3598	43.8166538530864
3599	42.887085050186684
3600	44.15404004194466
3601	43.72481242173277
3602	41.768396087774725
3603	44.09682834092673
3604	43.216583102127956
3605	43.74062413761912
3606	42.710524429881644
3607	43.2015877403249
3608	43.86279430496415
3609	45.365661258439715
3610	44.68199268597317
3611	42.88517089559913
3612	45.08211985600584
3613	44.68747563102042
3614	43.97410220004731
3615	43.58765546721188
3616	43.88341953391777
3617	43.940314637398146
3618	44.291670670779546
3619	44.401703333035144
3620	44.38331353228186
3621	43.426911744128105
3622	43.137360352371154
3623	43.385565810399996
3624	42.822693772949485
3625	43.010964241517414
3626	43.86405798151089
3627	42.3860030911262
3628	41.95088520916361
3629	42.74189351300245
3630	42.87587400393749
3631	42.98855527792401
3632	43.98156693419897
3633	44.93312818553466
3634	43.97847241610518
3635	43.857192380674356
3636	45.05301097500661
3637	43.988213274318966
3638	44.31453337539482
3639	43.48137457022654
3640	44.13292428990432
3641	44.41726665867529
3642	42.76815585445299
3643	42.83100125116469
3644	45.2995109382126
3645	41.90414807915147
3646	43.02683553417099
3647	42.48719095356397
3648	44.42053500425649
3649	44.322493683583126
3650	43.92177232368707
3651	42.349692860229425
3652	42.58492572493676
3653	43.08609313443429
3654	43.94247559371611
3655	42.133028429557726
3656	43.51230672200755
3657	43.11121842052656
3658	41.95919324372068
3659	44.96446798511888
3660	43.48236107649737
3661	44.61810423842667
3662	43.39013694594108
3663	43.117008746367105
3664	43.91535669258763
3665	43.35680206096207
3666	42.476601229746606
3667	44.32836455841269
3668	44.43454802168297
3669	45.037091103748914
3670	43.75743945386597
3671	43.49518163750215
3672	41.70370425525002
3673	42.964495034747245
3674	44.0450849495997
3675	42.830773083799905
3676	43.49847258451405
3677	43.17982493448376
3678	43.47585666467008
3679	44.27110852518136
3680	44.02525363631117
3681	44.291843025239594
3682	45.38230440081098
3683	44.223739799184116
3684	43.7411826511651
3685	44.98696662948232
3686	44.461573847669115
3687	43.799897173475664
3688	44.404302347773495
3689	44.9745624909192
3690	44.80686146991077
3691	43.93545783672774
3692	44.81615424649999
3693	45.561513562874545
3694	44.99493459880966
3695	44.4398156078349
3696	43.62487763731765
3697	43.23904189942983
3698	44.50130070775729
3699	43.544238096815164
3700	44.32778548478913
3701	44.31564742548325
3702	45.500375118914114
3703	43.862243310638924
3704	44.04817038894515
3705	43.01659205658123
3706	42.379147998581615
3707	42.92351984253761
3708	44.50887588330302
3709	44.90467935595398
3710	43.85068581987021
3711	44.292846119370274
3712	43.534851523378634
3713	44.82010460462052
3714	43.02310903495965
3715	45.27317923845821
3716	44.84040681968867
3717	43.59486836924188
3718	43.62006085295667
3719	42.0126616693207
3720	43.7600742327424
3721	44.504398836147786
3722	44.140922724256065
3723	43.58608356706381
3724	43.58655466361702
3725	43.00331982802133
3726	42.65106583033448
3727	43.29025355484413
3728	42.954001319199214
3729	43.051643658521385
3730	43.40293191054146
3731	43.07326073726871
3732	42.86561169771392
3733	43.90939637047072
3734	43.799485791270584
3735	42.161108549103865
3736	42.88604836379241
3737	44.37661788633039
3738	44.15130798784008
3739	42.1927612096927
3740	42.981203939330754
3741	43.17486384217229
3742	43.79764082613338
3743	43.60536877486894
3744	44.55449331545324
3745	44.08727298948561
3746	43.35058231856162
3747	44.252841697574254
3748	44.962914117815544
3749	44.362830292672115
3750	44.47279364403126
3751	44.904815905793235
3752	46.6131771582406
3753	44.29328607082353
3754	44.75952779511311
3755	45.52029767087342
3756	42.98927659971275
3757	43.959183243400695
3758	43.923462704605406
3759	43.31153040013684
3760	43.71339004066276
3761	43.71028608577635
3762	43.501016337034756
3763	45.091881811424
3764	44.033220762262765
3765	42.440262099020366
3766	42.67320375248726
3767	42.68318052145443
3768	42.44188145346508
3769	44.08058617737631
3770	44.025357555752045
3771	43.311315092386835
3772	42.534726337466395
3773	43.428121988293015
3774	43.78380770003448
3775	43.67822239715702
3776	42.87884307510933
3777	43.06867286453402
3778	43.51970348353548
3779	42.64998432143889
3780	43.80524283672064
3781	43.13249718054749
3782	44.878731151915666
3783	44.29670148130472
3784	45.55290622189838
3785	43.68278641443603
3786	45.7641327127732
3787	44.947349304797854
3788	43.52752593964931
3789	43.99310965155072
3790	45.79669676492746
3791	43.73277426161989
3792	44.00744195064795
3793	44.04580463260382
3794	45.11106760997039
3795	45.963639699519035
3796	45.149892582076866
3797	44.99831686428122
3798	44.377766249254876
3799	45.20224746108518
3800	43.38093984857642
3801	43.828444326803684
3802	44.80123406705919
3803	44.992109150059825
3804	45.414693693011635
3805	44.70136849868206
3806	44.755853675520854
3807	44.31371491117193
3808	44.22806913374422
3809	44.60378857954596
3810	43.81102314467838
3811	44.71907697960031
3812	43.91863809705974
3813	43.23082018714514
3814	43.87562419837671
3815	44.25153650843781
3816	44.50715270211788
3817	43.04899544879379
3818	43.824200005427365
3819	44.77959827207424
3820	41.94274900674927
3821	44.01958117414744
3822	43.800608829622206
3823	42.500179246625905
3824	42.82430255913716
3825	44.37552670145806
3826	45.15554108522159
3827	42.55114560870288
3828	44.1538169419318
3829	44.13463307561546
3830	43.905859765120404
3831	44.02466211952596
3832	43.906131211008116
3833	44.28665320656945
3834	44.08260485907728
3835	44.76235365948778
3836	45.02813805571312
3837	43.301525681213285
3838	43.698980081368276
3839	44.03558366847716
3840	45.23868614344839
3841	43.96078749028107
3842	43.5336843219218
3843	42.875840861223196
3844	43.40901454578494
3845	44.38291013829892
3846	43.81791080815022
3847	44.80026759162154
3848	43.38401774538096
3849	43.82197664859557
3850	44.14404192056177
3851	44.20670550152065
3852	43.112021066381736
3853	44.79976195050533
3854	43.04339216517595
3855	44.37093301206217
3856	43.73668809343708
3857	42.324364809466374
3858	44.00397903140611
3859	44.356308329908394
3860	43.431662850196766
3861	43.55645851603509
3862	45.12167225420175
3863	44.813792592749316
3864	43.97486769693412
3865	45.0146582604685
3866	43.31048763021713
3867	43.34165864293653
3868	45.489174130771495
3869	45.09649288205902
3870	42.102441861227504
3871	42.523094031645854
3872	43.435494823317924
3873	41.80180390229636
3874	42.49609272776403
3875	44.16671879645261
3876	43.27503499688213
3877	42.93803229754524
3878	43.62049366339782
3879	43.799402618731975
3880	42.8698893257219
3881	43.54066897262438
3882	43.27966708833687
3883	43.07693003705943
3884	42.271143744610484
3885	43.602149764770125
3886	43.680898402870874
3887	44.54659711728467
3888	45.39731552227876
3889	46.04533335980948
3890	44.78938477215084
3891	45.7416741463612
3892	44.66431532734772
3893	45.220519746526094
3894	43.759840900529824
3895	43.49063357789301
3896	44.58671059082549
3897	45.34524481420097
3898	43.95977991821437
3899	45.44532483311919
3900	45.51934951804264
3901	45.121820901341806
3902	44.60160452934362
3903	43.03378444721334
3904	44.9778101351063
3905	44.428211448637995
3906	43.93456762181551
3907	43.24587592732274
3908	43.741320940827656
3909	44.058153428590245
3910	44.22311100947125
3911	43.90318466092676
3912	44.64108056246927
3913	44.97933610866519
3914	45.5526222492601
3915	44.22751200493532
3916	44.206914385409306
3917	45.20497832230594
3918	45.09710040560243
3919	42.992621368989816
3920	44.200229102471624
3921	43.47214077152277
3922	43.10338727867755
3923	43.64612445046788
3924	43.88198894535238
3925	42.32149917030586
3926	42.59540592939631
3927	44.343129056418036
3928	43.246531303072
3929	43.752677390227
3930	44.25081286991285
3931	43.82358479034491
3932	43.587741558192846
3933	44.94526101086434
3934	43.960905674610416
3935	44.412590726906906
3936	45.25472689019578
3937	44.31673567689657
3938	44.58707291014507
3939	45.69501804261625
3940	45.183264515646485
3941	45.9715098715184
3942	46.48539878394089
3943	45.14922811079136
3944	46.03516433171006
3945	46.472817538064476
3946	46.248461156461964
3947	44.55831404609887
3948	45.392544465326914
3949	43.78997137195061
3950	45.48119522163047
3951	45.78899473482488
3952	44.57329399418939
3953	42.08948584373775
3954	43.09871937472071
3955	42.181162291761304
3956	43.08363765307146
3957	43.84106755389469
3958	44.1912346633672
3959	43.98483881740233
3960	43.38196548406598
3961	43.097453209216646
3962	44.16733434655477
3963	42.45959266365916
3964	43.59403358878631
3965	43.84467069702643
3966	43.93286799330594
3967	43.852949654452196
3968	43.46277135396453
3969	42.79130862677021
3970	43.74946708053531
3971	43.55196618056845
3972	43.1808123407848
3973	43.663135326285705
3974	43.677335728204234
3975	42.88013155554572
3976	44.109419469356396
3977	43.80589438846789
3978	42.64068649345526
3979	44.07364672968328
3980	44.19372884367624
3981	44.349431923560694
3982	43.61088754880627
3983	44.397459785653396
3984	43.9696141121718
3985	44.35395649490157
3986	44.682856090979875
3987	44.20992653159651
3988	45.08599589758195
3989	43.06969650298237
3990	42.6701471087081
3991	43.709932354674116
3992	44.407662525868005
3993	43.896218170034444
3994	42.78901281879063
3995	43.81732490635603
3996	44.64211829361508
3997	44.44440060162174
3998	43.32193915789027
3999	44.95653706071681
4000	43.56768325025267
4001	43.965259722063735
4002	44.696554872509296
