0.03 0.04200810940603926
0.05 0.059256724453800896
0.08 0.07244164159754984
0.1 0.08351972124181989
0.12 0.09323806353854172
0.15 0.10199737015773307
0.18 0.11001114428383081
0.2 0.11746898247525833
0.23 0.12443530825793755
0.25 0.13097244709286718
0.28 0.13721891720026771
0.3 0.14313871617053667
0.33 0.14882031722460962
0.35 0.15425854609228787
0.38 0.15944405627855546
0.4 0.16450121272966145
0.43 0.16938224254154263
0.45 0.17402303573376954
0.48 0.17859391083119447
0.5 0.1830403860540901
0.53 0.18738095189512963
0.55 0.19150440809630825
0.58 0.19550217850982549
0.6 0.19955464389033403
0.62 0.20360804523841697
0.65 0.20746487379261674
0.68 0.21105914318902583
0.7 0.21466644908507534
0.73 0.21803303181780484
0.75 0.22167861033704708
0.78 0.22531327497937365
0.8 0.22836951532922942
0.83 0.23162889430844014
0.85 0.2349664848989408
0.88 0.23817208433579115
0.9 0.2409382798564001
0.93 0.24428973438068471
0.95 0.24721716892913567
0.98 0.2506656789128228
1.0 0.2532569982452151
1.03 0.25610880211993775
1.05 0.258869825646266
1.07 0.26217972565458414
1.1 0.264523039549344
1.12 0.2669644792091816
1.15 0.26955328514804605
1.18 0.27231578659219247
1.2 0.2747420402485969
1.23 0.2773713438276392
1.25 0.28037747710894556
1.28 0.2822126688281659
1.3 0.28519086104485636
1.33 0.287666012885745
1.35 0.29014165051402474
1.38 0.29262704520055405
1.4 0.294407007177236
1.43 0.29695089699545185
1.45 0.2989701307551901
1.48 0.30083310561448784
1.5 0.3039223004285292
1.53 0.3060282598004158
1.55 0.3083473913635508
1.58 0.31106339358056534
1.6 0.3123169461311627
1.62 0.3142844894947866
1.65 0.31613347450823276
1.68 0.3185943639749041
1.7 0.3205297056842226
1.73 0.32195265980602633
1.75 0.32429548436367045
1.78 0.3266642019530548
1.8 0.3289617026348193
1.83 0.3300459859079501
1.85 0.33132516057046096
1.88 0.3339925958648937
1.9 0.33545892132806343
1.93 0.338994116422017
1.95 0.33953030293043757
1.98 0.34091093495082603
2.0 0.34337141516908476
2.02 0.3458540487800692
2.05 0.3477903280574737
2.08 0.34724070970008397
2.1 0.35195065694762745
2.12 0.3529747407453275
2.15 0.3549740707959994
2.18 0.35653240287339705
2.2 0.3570211438737752
2.23 0.3589594565417975
2.25 0.3618217568307792
2.27 0.3625873099378648
2.3 0.3639953884130872
2.33 0.36606162091504374
2.35 0.3666500751450031
2.38 0.36880694716736445
2.4 0.36983397488368086
2.43 0.3734903608014478
2.45 0.37393653110167885
2.48 0.3734548616669828
2.5 0.37667852183490946
2.53 0.37807171983261684
2.55 0.37918751775963183
2.58 0.3841753984012653
2.6 0.3825182825415039
2.62 0.38399567990331734
2.65 0.3858508812403371
2.68 0.38694892350553567
2.7 0.3901567045653591
2.73 0.39054704917271743
2.75 0.39100240142489734
2.78 0.3946766398437185
2.8 0.39386818706687976
2.83 0.3989398096511292
2.85 0.3973242984927746
2.88 0.39672112791154396
2.9 0.40046380069004417
2.93 0.4021361969702528
2.95 0.4024617151318223
2.98 0.40529942895018056
3.0 0.4057133754047272
3.03 0.40699186240812985
3.05 0.40984895536433774
3.08 0.4093730978670754
3.1 0.410040830370835
3.12 0.41194317242939477
3.15 0.41458931111549185
3.18 0.41295515827705104
3.2 0.4157812733543656
3.23 0.4206456728260174
3.25 0.4209172680463217
3.28 0.4192377671409085
3.3 0.42011060896652325
3.33 0.4170269196307874
3.35 0.42411318276677146
3.38 0.42465937591107944
3.4 0.4256527371876407
3.43 0.42779355572955424
3.45 0.42953180652344003
3.48 0.4274080810688678
3.5 0.4304643231537125
3.53 0.43168479494647294
3.55 0.43180568580063294
3.58 0.43390476634229785
3.6 0.4375615097296896
3.62 0.43517732745944504
3.65 0.4357697917157544
3.68 0.43557410585058454
3.7 0.4408947585325031
3.73 0.443152430501712
3.75 0.4419295407945987
3.78 0.4421888311519604
3.8 0.44568379954910015
3.83 0.4424105725569725
3.85 0.4491478220020095
3.88 0.4484878075337044
3.9 0.45144976477727783
3.93 0.4463277395450157
3.95 0.45212686551134607
3.98 0.4515354186187684
4.0 0.4519606558552245
4.03 0.4542679064608342
4.05 0.4576377548618923
4.08 0.45459495485907797
4.1 0.45644235091725843
4.12 0.46059548724141186
4.15 0.45698095645826337
4.17 0.4583145492062275
4.2 0.4605867071257682
4.23 0.46116001720702143
4.25 0.45898656399305476
4.28 0.461184139002834
4.3 0.4652133343634285
4.33 0.46481380619558804
4.35 0.46677474901926275
4.38 0.4739271762640265
4.4 0.46921939250647776
4.42 0.4662107930939242
4.45 0.46854103592260266
4.48 0.47297966397799956
4.5 0.4712161645771727
4.53 0.47033423763832105
4.55 0.4755497226732789
4.58 0.4751650481675822
4.6 0.47586344688525173
4.62 0.47875327953344105
4.65 0.47792101883022153
4.67 0.48001888124221187
4.7 0.4788599465808608
4.73 0.4827543278997279
4.75 0.48038414646963545
4.78 0.4851737235165772
4.8 0.48908758773815486
4.83 0.48439736699203984
4.85 0.48360314319817416
4.88 0.4871623902232574
4.9 0.4857303609254192
4.93 0.48456097881520405
4.95 0.48513905574894667
4.98 0.4893517632422337
5.0 0.4964080831374398
5.03 0.4970561684579474
5.05 0.49518792437066395
5.08 0.488596776999477
5.1 0.49390769173740395
5.12 0.4944601208844085
5.15 0.5011847544460786
5.18 0.4936398054216782
5.2 0.49058671593188935
5.23 0.5056150685043287
5.25 0.5035082805322096
5.28 0.5069238108896041
5.3 0.49963771268153545
5.33 0.5018116556516858
5.35 0.5032059432089075
5.38 0.5044670579360314
5.4 0.509974975959913
5.43 0.5039252551007237
5.45 0.5064748933165494
5.48 0.506167323700031
5.5 0.5000618289004571
5.53 0.5042135011051505
5.55 0.5166995769055688
5.58 0.5099970900263919
5.6 0.5134682751580366
5.62 0.5149876611151873
5.65 0.5072478738191895
5.68 0.5186310561131452
5.7 0.5125762531093133
5.73 0.5163430415054506
5.75 0.5089191032392356
5.78 0.5133712115375273
5.8 0.5175261764297608
5.83 0.5183128847034945
5.85 0.515550001195317
5.88 0.5268666171634685
5.9 0.5210637949872908
5.93 0.5267221760578609
5.95 0.5252384227773824
5.98 0.5196166921984766
6.0 0.5314510833707824
6.03 0.5257775193913287
6.05 0.5289535041045174
6.08 0.5293382417765645
6.1 0.5188139405712854
6.12 0.5262199919336428
6.15 0.5280341982745912
6.18 0.53118478270697
6.2 0.5247858063121407
6.23 0.5294012716945992
6.25 0.533977019940999
6.28 0.5309236606555888
6.3 0.5361609251935605
6.33 0.5329528319398076
6.35 0.5353445486472816
6.38 0.5306938420161058
6.4 0.5411314434524387
6.43 0.5377781680012342
6.45 0.5401576806496683
6.48 0.5372163852803808
6.5 0.5351618118716845
6.53 0.5401654195311626
6.55 0.5313373592639237
6.58 0.5397879036493808
6.6 0.5447175595337264
6.62 0.5466235379235184
6.65 0.538377737362803
6.68 0.5313659213861085
6.7 0.5406618466206735
6.73 0.5400838977432134
6.75 0.5513893963856418
6.78 0.5471339706244492
6.8 0.5522825459454186
6.83 0.5502993682968434
6.85 0.5447020973633211
6.88 0.5448273816796336
6.9 0.5508395997479546
6.93 0.55019437462756
6.95 0.5502469955661696
6.98 0.5421253772221003
7.0 0.555876652116307
7.03 0.5408011901580829
7.05 0.5573656306300833
7.08 0.5527555485807378
7.1 0.5591415851173329
7.12 0.5656516120936687
7.15 0.5464734552911694
7.18 0.5599093717109173
7.2 0.5484476166466277
7.23 0.5532220583082638
7.25 0.5726776831356349
7.28 0.5536937671380627
7.3 0.5638356370408718
7.33 0.5635525169860188
7.35 0.5519887646421996
7.38 0.5613719880282234
7.4 0.5528845880524396
7.43 0.545011423671477
7.45 0.5601230773633266
7.48 0.5529974677381547
7.5 0.5621303058513895
7.53 0.571265359961455
7.55 0.5529313842279555
7.58 0.5703697752614239
7.6 0.5619991875741455
7.62 0.5676104561853308
7.65 0.573287863627809
7.68 0.560832763820957
7.7 0.5739415076470592
7.73 0.5624057498245124
7.75 0.5709570027927983
7.78 0.5763031858993221
7.8 0.5657089453728017
7.83 0.5756491341959615
7.85 0.5808290989190622
7.88 0.5786161296002225
7.9 0.5858435918442813
7.93 0.5742528429196333
7.95 0.565729786078375
7.98 0.5687622736163438
8.0 0.5693877737058718
8.03 0.5692004890303262
8.05 0.5775154925682837
8.08 0.5836296392159588
8.1 0.5725679754604878
8.12 0.5747465838136712
8.15 0.5882648162273314
8.18 0.5727406810518991
8.2 0.5683822008671353
8.22 0.5818070653319543
8.25 0.5787273650290732
8.28 0.5653003005255195
8.3 0.5758997931321745
8.33 0.5819537431964074
8.35 0.5783651653432318
8.38 0.5850736419734884
8.4 0.5825295285851289
8.43 0.5786583322588932
8.45 0.5881362658245204
8.47 0.5969338717659872
8.5 0.5781040840408835
8.53 0.579065572113961
8.55 0.589650653763967
8.58 0.5914033564845481
8.6 0.5843695883829462
8.62 0.5886807226694167
8.65 0.596730375681232
8.68 0.5871328604460392
8.7 0.5838344205021567
8.72 0.5895239923806272
8.75 0.5908258356399031
8.78 0.5807464981115487
8.8 0.5905806607009461
8.83 0.6025145217516603
8.85 0.5980941713983823
8.88 0.5940229818040248
8.9 0.5964185164908209
8.93 0.6091327828683202
8.95 0.6053559735892025
8.97 0.597941882635403
9.0 0.5954611687688953
9.03 0.5952206496893198
9.05 0.594014765190252
9.08 0.5884991849259624
9.1 0.5932892149302545
9.12 0.5919639287677542
9.15 0.6005414177401428
9.18 0.6140339586275155
9.2 0.6080537187710293
9.22 0.6105594080275079
9.25 0.6128640642568204
9.28 0.6079326951310754
9.3 0.5969447090881863
9.33 0.5947181172740462
9.35 0.6093949747496402
9.38 0.6074856120211723
9.4 0.5952972795664984
9.43 0.5926799591935566
9.45 0.6016435939287509
9.47 0.5928725701842577
9.5 0.592891271300378
9.53 0.6091490995284958
9.55 0.6168219207665211
9.58 0.6064978060531727
9.6 0.5966149655712446
9.62 0.6018161457275673
9.65 0.6057335528232333
9.68 0.6031376450501607
9.7 0.6061768320545788
9.73 0.6075984201768865
9.75 0.6133642409134903
9.78 0.6053921372597292
9.8 0.6056918041728392
9.83 0.6084314456439958
9.85 0.6082122954416259
9.88 0.6157976045814412
9.9 0.6134599718711565
9.93 0.6097691393285052
9.95 0.602676782658109
9.98 0.6104437983382082
10.0 0.6349069903540371
10.03 0.6408156156190461
10.05 0.6212258149370935
10.08 0.6079863893723367
10.1 0.6202965914330563
10.12 0.637137512350759
10.15 0.6278596415573194
10.18 0.6237150662125317
10.2 0.6157932265927838
10.23 0.6270423971862101
10.25 0.6323822307389032
10.28 0.6316994313825712
10.3 0.6170166349104442
10.33 0.6200430790000767
10.35 0.6209453500979061
10.38 0.6181741431777368
10.4 0.6147056073517567
10.43 0.6178443078461803
10.45 0.614194491230039
10.48 0.6147256899811948
10.5 0.6280116734077884
10.53 0.6241540243509796
10.55 0.6295840152969057
10.58 0.6118495398460486
10.6 0.6080499597954302
10.62 0.6168950333130422
10.65 0.6242423610694999
10.68 0.6269578378706929
10.7 0.6223455003977804
10.73 0.6196535165601497
10.75 0.634763197599944
10.78 0.6403161839977166
10.8 0.6302584971899677
10.83 0.6109921852644795
10.85 0.6126738260672253
10.88 0.6241518566332648
10.9 0.6408752292707608
10.93 0.6415441910105105
10.95 0.6293782603279187
10.98 0.6228637912744595
11.0 0.6349827628277036
11.03 0.6393076661911913
11.05 0.6400268051627295
11.08 0.6273973532541942
11.1 0.6219949121884363
11.12 0.6308992329777334
11.15 0.6315759293935878
11.18 0.6429834574309081
11.2 0.6390116826804133
11.23 0.6296215975844162
11.25 0.6347435815472846
11.28 0.6366649780077378
11.3 0.6360669815952965
11.33 0.6382516246926881
11.35 0.6419796125555316
11.38 0.6379653943727385
11.4 0.6322786768545297
11.43 0.6269868295594689
11.45 0.6336712878580057
11.48 0.6437508747350075
11.5 0.6491774452046287
11.53 0.6555589256042265
11.55 0.6421871991066315
11.58 0.627562561075814
11.6 0.6280660471754886
11.62 0.637768636720791
11.65 0.6552643855417839
11.68 0.651417841697192
11.7 0.6418294864600379
11.73 0.6311808736254493
11.75 0.6392826135531839
11.78 0.649202525894261
11.8 0.6658475073882032
11.83 0.6704519282295989
11.85 0.6632872011456746
11.88 0.6491546926363649
11.9 0.6378586832622268
11.93 0.6412224803466454
11.95 0.6544990105654865
11.98 0.6723386149840959
12.0 0.6600069101976832
12.03 0.6392061944987468
12.05 0.6201735982983441
12.08 0.6204215192566996
12.1 0.6379770770115863
12.12 0.6539274719720428
12.15 0.6620887925670982
12.18 0.6475912401656343
12.2 0.6353094746571535
12.23 0.6337279382096582
12.25 0.6328606850620899
12.28 0.6406099860327221
12.3 0.6523105220194816
12.33 0.6594234093508535
12.35 0.6505713580486161
12.38 0.638938671798382
12.4 0.629748241680512
12.43 0.638799626488774
12.45 0.6486058360623136
12.48 0.6534644207181209
12.5 0.6708955426566888
12.53 0.6785804697390421
12.55 0.6637421741113128
12.58 0.6524327174462149
12.6 0.6537972849803819
12.62 0.6629892272871711
12.65 0.6592497586673921
12.68 0.6629111623989413
12.7 0.6673521491617498
12.73 0.6523576983792242
12.75 0.6359555656227451
12.78 0.634986246282739
12.8 0.6382725988355767
12.83 0.6453860923338441
12.85 0.6675799715131663
12.88 0.676657450628869
12.9 0.6788259089705032
12.93 0.6670673711321732
12.95 0.6557971992635823
12.98 0.6407651139084944
13.0 0.6393014033298168
13.03 0.6485544478671809
13.05 0.6629791806880468
13.08 0.6693571560448821
13.1 0.6788732091526534
13.12 0.6808937197526919
13.15 0.6733273131748443
13.18 0.6715743946571674
13.2 0.6700548024625576
13.23 0.6817678836902594
13.25 0.6852700976129128
13.28 0.6791691862386543
13.3 0.685325234860334
13.33 0.6820303243111404
13.35 0.66766500089895
13.38 0.6538205287370957
13.4 0.6434778938759288
13.43 0.6440292641855075
13.45 0.6476042762192441
13.48 0.6505533425427524
13.5 0.666778910276427
13.53 0.6722352515880986
13.55 0.6587838588463772
13.58 0.6565959504259223
13.6 0.6622431021293337
13.62 0.6635057055541305
13.65 0.6703846816614434
13.68 0.6778448486161146
13.7 0.681291090041191
13.73 0.6828285825589757
13.75 0.6756553367867464
13.78 0.6631761568420134
13.8 0.6496849427517369
13.83 0.6413705791496599
13.85 0.6458884897265701
13.88 0.6565753045419118
13.9 0.6781444226789496
13.93 0.6822445494443637
13.95 0.6945480383206769
13.98 0.7003623629270622
14.0 0.6962812159800964
14.03 0.6900422294599821
14.05 0.6868028933268358
14.08 0.6924489121090497
14.1 0.7066946816282429
14.12 0.7031243577861543
14.15 0.6934336880137053
14.18 0.6967760479196808
14.2 0.7015233295376375
14.23 0.698164009092697
14.25 0.686044341012655
14.28 0.6774517276163518
14.3 0.6798102920555474
14.33 0.6761409938357994
14.35 0.6793253350596746
14.38 0.6772091220925573
14.4 0.673602867333267
14.43 0.6675422665379744
14.45 0.6786980578946855
14.48 0.6875722942812116
14.5 0.6904930451745176
14.53 0.694599803027768
14.55 0.6935005909636164
14.58 0.6920285926410986
14.6 0.6905762288325
14.62 0.6938735072614554
14.65 0.6909157608311006
14.68 0.6868079748174782
14.7 0.6812001678896981
14.73 0.6867343395380578
14.75 0.6755697114518798
14.78 0.6734370838467296
14.8 0.6633927498807003
14.83 0.6577238462045616
14.85 0.6540520809547845
14.88 0.6593532370331985
14.9 0.6714663214317449
14.93 0.6765666472681592
14.95 0.6873046905143305
14.98 0.6829859469606255
15.0 0.6847132256053239
15.03 0.6861144170888923
15.05 0.6831739101590807
15.08 0.6779102026458971
15.1 0.6767666321378272
15.12 0.6853916226131183
15.15 0.6951856688322645
15.18 0.7130410610135866
15.2 0.6991483131910594
15.23 0.6816571877979476
15.25 0.6776900966912327
15.28 0.6687034043953991
15.3 0.6668522472873523
15.33 0.6655833721849828
15.35 0.6648487524708689
15.38 0.6720328898473469
15.4 0.6923063706346159
15.43 0.6900333795634062
15.45 0.6800774140070952
15.48 0.6765086066546719
15.5 0.6790656350833766
15.53 0.6723567904271961
15.55 0.6622131750607834
15.58 0.6622375309973899
15.6 0.6667769003890931
15.62 0.6815934621924594
15.65 0.7144657616789846
15.68 0.7301191594224128
15.7 0.7265957869407309
15.73 0.7223068475152686
15.75 0.7139053017381062
15.78 0.6965709782947329
15.8 0.6791192334851177
15.83 0.668645956203226
15.85 0.6566658805330389
15.88 0.6579499188477778
15.9 0.6793301264050978
15.93 0.6917452016698733
15.95 0.6929612959481909
15.98 0.6872447630330148
16.0 0.6851249900320459
16.03 0.6803410093918036
16.05 0.678478617561492
16.07 0.6671695193566254
16.1 0.6692950670869429
16.12 0.6794647651905092
16.15 0.7052183340950013
16.18 0.7137808027533864
16.2 0.7181646064745828
16.23 0.7146114824188272
16.25 0.7150747222513029
16.28 0.7147909528290939
16.3 0.7065335939431598
16.32 0.6968282678035821
16.35 0.6815575044164955
16.38 0.6728289218158875
16.4 0.6733231624888035
16.43 0.6936256265334021
16.45 0.7136166073380119
16.48 0.7284557036683816
16.5 0.7311379617043731
16.53 0.7281936810971241
16.55 0.7199699903481335
16.57 0.7216453934892734
16.6 0.7181660800030514
16.62 0.7169544812238982
16.65 0.7202622811372489
16.68 0.7189951185714151
16.7 0.7257985905111198
16.73 0.7218914436127266
16.75 0.7264904023229668
16.78 0.7359848963849112
16.8 0.7321340337794058
16.82 0.726948464402402
16.85 0.7173958933933058
16.88 0.7088607979199953
16.9 0.6995780060900385
16.93 0.6872934295224318
16.95 0.6768932449006534
16.98 0.6784401304240559
17.0 0.6739851537560586
17.03 0.6704504670430753
17.05 0.6672628394846084
17.07 0.6752541918565622
17.1 0.6882851449913726
17.12 0.7013732217108122
17.15 0.6971199690749017
17.18 0.6966177639389096
17.2 0.6940671461765286
17.23 0.6918556575983519
17.25 0.6937624634526904
17.28 0.7092287706619701
17.3 0.7135601674286057
17.32 0.7076405741010514
17.35 0.7086531320212033
17.38 0.7099391968083546
17.4 0.7048958502909783
17.43 0.7051139291658316
17.45 0.7094124519788603
17.48 0.7148527493745129
17.5 0.7156333369231704
17.53 0.7181790279360963
17.55 0.71832951560423
17.57 0.7358922071686645
17.6 0.7434497728645574
17.62 0.745540940824427
17.65 0.7435980357205928
17.68 0.7349014082048017
17.7 0.7244137907063325
17.73 0.7203503006371489
17.75 0.7145290694500249
17.78 0.7101615294595536
17.8 0.7152184196553301
17.82 0.7289933101763036
17.85 0.740058062417384
17.88 0.7547006876060335
17.9 0.7637570188390888
17.93 0.7733010390635527
17.95 0.7770538045411552
17.98 0.7765904659191055
18.0 0.776583401547889
18.03 0.7704814040182503
18.05 0.7615593981187572
18.07 0.7539514994691165
18.1 0.7362896172273808
18.12 0.7171798431643435
18.15 0.7075028927358431
18.18 0.7064877303111318
18.2 0.7239189020916131
18.23 0.7259552968473957
18.25 0.7247402196252107
18.28 0.7254947338151398
18.3 0.7299914900486997
18.32 0.7324668556407878
18.35 0.7294779721658665
18.38 0.7168376893606249
18.4 0.7068049255729821
18.43 0.6996434512519998
18.45 0.6913031911091335
18.48 0.6839213509399986
18.5 0.6735196875445965
18.53 0.6655672693578046
18.55 0.6729598691702098
18.57 0.6738289333177849
18.6 0.6829822388012866
18.62 0.6961845730410722
18.65 0.7051028551742021
18.68 0.7104559286888145
18.7 0.7136642002064323
18.73 0.7119584768452292
18.75 0.7074424545523618
18.78 0.7068623164919697
18.8 0.7086418055592625
18.82 0.7079374873810218
18.85 0.7031728173076982
18.88 0.7046235653816498
18.9 0.728759724189887
18.93 0.7323960925415542
18.95 0.7307686872925445
18.98 0.7323632831732347
19.0 0.7362155044554535
19.03 0.7425648091674705
19.05 0.7563687215785682
19.07 0.7577814077670508
19.1 0.7498327147850458
19.12 0.7393869217678577
19.15 0.7265767694663988
19.18 0.7152568705393193
19.2 0.7084713229539572
19.23 0.7029102264770422
19.25 0.7143256843198573
19.28 0.7186740057250759
19.3 0.7200196418155714
19.33 0.7214774180344099
19.35 0.7225327786314008
19.38 0.7252534288954201
19.4 0.7361285110886643
19.43 0.7403805361120664
19.45 0.7392607726460643
19.48 0.7407477953017789
19.5 0.7415146265905392
19.53 0.7375273104410824
19.55 0.7310371850012838
19.58 0.7323431465005719
19.6 0.7248835931782681
19.62 0.7265886245468999
19.65 0.7219592382484195
19.68 0.7224439214097489
19.7 0.7234827305794194
19.73 0.7261553333748768
19.75 0.7258805158420183
19.78 0.7222571381639237
19.8 0.7198009593293436
19.83 0.7215316415600174
19.85 0.7162845835416202
19.88 0.7108101442547935
19.9 0.7053145031433431
19.93 0.7053084068477606
19.95 0.7108380131496314
19.98 0.7201152578305473
20.0 0.7250085348796113
20.03 0.7403856311454355
20.05 0.7393405397306374
20.08 0.7316534195350045
20.1 0.7252125560421573
20.12 0.7167605498439193
20.15 0.7108174298488529
20.18 0.7073425667518372
20.2 0.7091444382279236
20.23 0.7151003064364306
20.25 0.7188580192675772
20.28 0.7086803626489119
20.3 0.6946907455266665
20.33 0.6887362733572052
20.35 0.6853971968752072
20.38 0.6861475209618196
20.4 0.6971734907113001
20.43 0.7208592100293445
20.45 0.7334123057160857
20.48 0.7455791288970869
20.5 0.7544902284818001
20.53 0.7663809213932997
20.55 0.7671818987624863
20.58 0.7599350580152787
20.6 0.7509743716227945
20.62 0.7420614530001842
20.65 0.738071402816311
20.68 0.737436959624907
20.7 0.7345721034430708
20.73 0.7313354010213159
20.75 0.7240502409996429
20.78 0.7171715582069099
20.8 0.7155511784455384
20.83 0.7155075728605322
20.85 0.7313031886884721
20.88 0.7338335099285231
20.9 0.7390567485665225
20.93 0.752010419496879
20.95 0.768047820882044
20.98 0.7814181615217772
21.0 0.7874216426302182
21.03 0.785854951061582
21.05 0.7775580370315435
21.08 0.7683468834184436
21.1 0.7555721191617122
21.12 0.7398065882360775
21.15 0.7168976250358855
21.18 0.6945495509968443
21.2 0.67919659897249
21.23 0.674178693449306
21.25 0.6803485646227067
21.28 0.6871961676929771
21.3 0.7019707729210678
21.33 0.710799666953204
21.35 0.721896602832989
21.38 0.7316772494647745
21.4 0.7457822471484468
21.43 0.7526612070980546
21.45 0.7654294353649487
21.48 0.7831173339284382
21.5 0.802359599352216
21.53 0.8118819306253297
21.55 0.8103225424883738
21.58 0.803989048145333
21.6 0.7893276419468312
21.62 0.7621383744342741
21.65 0.7349771107860341
21.68 0.7132854726402588
21.7 0.6974330319718391
21.73 0.6794720343845128
21.75 0.6675833909227469
21.78 0.6762692413451336
21.8 0.6818233002748293
21.83 0.6896761817349867
21.85 0.6961481972407332
21.88 0.7024887905767611
21.9 0.71725553200907
21.93 0.7303824136205335
21.95 0.7482039109627158
21.98 0.7612267522994579
22.0 0.7719388282720187
22.03 0.7790564551713277
22.05 0.7836979045921093
22.08 0.7873381508222372
22.1 0.7844762687806396
22.12 0.7699382591596556
22.15 0.757925522477023
22.18 0.7460991712388851
22.2 0.7258296940386999
22.23 0.7060280931425412
22.25 0.7004486189703243
22.28 0.6863934607090609
22.3 0.679437179848277
22.33 0.6758173366665658
22.35 0.6783275734683553
22.38 0.6906052560891367
22.4 0.6985112584051963
22.43 0.7039938049209395
22.45 0.7096443638053385
22.48 0.7238590664658905
22.5 0.7405712626888465
22.53 0.756118750512175
22.55 0.7646141254034599
22.58 0.7661152055683889
22.6 0.7655202740375923
22.62 0.7599735372128061
22.65 0.7567194300657935
22.68 0.758061572464675
22.7 0.752383709641083
22.73 0.7426206958858441
22.75 0.7480303716328361
22.78 0.7376354217076011
22.8 0.7257599339584572
22.83 0.7118257703875495
22.85 0.703485219794818
22.88 0.6975690244971372
22.9 0.6935587972386885
22.93 0.693505830533732
22.95 0.6992620824139145
22.98 0.7035044192911962
23.0 0.711768782632975
23.03 0.7240779071741698
23.05 0.7364811861333227
23.08 0.7427444539790978
23.1 0.7421857524531532
23.12 0.7388438486846034
23.15 0.7334360888445303
23.18 0.7325925707826816
23.2 0.7317866670008247
23.23 0.7378358872237937
23.25 0.7427235790992539
23.28 0.7580594159350919
23.3 0.7625430782062024
23.33 0.7548689811518313
23.35 0.7476398492417567
23.38 0.741082125453648
23.4 0.7305984566440045
23.43 0.721967411732252
23.45 0.7154527985511264
23.48 0.7159676312426495
23.5 0.7162325122329989
23.53 0.7179574794678188
23.55 0.7221067042226573
23.58 0.7263159902722034
23.6 0.740884616041913
23.62 0.7551340970954843
23.65 0.7636521431259837
23.68 0.7679496324967591
23.7 0.7683108784512733
23.73 0.7640431554774417
23.75 0.760743331222811
23.78 0.7598836073267701
23.8 0.7603359496337896
23.83 0.770657060773297
23.85 0.7764119886408
23.88 0.7831362543031997
23.9 0.7957709157289421
23.93 0.8083910173053548
23.95 0.8175248574021914
23.98 0.8168253674892397
24.0 0.8104270449567
24.03 0.8000805919416686
24.05 0.7901771529844629
24.08 0.7810146649815444
24.1 0.7697827718713289
24.12 0.7590174460036475
24.15 0.7551561776738017
24.18 0.7496275592842608
24.2 0.7531856846253818
24.23 0.7587281335336479
24.25 0.762561323050502
24.28 0.7574712570347313
24.3 0.747158614359682
24.33 0.7336337379100558
24.35 0.7248562793083603
24.38 0.7200016193509544
24.4 0.7201410693682261
24.43 0.7280928678798532
24.45 0.7296453073831369
24.48 0.7359951533963135
24.5 0.7413239960421424
24.53 0.745966444710032
24.55 0.7515258090552573
24.58 0.7560788294552222
24.6 0.7668874531755275
24.62 0.7837630441698884
24.65 0.7938382873935349
24.68 0.8017412229624065
24.7 0.8073196134429453
24.73 0.8028097302758959
24.75 0.7929729626581891
24.78 0.781094325147652
24.8 0.7710962176328772
24.83 0.7647677422340154
24.85 0.7648564532775861
24.88 0.7651588295193696
24.9 0.7627125034895477
24.93 0.7545500422481768
24.95 0.7487984256075518
24.98 0.7438579468866411
25.0 0.7373893053528485
25.03 0.7384485875963444
25.05 0.7316593995184706
25.08 0.7264419747919161
25.1 0.7237785354969868
25.12 0.7226421668529809
25.15 0.7224330857465522
25.18 0.7260226423976814
25.2 0.7330521109548336
25.23 0.7432800468669298
25.25 0.7557218994420486
25.28 0.7662382233776305
25.3 0.7729984186832771
25.33 0.7795480750560635
25.35 0.7871378752789748
25.38 0.7954341135476246
25.4 0.8049321605466322
25.43 0.8048573308197597
25.45 0.798016809730722
25.48 0.7878118860167862
25.5 0.7802344957590756
25.53 0.7721673733763276
25.55 0.7630311301409961
25.58 0.7576348402294218
25.6 0.7498160103423531
25.62 0.7469857445486238
25.65 0.7453366095979858
25.68 0.7524749909457727
25.7 0.7425662798168831
25.73 0.7290093192797263
25.75 0.7195084697772549
25.78 0.7085104723430357
25.8 0.7006023805621632
25.83 0.6967759804368061
25.85 0.690366932977272
25.88 0.6878547123396029
25.9 0.6908343785308078
25.93 0.6929555968369335
25.95 0.6925742820998724
25.98 0.6937205478553541
26.0 0.7003441618210049
26.03 0.7140277182362182
26.05 0.7331254887282981
26.08 0.7539969438342827
26.1 0.7685204887459945
26.12 0.7783257017858931
26.15 0.7825300771401723
26.18 0.7838879274350601
26.2 0.7844074483044329
26.23 0.7811962925060153
26.25 0.7703652203167991
26.28 0.7611208055372245
26.3 0.7492546225240911
26.33 0.738985405170861
26.35 0.7408202641532956
26.38 0.7368138149218911
26.4 0.7368144562170484
26.43 0.7380213893446746
26.45 0.7431261502449313
26.48 0.7438591676113046
26.5 0.7431861749921567
26.53 0.7454749304425676
26.55 0.7468327105810736
26.58 0.7477698494955756
26.6 0.7456368412891032
26.62 0.7421727011641532
26.65 0.745017443233268
26.68 0.7482378862312322
26.7 0.752502288756245
26.73 0.7613879108137654
26.75 0.7679337571846934
26.78 0.7745058191702475
26.8 0.7784704554103854
26.83 0.7873404118371277
26.85 0.7933425324051224
26.88 0.7990838963800065
26.9 0.808782820040427
26.93 0.8151019002842087
26.95 0.8151151395732711
26.98 0.8172877922356383
27.0 0.8188070480207712
27.03 0.8151945416735422
27.05 0.8154909174199446
27.08 0.8058100133624498
27.1 0.7945477732552461
27.12 0.7798041464728867
27.15 0.7660139739303548
27.18 0.7534158151825635
27.2 0.7420454196362852
27.23 0.7339706180082853
27.25 0.7295874221109057
27.28 0.7318351813719871
27.3 0.7352364127839572
27.33 0.7417886970070146
27.35 0.7486011950810604
27.38 0.7546650543807288
27.4 0.7611990500281117
27.43 0.7655131055355465
27.45 0.7666872057284834
27.48 0.765376905105482
27.5 0.7639373114357122
27.53 0.7671368317461984
27.55 0.7688870628033505
27.58 0.7692796011313129
27.6 0.7720549336482353
27.62 0.7773714230791539
27.65 0.7775957758260179
27.68 0.7784170491768533
27.7 0.7798077037647309
27.73 0.7831369227103697
27.75 0.7882057567101
27.78 0.7930277522622052
27.8 0.8061685348693864
27.83 0.8075442690980066
27.85 0.8042940098174537
27.88 0.8085297720819771
27.9 0.8121983112505833
27.93 0.8107578058062619
27.95 0.8087075406667791
27.98 0.7985268094368055
28.0 0.7857186851551374
28.03 0.772420357425832
28.05 0.7570678335300602
28.08 0.7428914978563859
28.1 0.7342930262148869
28.12 0.728744506354766
28.15 0.7254224699342557
28.18 0.7245797129639018
28.2 0.7240139375914499
28.23 0.7259616850585436
28.25 0.7286346878357043
28.28 0.7318363308756575
28.3 0.7361894382518529
28.33 0.7447839027986575
28.35 0.7522496155971472
28.38 0.755275642625884
28.4 0.7553034159099411
28.43 0.7512604722091769
28.45 0.7503673502225974
28.48 0.7529179732941057
28.5 0.7554671021810869
28.53 0.7570290569585544
28.55 0.760595743481777
28.58 0.7658489904076023
28.6 0.7760182924607208
28.62 0.7793808861988978
28.65 0.7798230525663393
28.68 0.7804623897843186
28.7 0.7803247303440571
28.73 0.7779510266057617
28.75 0.7780231593595377
28.78 0.7787207172235057
28.8 0.7760849568725876
28.83 0.7738179048358037
28.85 0.7697548968728266
28.88 0.7659942837941685
28.9 0.7609864814639791
28.93 0.7527765942617773
28.95 0.7428257779113918
28.98 0.7333273150733058
29.0 0.7257111357387103
29.03 0.7214444650232533
29.05 0.7118792844156406
29.08 0.7047802564484985
29.1 0.7028790312034885
29.12 0.702095298527613
29.15 0.7018430334511869
29.18 0.7032992881884326
29.2 0.7056895211803629
29.23 0.7108493024234747
29.25 0.7174862613329228
29.28 0.7248589110018792
29.3 0.7286031787644252
29.33 0.7297497997832632
29.35 0.7288969006480421
29.38 0.7233487069859001
29.4 0.72157205951278
29.43 0.7185045512120546
29.45 0.7239097367308652
29.48 0.7245938858174662
29.5 0.7321071623325767
29.53 0.734185820791403
29.55 0.7400258790710719
29.58 0.7481137188897626
29.6 0.7560131717917834
29.62 0.764969695854775
29.65 0.7706669404409716
29.68 0.7740392431625952
29.7 0.7789090636002487
29.73 0.7851017406373509
29.75 0.784561065669145
29.78 0.784461393501805
29.8 0.7873384560048999
29.83 0.7822164050740075
29.85 0.7753049413073446
29.88 0.7704917343587161
29.9 0.7678461330387543
29.93 0.7666231976338925
29.95 0.7649036180034721
29.98 0.7603612320033752
30.0 0.754759156725245
30.03 0.7513502380906011
30.05 0.7495338784260033
30.08 0.7503557892959177
30.1 0.7537439274830209
30.12 0.7518565017001123
30.15 0.7446996461287301
30.18 0.7394530582463141
30.2 0.7383325950075489
30.23 0.7415026945927231
30.25 0.7463802248904091
30.28 0.7491345209872817
30.3 0.7522428847852504
30.33 0.759966743444689
30.35 0.7637814454052235
30.38 0.7670419547281693
30.4 0.7630582430711799
30.43 0.7541424452846865
30.45 0.7495812963422075
30.48 0.7484820948042997
30.5 0.749700855353408
30.53 0.7496851469073812
30.55 0.7472563999390552
30.58 0.7507770492247369
30.6 0.7583806564924002
30.62 0.7664690903625336
30.65 0.7761089746024654
30.68 0.7883596656028058
30.7 0.8028165036061106
30.73 0.8163753129980077
30.75 0.827006040067413
30.78 0.8338808526210567
30.8 0.8362574363519896
30.83 0.8348828058483142
30.85 0.8311666851109417
30.88 0.827556877447158
30.9 0.8222030092144517
30.93 0.8123093155903707
30.95 0.8053495619584702
30.98 0.801950028884214
31.0 0.7997226329369042
31.03 0.7967711627153744
31.05 0.7942239545364812
31.08 0.7897983150698595
31.1 0.7829965521914128
31.12 0.7773125300802672
31.15 0.7730384774349325
31.18 0.7729090145166417
31.2 0.7738768072648431
31.23 0.7748417661066087
31.25 0.7800462898362478
31.28 0.796592112405716
31.3 0.8011513561525357
31.33 0.8038904929572314
31.35 0.8045735780960294
31.38 0.8016829359271987
31.4 0.7972498237748704
31.43 0.793012580102803
31.45 0.79240837530563
31.48 0.7940172802735623
31.5 0.7958464589647644
31.53 0.7961342072787128
31.55 0.7927581515997615
31.58 0.7870103124861857
31.6 0.7800731090035068
31.62 0.7753087733518056
31.65 0.7713497639652354
31.68 0.7669761787675665
31.7 0.7616659490546199
31.73 0.7606003726830189
31.75 0.7649819655048335
31.78 0.7729667323041431
31.8 0.7842284527179372
31.83 0.7962821135379176
31.85 0.8093004572535911
31.88 0.8210524456054894
31.9 0.8294197540184584
31.93 0.8351449830449593
31.95 0.834031348670322
31.98 0.8322607082233773
32.0 0.8327618243580243
32.02 0.8310538087823799
32.05 0.8237598892886665
32.08 0.8184254997172591
32.1 0.8082842648195067
32.12 0.7926556855168447
32.15 0.7786875759599311
32.18 0.7684381379582464
32.2 0.7640353395345304
32.23 0.7599469281218775
32.25 0.7599938108413525
32.27 0.7585356596510143
32.3 0.7721517197691357
32.33 0.7712367511947489
32.35 0.7721402736236448
32.38 0.771503848044793
32.4 0.7679052929445367
32.43 0.7636510418505802
32.45 0.7582015674288325
32.48 0.7537541641983252
32.5 0.7502917705512109
32.52 0.7477574553138215
32.55 0.7428296900742172
32.58 0.736510641677422
32.6 0.7290147820755815
32.62 0.7239107559924801
32.65 0.7192574192636622
32.68 0.7142526042825637
32.7 0.7061859582256779
32.73 0.7001044162218982
32.75 0.6953690933186236
32.77 0.6947005578413206
32.8 0.6943989226612061
32.83 0.6960301542587722
32.85 0.7009774365066035
32.88 0.7071713080405865
32.9 0.7142366710425802
32.93 0.7212873456888272
32.95 0.7276268666799722
32.98 0.7329932764782751
33.0 0.7386710361018402
33.02 0.7460050984048703
33.05 0.7552139405857566
33.08 0.76522928098658
33.1 0.7754812921429914
33.12 0.7855255614140014
33.15 0.7953679560962778
33.18 0.8002260384492342
33.2 0.8015699327140657
33.23 0.8040490026622713
33.25 0.8087633180370226
33.27 0.8122155390667667
33.3 0.8122086257878066
33.33 0.8088834819625642
33.35 0.8040048996791844
33.38 0.8117917272985915
33.4 0.8002938263594829
33.43 0.7919785982631631
33.45 0.78860428782355
33.48 0.7875345102469911
33.5 0.7897273192528864
33.52 0.7935113982822383
33.55 0.7960982136334273
33.58 0.7941018190875266
33.6 0.790386821999982
33.62 0.7854887413706565
33.65 0.7826299939406635
33.68 0.7792673346524605
33.7 0.7749691753140093
33.73 0.7701919113393766
33.75 0.76758120174974
33.77 0.7659223538245326
33.8 0.7583212330042939
33.83 0.7516862731712188
33.85 0.7489736523557666
33.88 0.7458769238780021
33.9 0.7358975424267147
33.93 0.7270984422522412
33.95 0.7199660201481394
33.98 0.7165445771213929
34.0 0.7132203594065065
34.02 0.7100572496459369
34.05 0.7035877113180113
34.08 0.696763179591244
34.1 0.696964159085014
34.12 0.7008334648528259
34.15 0.710794304400837
34.18 0.7201833158899867
34.2 0.7278573924015334
34.23 0.7330335932991483
34.25 0.7361107437283289
34.27 0.7383009760652866
34.3 0.7408642592788643
34.33 0.743318888799815
34.35 0.7470190635734182
34.38 0.7497781253013609
34.4 0.7559340299717743
34.43 0.764759533354459
34.45 0.7728571949824078
34.48 0.7821293843513305
34.5 0.7884652399503576
34.52 0.810269692876774
34.55 0.8153075381606463
34.58 0.8204930803957639
34.6 0.8189002033630017
34.62 0.8144440728986796
34.65 0.8104441920033905
34.68 0.8065034285691088
34.7 0.802728172228705
34.73 0.8002609182384423
34.75 0.8003906413422046
34.77 0.8004841282557594
34.8 0.7976853510348892
34.83 0.7971040096340885
34.85 0.8009530964796038
34.88 0.8042037414609566
34.9 0.8067019883286676
34.93 0.8099028280875811
34.95 0.811679619363866
34.98 0.8093049943088165
35.0 0.8045246024415268
35.02 0.8031523425600704
35.05 0.8041289033775998
35.08 0.8035400744472536
35.1 0.8023194641564312
35.12 0.8053086800014064
35.15 0.806016574590991
35.18 0.8092359811718651
35.2 0.8104005158678499
35.23 0.8140542671578934
35.25 0.8147765228295551
35.27 0.8147357882305846
35.3 0.8151866497396851
35.33 0.8164921413130102
35.35 0.8167416697251667
35.38 0.8150942229616585
35.4 0.815008845337155
35.43 0.815537119790368
35.45 0.8154943109977918
35.48 0.8122222339351851
35.5 0.8085836216784985
35.52 0.8055314726901431
35.55 0.8032478361749499
35.58 0.8028065624602237
35.6 0.8033635964740188
35.62 0.8067602397979878
35.65 0.8096591259576755
35.68 0.8108513543596871
35.7 0.8114357827155098
35.73 0.8112379152477235
35.75 0.8315945496892757
35.77 0.8340771173956372
35.8 0.8370108121585338
35.83 0.8409965143329649
35.85 0.8451754023036765
35.88 0.8487754155894721
35.9 0.8531198596410245
35.93 0.8559426390441808
35.95 0.8553523369940954
35.98 0.8557639476022991
36.0 0.8574306671813129
36.02 0.8584053179480632
36.05 0.8553357110541118
36.08 0.853724588945687
36.1 0.8503850997796606
36.12 0.8466062303508912
36.15 0.8401683391938778
36.18 0.8344861831622286
36.2 0.8269475522547434
36.23 0.8188280644660278
36.25 0.8135863944205632
36.27 0.811353582512626
36.3 0.8088639779395307
36.33 0.8052750751811245
36.35 0.8068121003719003
36.38 0.8086160302272554
36.4 0.8100300077604197
36.43 0.8093548496784561
36.45 0.8094239305365727
36.48 0.8097465200693762
36.5 0.8062837369767172
36.52 0.8013403974904736
36.55 0.7981232064892562
36.58 0.7966633993339464
36.6 0.7953776432466301
36.62 0.7913273414670515
36.65 0.7876925728176666
36.68 0.7848885962244155
36.7 0.7845634607593629
36.73 0.783989668897357
36.75 0.7823585343941996
36.77 0.77962062614588
36.8 0.7795134233612196
36.83 0.7816626855289164
36.85 0.7835956663827958
36.88 0.7853182566000227
36.9 0.7861511642580561
36.93 0.7884614445436033
36.95 0.788496186388876
36.98 0.7828151767175889
37.0 0.7731784688673612
37.02 0.7656039742924677
37.05 0.7585830300677313
37.08 0.773230072693068
37.1 0.7681842126909328
37.12 0.7673708342300833
37.15 0.7680995126696423
37.18 0.7696645594218418
37.2 0.7732895144975823
37.23 0.7784651529602871
37.25 0.7872387958633673
37.27 0.7951886150821492
37.3 0.8017499294506129
37.33 0.806121334545345
37.35 0.8086675679694871
37.38 0.811160042305731
37.4 0.812591133377092
37.43 0.8161604183492713
37.45 0.8195387765202611
37.48 0.822000334554736
37.5 0.8206422677109559
37.52 0.8200453441457791
37.55 0.8233929125210527
37.58 0.8267921933359553
37.6 0.8290003475001211
37.62 0.8286280439456094
37.65 0.8281321049685859
37.68 0.8244623808110273
37.7 0.8193463270498484
37.73 0.8121962890948766
37.75 0.8073077586958916
37.77 0.8030873723949349
37.8 0.7992072128766865
37.83 0.7950858867422737
37.85 0.7915764598283712
37.88 0.7887219776345635
37.9 0.7856225724601142
37.93 0.7839363245820707
37.95 0.7807613610202627
37.98 0.7783504992748206
38.0 0.7764029360624263
38.02 0.7733177438883633
38.05 0.7739428836419435
38.08 0.7767686401230051
38.1 0.7796119046192708
38.12 0.7783792337351555
38.15 0.7740554630154983
38.18 0.7674389430486409
38.2 0.7594484624115467
38.23 0.7518204661308555
38.25 0.743591148714731
38.27 0.7358164731112149
38.3 0.7282682089164718
38.33 0.7231443011216412
38.35 0.7192664065289436
38.38 0.7169811808556035
38.4 0.7177913720176919
38.43 0.7196320959042692
38.45 0.723604595471962
38.48 0.7307511699108935
38.5 0.755920920694254
38.53 0.7590797798565259
38.55 0.7594274534824408
38.58 0.7604777945250318
38.6 0.7644320120744943
38.62 0.7687557929359747
38.65 0.7720378721362707
38.68 0.7755430230108527
38.7 0.7788298841455789
38.73 0.77828143660439
38.75 0.7775097158328793
38.78 0.7756024208595063
38.8 0.777019226473336
38.83 0.7799549106390966
38.85 0.7808078233567327
38.88 0.780397720698252
38.9 0.7803618339013217
38.93 0.7808243206143723
38.95 0.7834258968204317
38.98 0.7886802466118253
39.0 0.7950829721903643
39.03 0.8052578777552449
39.05 0.8133913399967583
39.08 0.8206300401080577
39.1 0.8256617216528159
39.12 0.8297322380667298
39.15 0.8315835941741261
39.18 0.8311682921534731
39.2 0.8298468190671746
39.23 0.8270450945739178
39.25 0.8244603097177438
39.28 0.8228609137881275
39.3 0.8206024327533223
39.33 0.8191211646434639
39.35 0.8166553451924419
39.38 0.8140046941908958
39.4 0.8125204415985852
39.43 0.8108597052530013
39.45 0.8091210741322377
39.48 0.8040005248638888
39.5 0.798759711883093
39.53 0.7900196322393052
39.55 0.7798306498639751
39.58 0.7706413710750789
39.6 0.7655213594517002
39.62 0.7614096529159498
39.65 0.7590276428535984
39.68 0.7560194870108656
39.7 0.7560276764276624
39.73 0.7552745842755759
39.75 0.7524685403786286
39.78 0.7492863864626049
39.8 0.7476508408301625
39.83 0.7466949539350781
39.85 0.7466434487871745
39.88 0.7465838161033815
39.9 0.747523779177665
39.93 0.7480840665113454
39.95 0.7436382552386455
39.98 0.7395750059893877
40.0 0.7323630555111756
40.03 0.7505992919979197
40.05 0.7451846462703644
40.08 0.7394162019728503
40.1 0.7329467244569264
40.12 0.7250526260521695
40.15 0.716663917624584
40.18 0.7094049825190407
40.2 0.7016407005123766
40.23 0.6976847410247065
40.25 0.6926083518125644
40.28 0.690730873983221
40.3 0.6923368222003431
40.33 0.6953718757406372
40.35 0.7006551198197144
40.38 0.70964772084666
40.4 0.7190926485880621
40.43 0.7286574547023641
40.45 0.7383256363954511
40.48 0.7460577310332112
40.5 0.7540828001871104
40.53 0.7596616850569694
40.55 0.7626726247229891
40.58 0.7637815413799589
40.6 0.768557042019503
40.62 0.7764183146332122
40.65 0.7828542073618675
40.68 0.7848033348809442
40.7 0.7854500425116391
40.73 0.7882718052147376
40.75 0.792014107069969
40.78 0.7974246279799181
40.8 0.8009088441688835
40.83 0.8053548606492257
40.85 0.8093413381633132
40.88 0.81356378254281
40.9 0.819672733999887
40.93 0.8277617578934837
40.95 0.8367945757328216
40.98 0.8479438551381466
41.0 0.8574925167815327
41.03 0.8645716297557596
41.05 0.8693836474037455
41.08 0.8698689183297711
41.1 0.8690025280938889
41.12 0.867911253987561
41.15 0.865646782174238
41.18 0.8637240320119175
41.2 0.8584749572327149
41.23 0.8524110331364306
41.25 0.8455033846945811
41.28 0.8387352439231215
41.3 0.8338209508152113
41.33 0.8282898674994253
41.35 0.8226533663385669
41.38 0.8191321821787473
41.4 0.8167742259017226
41.43 0.8161499039886173
41.45 0.8142309000586644
41.48 0.8121260989886347
41.5 0.8088600070062336
41.53 0.8067015444803779
41.55 0.8067976496484189
41.58 0.808897601556994
41.6 0.8095558459089784
41.62 0.8082615107672596
41.65 0.804490789454735
41.68 0.8030104017489005
41.7 0.8322313229456384
41.73 0.8311928420437752
41.75 0.827300178272664
41.78 0.8249121602525025
41.8 0.8253733308710026
41.83 0.8262143753785762
41.85 0.8277663676387346
41.88 0.8282167969932431
41.9 0.8256951264768924
41.93 0.8240035299193126
41.95 0.8177437166238513
41.98 0.8111006621143955
42.0 0.8041418462127711
42.03 0.794868072917842
42.05 0.7851153276272131
42.08 0.7770996337720789
42.1 0.7684208605400101
42.12 0.7609676334059321
42.15 0.75352195890449
42.18 0.7442045214503937
42.2 0.7372022779627808
42.23 0.7320911070242406
42.25 0.7268080229105829
42.28 0.7220281154287402
42.3 0.7186481231391519
42.33 0.7172197396419879
42.35 0.7174110094652897
42.38 0.7179822419610477
42.4 0.7180369733192038
42.43 0.7200081282564276
42.45 0.7235877215895506
42.48 0.7287296664785484
42.5 0.7366109053898319
42.53 0.7430406851655242
42.55 0.7455797667062871
42.58 0.7483144465399197
42.6 0.7481068541947015
42.62 0.7509513409895014
42.65 0.7555237827320397
42.68 0.7612122270366373
42.7 0.7672026616355223
42.73 0.7748365960831525
42.75 0.7846360049860538
42.78 0.7944349371877805
42.8 0.7988158592402589
42.83 0.7993227027573997
42.85 0.7982861315265015
42.88 0.7995994272193613
42.9 0.8010521788179387
42.93 0.8044412253927427
42.95 0.8077419378033124
42.98 0.8127427938434917
43.0 0.8179166452241239
43.03 0.8228413302125214
43.05 0.8284069187451266
43.08 0.8344010040694615
43.1 0.8380613970929838
43.12 0.8417217897271959
43.15 0.8440889467721487
43.18 0.8445180862951936
43.2 0.8433824647523137
43.23 0.8377706295588901
43.25 0.828409232328299
43.28 0.8176065956178266
43.3 0.8068241414288838
43.33 0.7960494100304998
43.35 0.7868514537082327
43.38 0.7768127840424525
43.4 0.7691783615632922
43.43 0.7591477127413429
43.45 0.7510632005725666
43.48 0.7458554270146279
43.5 0.741832347357776
43.53 0.7692578743393147
43.55 0.7716293706131951
43.58 0.7715761112663422
43.6 0.7730479125595051
43.62 0.774125508382731
43.65 0.7754617951153701
43.68 0.7758833747080678
43.7 0.7742955405423045
43.73 0.7711156459363739
43.75 0.7705426140182229
43.78 0.7713911728411501
43.8 0.7738125594954711
43.83 0.7771113108189692
43.85 0.7791658189006461
43.88 0.782704992506656
43.9 0.7863495256251521
43.93 0.7863238273753939
43.95 0.781117445960033
43.98 0.7764955118020003
44.0 0.7730067156068644
44.03 0.7705453448388171
44.05 0.7681428523645838
44.08 0.7656592600656624
44.1 0.763377897224348
44.12 0.7595840455271684
44.15 0.7548782612511082
44.18 0.7513873197906167
44.2 0.7454697597190681
44.23 0.7395378605174735
44.25 0.7337556322790653
44.28 0.7270028495359295
44.3 0.7216134204220437
44.33 0.7182239206485168
44.35 0.7155103778672277
44.38 0.7139226657612935
44.4 0.7134681137929667
44.43 0.7154845092954113
44.45 0.7166471404520803
44.48 0.7174159576527295
44.5 0.7178305253658479
44.53 0.7174775652271476
44.55 0.7174055122655099
44.58 0.716809657182251
44.6 0.7165465628080024
44.62 0.7169554915322077
44.65 0.7160050694318707
44.68 0.7162716786210961
44.7 0.719629084374464
44.73 0.7235990441107798
44.75 0.7269345907295962
44.78 0.7306154306465242
44.8 0.7331565044925852
44.83 0.7356014552443814
44.85 0.7398390330230171
44.88 0.7461985612391415
44.9 0.7499465300931373
44.93 0.7567122973731125
44.95 0.763885600001819
44.98 0.7705622642140961
45.0 0.7780451208503064
45.03 0.7862792927283258
45.05 0.7940111685976217
45.08 0.8006736260117281
45.1 0.8096590097733931
45.12 0.8216146727690873
45.15 0.832637031398672
45.18 0.8392383457115034
45.2 0.84253612916351
45.23 0.8441554204787975
45.25 0.8471299540422635
45.28 0.8491653890297894
45.3 0.8543985595954628
45.33 0.8590423471480172
45.35 0.8628924174710731
45.38 0.864759381657923
45.4 0.8634683462381144
45.43 0.8615736365005969
45.45 0.8608662571522799
45.48 0.8627064967296413
45.5 0.9005003685216979
45.53 0.9010600943792357
45.55 0.8988402769744731
45.58 0.8958612100455725
45.6 0.8898651275927117
45.62 0.881274647044549
45.65 0.8716895963502354
45.68 0.8637434251678326
45.7 0.8565784023874262
45.73 0.8510260188785573
45.75 0.8454573038427693
45.78 0.8386752483601455
45.8 0.8322502829084577
45.83 0.8255154751596676
45.85 0.8222012698470756
45.88 0.820893646160202
45.9 0.8207533149612958
45.93 0.8215036530461062
45.95 0.822328260256008
45.98 0.8258053328568048
46.0 0.8297942939212991
46.03 0.8346942659760377
46.05 0.8396274172377004
46.08 0.8447641448872506
46.1 0.8477353957935665
46.12 0.8479800752493648
46.15 0.8457298116684978
46.18 0.8430188818534088
46.2 0.8401285094238424
46.23 0.8374010671448815
46.25 0.833332660114942
46.28 0.8287136935942616
46.3 0.8224315121751542
46.33 0.8189945793079072
46.35 0.8155733162370495
46.38 0.8098034981278674
46.4 0.8048737785827108
46.43 0.8006873448572348
46.45 0.7963891256530906
46.48 0.7929783251766979
46.5 0.7913878588514868
46.53 0.7884055421410486
46.55 0.7846223036303572
46.58 0.7825124879915164
46.6 0.7765349825404433
46.62 0.7685965545722341
46.65 0.7619874583393459
46.68 0.7550749413609227
46.7 0.7488995328291751
46.73 0.7448488088769447
46.75 0.7441436526571681
46.78 0.7435093373878485
46.8 0.7422052820068002
46.83 0.741710846615315
46.85 0.7415090081367628
46.88 0.7415662660880696
46.9 0.7423985989304193
46.93 0.7451431297264368
46.95 0.7497997426629693
46.98 0.7550720820671649
47.0 0.75904769312697
47.03 0.7641675004584145
47.05 0.7681759130464804
47.08 0.7724442273837363
47.1 0.7766381640089359
47.12 0.7803015509124769
47.15 0.7834501975964518
47.18 0.7877961235479837
47.2 0.7919059062054028
47.23 0.7952423752399939
47.25 0.7979905415782568
47.28 0.7983679768752766
47.3 0.7986068689967777
47.33 0.798491219622055
47.35 0.7997009557066965
47.38 0.8018188930092063
47.4 0.8046725435583231
47.43 0.8109071511207054
47.45 0.8164099802482807
47.48 0.822960217748949
47.5 0.8313053848583751
47.53 0.8398359423816067
47.55 0.8455313055011175
47.58 0.8529598596621605
47.6 0.8595885898494183
47.62 0.866328417418919
47.65 0.9148929352980927
47.68 0.9233117232502263
47.7 0.9312963706882141
47.73 0.937387641248182
47.75 0.9448407343859468
47.78 0.9537427857705533
47.8 0.963002165707605
47.83 0.9688708108944086
47.85 0.9699821386752085
47.88 0.968200171196587
47.9 0.9668028538260803
47.93 0.9635977293101022
47.95 0.9601892126566149
47.98 0.9577433837107323
48.0 0.9552618243682749
48.03 0.9518314669605322
48.05 0.9466625364354648
48.08 0.9386030828752514
48.1 0.9314121359575546
48.12 0.9254704810830211
48.15 0.9195471066429219
48.18 0.9123949935468604
48.2 0.9075150490992246
48.23 0.9020710141841656
48.25 0.8957075938659329
48.28 0.890823138862057
48.3 0.884661806144399
48.33 0.877986999353829
48.35 0.8720443511888024
48.38 0.8668473564927662
48.4 0.8642666751017184
48.43 0.8628204461276485
48.45 0.8626544501363328
48.48 0.8623879871218516
48.5 0.8617937698181909
48.53 0.8588242198843924
48.55 0.8546420448487916
48.58 0.8526572153585606
48.6 0.8511721258090844
48.62 0.8520484793343007
48.65 0.8519745074071897
48.68 0.8533785155961651
48.7 0.8545920753436566
48.73 0.8561713190142434
48.75 0.8575120121371165
48.78 0.8580266188524854
48.8 0.8586440069151738
48.83 0.8550687060508083
48.85 0.8512327081973825
48.88 0.8453596648145193
48.9 0.8406190885784762
48.93 0.8366113596407713
48.95 0.8323229949395393
48.98 0.828644371543109
49.0 0.822933845451481
49.03 0.8167811704868765
49.05 0.8133706457255834
49.08 0.8111917564795383
49.1 0.8059022982378071
49.12 0.7997308263107998
49.15 0.7963928258725379
49.18 0.7945840601260534
49.2 0.7914860954493639
49.23 0.7892999155891718
49.25 0.787317628263698
49.28 0.7851768856084045
49.3 0.7836997849227388
49.33 0.7829393864205781
49.35 0.7815946861216089
49.38 0.7798151920191143
49.4 0.7770445538479199
49.43 0.7745136228797936
49.45 0.7713979939287062
49.48 0.7688211158103229
49.5 0.7667782993326379
49.53 0.7647350836693758
49.55 0.7627579431139011
49.58 0.7622585497609184
49.6 0.7620425034723156
49.62 0.7623791493744008
49.65 0.7639132555456711
49.68 0.7668193005540052
49.7 0.7707192114569698
49.73 0.7740496226825203
49.75 0.77821522091075
49.78 0.7823499860994325
49.8 0.7856276168744833
49.83 0.7882805025962124
49.85 0.7915970206301461
49.88 0.7971065380592126
49.9 0.802519859413395
49.93 0.8076809930058185
49.95 0.8130869365042664
49.98 0.8182771954139104
50.0 0.8210799732751445
50.03 0.823396162076901
50.05 0.8657993673308031
50.08 0.8642842387769656
50.1 0.8605172525160079
50.12 0.8576892102708753
50.15 0.8563611114408318
50.18 0.8548785665598687
50.2 0.8539982552605795
50.23 0.8545329039102062
50.25 0.8553272417678879
50.28 0.8570501086311014
50.3 0.8593970583023072
50.33 0.863392029819079
50.35 0.8689591379574374
50.38 0.8752091220913092
50.4 0.8819501509660731
50.43 0.8889020016009462
50.45 0.8972611599822115
50.48 0.9078584801795142
50.5 0.9172499711312331
50.53 0.9254032338549251
50.55 0.9339004224362452
50.58 0.9414559057435228
50.6 0.948565147948998
50.62 0.9557272933124092
50.65 0.9623724470757737
50.68 0.9659751478945983
50.7 0.9674181900517608
50.73 0.9669905489622483
50.75 0.967726200324623
50.78 0.9693630934462902
50.8 0.9701050869816368
50.83 0.9669182348311449
50.85 0.9611253399372219
50.88 0.9534423757423105
50.9 0.9441741793019679
50.93 0.9344251215730931
50.95 0.9255237712542658
50.98 0.9168129220578384
51.0 0.9084551487544211
51.03 0.8999494728584092
51.05 0.891669359933958
51.08 0.8837579828548118
51.1 0.8757651152861883
51.12 0.8696545826526713
51.15 0.8650634847843354
51.18 0.8622540268602542
51.2 0.8614586742589904
51.23 0.8625996007548018
51.25 0.863484348236502
51.28 0.8625608253497951
51.3 0.860697548880893
51.33 0.8578096914753672
51.35 0.8536859540623023
51.38 0.8488974464897323
51.4 0.8424929185646882
51.43 0.8358495292908529
51.45 0.8297892819664604
51.48 0.8245034210262656
51.5 0.8184544039225948
51.53 0.8126364356115504
51.55 0.8074192314600378
51.58 0.8026009464675878
51.6 0.7987120857554543
51.62 0.7962098580925114
51.65 0.7947375393244033
51.68 0.7923627260508014
51.7 0.7908161568220125
51.73 0.7896299638026542
51.75 0.787766718311642
51.78 0.78777945239216
51.8 0.7871262402938001
51.83 0.7843370220561937
51.85 0.7822193229534157
51.88 0.778755715023875
51.9 0.7734772856510336
51.93 0.7680240717036473
51.95 0.7637175903369808
51.98 0.7580576702153804
52.0 0.7528258471982888
52.03 0.7471058566892615
52.05 0.7435932907728214
52.08 0.738240709678083
52.1 0.7328345775214483
52.12 0.7306420398677426
52.15 0.7277436876082319
52.18 0.72315698383765
52.2 0.7191843048003241
52.23 0.717991622952007
52.25 0.7191595681420383
52.28 0.7193958773833562
52.3 0.7198353191246465
52.33 0.7202936929148983
52.35 0.7190544223385384
52.38 0.7171492140858051
52.4 0.7159232635100263
52.43 0.7131235899305247
52.45 0.7090260093218326
52.48 0.7047278115617717
52.5 0.7013001610492994
52.53 0.6982049219605228
52.55 0.6961662391169106
52.58 0.6961832491979772
52.6 0.6948775517520726
52.62 0.6941032467245858
52.65 0.6938605999715889
52.68 0.7323634847477875
52.7 0.7329220062110645
52.73 0.7327115954867348
52.75 0.7316642874754852
52.78 0.7313388131499542
52.8 0.7315059619978266
52.83 0.7311091360957044
52.85 0.7323506839305024
52.88 0.7344766107512283
52.9 0.7374748005996088
52.93 0.7397417092153931
52.95 0.7427529299965626
52.98 0.7468831139598856
53.0 0.7516621185632538
53.03 0.7565452507252584
53.05 0.7619951275216149
53.08 0.7675059800436588
53.1 0.771885237056692
53.12 0.7752443842810165
53.15 0.7773631285648839
53.18 0.7790850031379613
53.2 0.7810913657453092
53.23 0.7829680930283801
53.25 0.7838569722318417
53.28 0.7856884976371091
53.3 0.7888280011701222
53.33 0.7914285725907783
53.35 0.7953262145128286
53.38 0.7990068906323723
53.4 0.802534951045147
53.43 0.8051248746234063
53.45 0.8074629731662333
53.48 0.8113009594505828
53.5 0.8148699297846711
53.53 0.8176399803725273
53.55 0.8209024975334218
53.58 0.8240545779135582
53.6 0.8277085170711262
53.62 0.8329480157453836
53.65 0.8386139100836215
53.68 0.8440192169480861
53.7 0.8499895101395387
53.73 0.8569138380573789
53.75 0.8647850261139468
53.78 0.8723294257282923
53.8 0.8811903475851652
53.83 0.8900758953422633
53.85 0.9002958020835062
53.88 0.9062691741050944
53.9 0.910268460833188
53.93 0.912697186805717
53.95 0.9143504514673436
53.98 0.9163162598996218
54.0 0.9190801833150204
54.03 0.9210213095981326
54.05 0.9213783965687494
54.08 0.9182004796560271
54.1 0.9147789234261556
54.12 0.913460737703625
54.15 0.9129009854863855
54.18 0.9122623763604886
54.2 0.9086985063553878
54.23 0.9020437364513113
54.25 0.894672918812251
54.28 0.8872787787946528
54.3 0.881968440528666
54.33 0.8761051057261517
54.35 0.8704363338995026
54.38 0.8656767036166195
54.4 0.8609562462535088
54.43 0.8579241122155516
54.45 0.8550927531271149
54.48 0.8504377746983889
54.5 0.8474457051248865
54.53 0.8457347614110798
54.55 0.8449806546411627
54.58 0.8443372026693151
54.6 0.8431006518389457
54.62 0.8432651868076168
54.65 0.8427692357789154
54.68 0.8417833484535185
54.7 0.842182998082771
54.73 0.841940300232315
54.75 0.8410831692255699
54.78 0.8385179121689299
54.8 0.8355329889622677
54.83 0.8314440614147784
54.85 0.826972584884657
54.88 0.8235470753847066
54.9 0.8200146090084035
54.93 0.8151958924637397
54.95 0.8113997398252414
54.98 0.8053730344562109
55.0 0.7984465428076918
55.03 0.7925355973220825
55.05 0.787297408791908
55.08 0.7819953549671962
55.1 0.7771191355708877
55.12 0.7727000016997534
55.15 0.767923616353958
55.18 0.7633475682444979
55.2 0.7597944945381643
55.23 0.757083218218923
55.25 0.7540118951807603
55.28 0.7499504089906615
55.3 0.7476835860041494
55.33 0.7426587563360674
55.35 0.7357601945859505
55.38 0.7296308652478842
55.4 0.7246866558472869
55.43 0.7200125635231164
55.45 0.7162270989773152
55.48 0.7136097976311223
55.5 0.7124020195214649
55.53 0.7124424307920115
55.55 0.7128216612666229
55.58 0.7143211542836226
55.6 0.7580923405986982
55.62 0.7588951389156177
55.65 0.7573049113253241
55.68 0.7562023572245024
55.7 0.7550521642627307
55.73 0.7551223152701271
55.75 0.7556186076730735
55.78 0.7567263436597209
55.8 0.7586443992042214
55.83 0.7592874556285367
55.85 0.7605384647316179
55.88 0.7625690375532073
55.9 0.763454625142747
55.93 0.764203898947136
55.95 0.7649303393013387
55.98 0.7643758645193657
56.0 0.7630818394594389
56.03 0.7618305690641176
56.05 0.76126576342233
56.08 0.761807445381899
56.1 0.7623954510860488
56.12 0.7639635887872894
56.15 0.7654222374084403
56.18 0.7673597474369447
56.2 0.7703351993019507
56.23 0.7737852529873053
56.25 0.7773668949937254
56.28 0.7814932844989371
56.3 0.7853201330978135
56.33 0.7896728622881154
56.35 0.79264584157626
56.38 0.7951678081224685
56.4 0.798690025193104
56.43 0.8026968403951199
56.45 0.805300689695787
56.48 0.8073094981402729
56.5 0.8084918179515612
56.53 0.8093169440026269
56.55 0.8094793568893062
56.58 0.8107672699286229
56.6 0.8132705668680469
56.62 0.8181035236202039
56.65 0.8231193367670392
56.68 0.827840813813355
56.7 0.8326668984409688
56.73 0.8360250697095808
56.75 0.838447401467123
56.78 0.8411858896834925
56.8 0.8428186356349654
56.83 0.84383268697358
56.85 0.8457756063595724
56.88 0.8477068442405248
56.9 0.8504604357677277
56.93 0.854470936641447
56.95 0.8577095546967418
56.98 0.8615953641267654
57.0 0.8664180751659771
57.03 0.8696549738940083
57.05 0.8725202606075305
57.08 0.8752572846207725
57.1 0.8796364682972825
57.12 0.8838128624198011
57.15 0.8879412397181057
57.18 0.8915628925670077
57.2 0.8944364322849929
57.23 0.8974988151587707
57.25 0.8988223686689094
57.28 0.9000637636142532
57.3 0.9016163403409184
57.33 0.9036571821315378
57.35 0.9050153879710193
57.38 0.9064874161793721
57.4 0.9079874408418613
57.43 0.909558502847694
57.45 0.9117587947546218
57.48 0.9139793996532157
57.5 0.915726206908725
57.53 0.9171386533804814
57.55 0.9196685793524627
57.58 0.924046113276967
57.6 0.9291730258546419
57.62 0.9323302426611809
57.65 0.9358043007466192
57.68 0.937748716236082
57.7 0.9406956982295566
57.73 0.9411995821720864
57.75 0.9419423804672671
57.78 0.9409899470292022
57.8 0.9387566583172627
57.83 0.9347101548473117
57.85 0.9320488706246159
57.88 0.9299512283748647
57.9 0.9269501269378886
57.93 0.9246439177249494
57.95 0.9214398376489662
57.98 0.9181815640039646
58.0 0.9170991027044914
58.03 0.9174436354535473
58.05 0.9172324264192628
58.08 0.9151337750167268
58.1 0.9104436742089411
58.12 0.9058467240279142
58.15 0.9028619650910851
58.18 0.9015856434971373
58.2 0.8999251377086543
58.23 0.8993459671439272
58.25 0.8980089477051629
58.28 0.8953857776779632
58.3 0.8918932058238567
58.33 0.8898807609764092
58.35 0.8883541235313551
58.38 0.886423932844071
58.4 0.8845520927884393
58.43 0.8831086929485439
58.45 0.8813865881463938
58.48 0.8788208590474149
58.5 0.876055287408468
58.53 0.8747632883627039
58.55 0.8740490366049015
58.58 0.871156767907381
58.6 0.8672671211931473
58.62 0.8628855304625377
58.65 0.8574626625322245
58.68 0.851747811801556
58.7 0.8467046579097204
58.73 0.8407377440716678
58.75 0.8350254819361407
58.78 0.8298754967901311
58.8 0.8250687230579388
58.83 0.8184328258944676
58.85 0.8120819596109847
58.88 0.8560079761560321
58.9 0.8511403612085007
58.93 0.8452287952050287
58.95 0.8397626034126703
58.98 0.836523963987215
59.0 0.8344904857299734
59.03 0.8314917382010222
59.05 0.8282151391688845
59.08 0.8266562419464669
59.1 0.8260248319935625
59.12 0.8253009929997388
59.15 0.82547220957227
59.18 0.8260996914983018
59.2 0.8264889965287995
59.23 0.8269517025676387
59.25 0.8271498249643318
59.28 0.8256221874410719
59.3 0.8232960286567417
59.33 0.8199847874961305
59.35 0.816515783371284
59.38 0.8139766068192331
59.4 0.8116011512198781
59.43 0.8089653554458275
59.45 0.8058153025239838
59.48 0.8024532396358022
59.5 0.7995190762399361
59.53 0.7960158480381372
59.55 0.7927860221317868
59.58 0.7903518460688882
59.6 0.7873669424006825
59.62 0.7813872906924768
59.65 0.7768042550288755
59.68 0.7730652969533144
59.7 0.7713014261389989
59.73 0.7708325671847799
59.75 0.7709772209397214
59.78 0.7715609833610796
59.8 0.7732677152666713
59.83 0.7743064473011559
59.85 0.7746778127888361
59.88 0.7751717007125646
59.9 0.7730530500006089
59.93 0.7698382621390839
59.95 0.7669326714355632
59.98 0.7630693024641534
60.0 0.7578002383748148
60.03 0.7531313508934699
60.05 0.7483248075087908
60.08 0.7438845417103488
60.1 0.739519552467101
60.12 0.7355873746927986
60.15 0.7319009937309473
60.18 0.7278530941496656
60.2 0.7233175305584294
60.23 0.7195777552423501
60.25 0.7175852011889049
60.28 0.7158647202769032
60.3 0.7155665992141653
60.33 0.7169914402561017
60.35 0.7192351180687148
60.38 0.7218916416816874
60.4 0.7255022969553634
60.43 0.7296008401923909
60.45 0.7342388483986564
60.48 0.738807921201755
60.5 0.7427995334992159
60.53 0.7472744142091992
60.55 0.7520270827641323
60.58 0.7578725475111888
60.6 0.7644652513957706
60.62 0.7707332364060302
60.65 0.7774046977431293
60.68 0.7844129867628964
60.7 0.7901453254176561
60.73 0.7957141964043233
60.75 0.7998702450400548
60.78 0.8025738915455328
60.8 0.8042553864143964
60.83 0.8048267901924376
60.85 0.8042422559049677
60.88 0.8041904344283164
60.9 0.804892188235124
60.93 0.8065533093582216
60.95 0.8085143503565045
60.98 0.8137282666126454
61.0 0.8186624084007675
61.03 0.8236172530624211
61.05 0.8291693096304613
61.08 0.833573300428698
61.1 0.8387673555428602
61.12 0.8447252775482874
61.15 0.8523849459561793
61.18 0.858850054866169
61.2 0.8636984253145048
61.23 0.8692198003227175
61.25 0.8738382645568582
61.28 0.8776033632020555
61.3 0.8822053332809044
61.33 0.887296897567314
61.35 0.8932111010090236
61.38 0.9012814188552591
61.4 0.9097013820470919
61.43 0.9174037494237773
61.45 0.9240643816562152
61.48 0.9309511799792486
61.5 0.9377639678575924
61.53 0.9431206040328401
61.55 0.9474970717167707
61.58 0.9506864446529069
61.6 0.9512392061496527
61.62 0.9501493026329689
61.65 0.9481302200221008
61.68 0.9456483688191412
61.7 0.9440180150052376
61.73 0.9413421020955508
61.75 0.9380354030012786
61.78 0.9344673311715972
61.8 0.9287627920135485
61.83 0.9227428358967381
61.85 0.9173075164064236
61.88 0.9130052285923903
61.9 0.9074384930496907
61.93 0.9028564952647166
61.95 0.897251269366222
61.98 0.8934252853927638
62.0 0.8904819115441107
62.03 0.8889705864350576
62.05 0.8867119226116268
62.08 0.8843953788538094
62.1 0.8826747301389217
62.12 0.8826917108666474
62.15 0.8814229203443736
62.18 0.8787571078771577
62.2 0.8780857893748485
62.23 0.8778290770602032
62.25 0.8760640309295014
62.28 0.8749072478426013
62.3 0.8745682175679461
62.33 0.8754983091939216
62.35 0.8754928941795579
62.38 0.8750724985953889
62.4 0.8733786670093652
62.43 0.8713600809481981
62.45 0.8704288192979991
62.48 0.8699189286486328
62.5 0.8707946200388668
62.53 0.8705922379001818
62.55 0.923895718976274
62.58 0.9205284221944867
62.6 0.916272486832717
62.62 0.9125917353451398
62.65 0.9095623602563246
62.68 0.9069858621003345
62.7 0.9043671262270484
62.73 0.9019227939031852
62.75 0.89911344732133
62.78 0.8945201876027981
62.8 0.8923691191007916
62.83 0.8883458278728619
62.85 0.8834618482996096
62.88 0.8792189236242902
62.9 0.8747921732419872
62.93 0.8702488967842181
62.95 0.8674782996903652
62.98 0.864786832812274
63.0 0.8616361909594281
63.03 0.8588602694262037
63.05 0.8564348702428882
63.08 0.8540231662691543
63.1 0.8511503677880731
63.12 0.8475004407031038
63.15 0.8427269485157356
63.18 0.8372302145791658
63.2 0.8325461710721527
63.23 0.8268677717785379
63.25 0.819710578310367
63.28 0.8121571650306975
63.3 0.8060874806661307
63.33 0.8006586873408725
63.35 0.7950813730018323
63.38 0.7890217725288947
63.4 0.783665809784117
63.43 0.7797084999571958
63.45 0.7763333639604554
63.48 0.7729437877147184
63.5 0.7708804990816183
63.53 0.7709888455712847
63.55 0.7700062066932195
63.58 0.7689387179769785
63.6 0.767349444446099
63.62 0.7675205776982864
63.65 0.7681879326371501
63.68 0.768087360639423
63.7 0.7681730811770392
63.73 0.7679990284224426
63.75 0.7680133279937744
63.78 0.7669215259040124
63.8 0.7659447652491945
63.83 0.7649304505060962
63.85 0.763474844631231
63.88 0.7603703816363622
63.9 0.7567729906812749
63.93 0.7538832069429928
63.95 0.7511263122553126
63.98 0.7491573042166856
64.0 0.7476489699534519
64.03 0.7463866695645965
64.05 0.7444151051567814
64.08 0.7420418845053947
64.1 0.7397828938137442
64.12 0.7384352559130654
64.15 0.7374434935495741
64.17 0.7359547556668197
64.2 0.7337561359996736
64.23 0.7313023316724485
64.25 0.728837416550833
64.28 0.7266315735403
64.3 0.7260691101614943
64.33 0.7256314976242132
64.35 0.7244662819854243
64.38 0.7239922557995461
64.4 0.7232126330312731
64.42 0.7214822101336379
64.45 0.7194934705937815
64.48 0.7183360122998187
64.5 0.717025423523946
64.53 0.7142353669918432
64.55 0.7111136698129235
64.58 0.7071945505117107
64.6 0.7024900721039165
64.62 0.6985449759351078
64.65 0.6953136545244628
64.67 0.6920974971797104
64.7 0.6885545109025085
64.73 0.6852648737647702
64.75 0.6829430562947006
64.78 0.6810617481674198
64.8 0.6799480909041719
64.83 0.6789725336370128
64.85 0.6786954890983345
64.88 0.679187957378714
64.9 0.6802379651125054
64.92 0.6816733322236201
64.95 0.6835900242478192
64.98 0.6858362346580444
65.0 0.6876705002019354
65.03 0.6887876704167777
65.05 0.6897107603800142
65.08 0.6909679096404132
65.1 0.6922922637055701
65.12 0.6935077712368058
65.15 0.6951814643294291
65.17 0.6973955346466362
65.2 0.6988276089268534
65.23 0.7003753271974598
65.25 0.7033535206349549
65.28 0.7086961889546738
65.3 0.7156712850949298
65.33 0.7229284672481197
65.35 0.7299176913202972
65.38 0.7365264899055175
65.4 0.7426541214759498
65.42 0.7485799912615198
65.45 0.752609337305429
65.48 0.756253713028032
65.5 0.7592636468685239
65.53 0.7622450897058725
65.55 0.7667262074337062
65.58 0.7718431842197653
65.6 0.7773576483035466
65.62 0.7835624722589656
65.65 0.7907401881042828
65.67 0.7993031627654307
65.7 0.8083783325255703
65.73 0.8181189520318349
65.75 0.8273837121014143
65.78 0.8369459374460997
65.8 0.8460051217393321
65.83 0.8543936815275904
65.85 0.8626847199310961
65.88 0.8704380160094505
65.9 0.8764712052103812
65.92 0.8824429518968179
65.95 0.8880207228720517
65.98 0.8938969295865765
66.0 0.899813385127235
66.03 0.9049026784586632
66.05 0.9099378467893656
66.08 0.9149424271543956
66.1 0.9198379321609552
66.12 0.9256728048543582
66.15 0.9306598776878293
66.17 0.9354588076371522
66.2 0.9394478652260627
66.23 0.9444896111483975
66.25 0.9495039763359628
66.28 0.9540186098683586
66.3 0.9568478891703798
66.33 0.9582468470000581
66.35 0.958210851217309
66.38 0.9565022988991244
66.4 0.9560912587485091
66.42 0.9559220728483259
66.45 0.9569313177431868
66.48 0.959451855265225
66.5 0.9619952378323048
66.53 0.9638089723112256
66.55 0.9639332144520719
66.58 0.9621783186124409
66.6 0.9603020012032222
66.62 0.9589079089330158
66.65 0.9561316479539301
66.67 0.9523221679976568
66.7 0.9480165482792896
66.73 1.0035373177928706
66.75 0.998696776586518
66.78 0.9931110436367621
66.8 0.9858589883200295
66.83 0.979201462375372
66.85 0.9735279792115297
66.88 0.968151618002598
66.9 0.9627525999614129
66.92 0.9582205443697741
66.95 0.9542474702466599
66.98 0.9492451757500044
67.0 0.9466584454127407
67.03 0.9454798073805407
67.05 0.9442642933167712
67.08 0.9439210788034936
67.1 0.9432016790202082
67.12 0.9423983808839903
67.15 0.9420158539539643
67.17 0.9426192763833271
67.2 0.9420721723684532
67.23 0.9416443533604016
67.25 0.9422418024352616
67.28 0.9432010880633395
67.3 0.9458160658110759
67.33 0.9478763977276232
67.35 0.94756785667344
67.38 0.9478663037988413
67.4 0.9476519247408136
67.42 0.9471655422057754
67.45 0.9455229651380859
67.48 0.9442501182416532
67.5 0.9431617738166673
67.53 0.9432467688688142
67.55 0.9426040478671374
67.58 0.9411755472928477
67.6 0.9379912003183175
67.62 0.9361559696627532
67.65 0.9348738271640386
67.67 0.933680609628485
67.7 0.933308421188641
67.73 0.9326241075476838
67.75 0.9290934363493435
67.78 0.9235091098644465
67.8 0.9175016157144118
67.83 0.9106744760938927
67.85 0.904516362051086
67.88 0.8980486923865258
67.9 0.8914486285073466
67.92 0.8851771577353076
67.95 0.8802820952764902
67.98 0.8749263016665054
68.0 0.8684713323128868
68.03 0.8628749864699233
68.05 0.8577352234366472
68.08 0.8520038526787103
68.1 0.8453454773967383
68.12 0.8374812246547971
68.15 0.8317424285486594
68.17 0.8270543210987382
68.2 0.8233793099214968
68.23 0.8201033660119889
68.25 0.8172676096725825
68.28 0.8168966290698114
68.3 0.8168005290960931
68.33 0.8173299158693075
68.35 0.8167453810642271
68.38 0.816122994184915
68.4 0.8147416025429185
68.42 0.8130395052107198
68.45 0.810000835631664
68.48 0.8063450364193435
68.5 0.803447304188634
68.53 0.8006825853518942
68.55 0.7975030747238562
68.58 0.7942424036189487
68.6 0.7915245048848002
68.62 0.7881994637095231
68.65 0.7855510174650538
68.67 0.7817846830894867
68.7 0.7774301236652869
68.73 0.7730261163409409
68.75 0.769286809246796
68.78 0.7655767565153065
68.8 0.7629672585034369
68.83 0.761703421649935
68.85 0.7593612072302443
68.88 0.7568200967848616
68.9 0.7543219665991353
68.92 0.753232491984728
68.95 0.7523946373544512
68.98 0.7503754937996371
69.0 0.7493838602522379
69.03 0.7483151058194331
69.05 0.7474015239586431
69.08 0.746138599786332
69.1 0.7437218999861369
69.12 0.7413022231568225
69.15 0.7387653993105688
69.17 0.735646736585877
69.2 0.7321104019281747
69.23 0.7286413670474574
69.25 0.7257987700732611
69.28 0.722777048753573
69.3 0.7198987364685431
69.33 0.7168339163152512
69.35 0.7132660635364945
69.38 0.7087599991110842
69.4 0.7042170403734409
69.42 0.6995441330591562
69.45 0.6949641441448947
69.48 0.6909701919920435
69.5 0.6865766621032285
69.53 0.6820980587896834
69.55 0.6767130676611846
69.58 0.67128466540672
69.6 0.6668652062964516
69.62 0.6642638601500723
69.65 0.6624710090818068
69.67 0.6608027001601007
69.7 0.6584905958806349
69.73 0.6572264415831884
69.75 0.6573594283930962
69.78 0.6578604470881769
69.8 0.6579533187324503
69.83 0.657645279148755
69.85 0.6576170543102982
69.88 0.6568399803947774
69.9 0.6549306516430357
69.92 0.6525533881873725
69.95 0.6507007326864581
69.98 0.6482649429771106
70.0 0.6450598777713051
70.03 0.6418552066913246
70.05 0.6388121806694071
70.08 0.6355292694723628
70.1 0.6333056797924926
70.12 0.6313427103404435
70.15 0.6297678731697792
70.17 0.6277618158050404
70.2 0.625919707438643
70.23 0.6248434525100366
70.25 0.6239332000419731
70.28 0.6235465749582757
70.3 0.6232055559257966
70.33 0.6230141684787841
70.35 0.6233982963581465
70.38 0.6241699073577737
70.4 0.6248263615620693
70.42 0.6256011883641792
70.45 0.6268911719391076
70.48 0.628420811781775
70.5 0.6304315236112339
70.53 0.6322360765246854
70.55 0.633712734433031
70.58 0.6359018044042271
70.6 0.6394709323013734
70.62 0.6444242987562689
70.65 0.6496040491735551
70.67 0.6543869827242446
70.7 0.6597328653491652
70.73 0.6657853119860109
70.75 0.6728352795833584
70.78 0.6792492452738061
70.8 0.6858151628740186
70.83 0.6917593321204524
70.85 0.6972399116880975
70.88 0.7020383413702226
70.9 0.704904964515886
70.92 0.7057201944554202
70.95 0.7068595111791723
70.98 0.706853636553555
71.0 0.7071932257272687
71.03 0.7074323426678616
71.05 0.7067814592755911
71.08 0.7066442339877615
71.1 0.7060500954723535
71.12 0.706210130399126
71.15 0.7069890514973728
71.17 0.7079346639624792
71.2 0.7099858547965872
71.23 0.7124302945064199
71.25 0.7163320900302678
71.28 0.7210077224521995
71.3 0.7261858911287399
71.33 0.7322070137425163
71.35 0.7383806087643255
71.38 0.7451260617420817
71.4 0.751331205767401
71.42 0.7577979576675197
71.45 0.7638582132518379
71.48 0.8188091155728877
71.5 0.8265391707677063
71.53 0.835008580362141
71.55 0.8433262163923825
71.58 0.8517814989947127
71.6 0.8606161742367436
71.62 0.869070702535534
71.65 0.8772505377638726
71.67 0.8855880191776565
71.7 0.8940049905678195
71.73 0.9011427744954559
71.75 0.9078402607018179
71.78 0.9136898430214303
71.8 0.9194608200834644
71.83 0.9240789628710829
71.85 0.9271109303722862
71.88 0.9286499903514244
71.9 0.9279961382608591
71.92 0.9272521436067762
71.95 0.9259952592851325
71.98 0.9252066131041046
72.0 0.9249351334996667
72.03 0.9232443167993375
72.05 0.9223855836658895
72.08 0.9211542060471553
72.1 0.9184048546824707
72.12 0.9160859633344883
72.15 0.9150470074531833
72.17 0.9132162592559713
72.2 0.9110143290406668
72.23 0.9090599534280102
72.25 0.9091989788192829
72.28 0.9081489834906857
72.3 0.9066278643515033
72.33 0.9044243396542835
72.35 0.9027747207795312
72.38 0.899758938681012
72.4 0.897156114284776
72.42 0.8936804340160509
72.45 0.8900523078638933
72.48 0.8865221105492765
72.5 0.8841393467922046
72.53 0.8841217170967253
72.55 0.8849203028828236
72.58 0.8854256500598292
72.6 0.8866213044626644
72.62 0.8855407450363498
72.65 0.8860163438405572
72.67 0.8876592447041115
72.7 0.889498156873558
72.73 0.8907841963570661
72.75 0.8921091605844887
72.78 0.8926347270220055
72.8 0.8918013533354019
72.83 0.8904412998018912
72.85 0.8883931104820554
72.88 0.8858128633382664
72.9 0.8843348814714087
72.92 0.8840994799647747
72.95 0.8849711011249262
72.98 0.8845782220576129
73.0 0.8846926714475256
73.03 0.8846897150334044
73.05 0.8839967392741042
73.08 0.8842858733507344
73.1 0.885084854782354
73.12 0.8864104196000002
73.15 0.8877313543857748
73.17 0.8892117303525389
73.2 0.8900826383402037
73.23 0.8903351836070232
73.25 0.8901659429257883
73.28 0.8910312548917158
73.3 0.8912672479109024
73.33 0.8905817006329217
73.35 0.8912667436233752
73.38 0.8920956601100479
73.4 0.8926533315912429
73.42 0.8939339698474196
73.45 0.8937953609807341
73.48 0.8931593347925767
73.5 0.8928404182693901
73.53 0.8915859675778505
73.55 0.889845520837534
73.58 0.8881444370676933
73.6 0.8875603361832571
73.62 0.8878881391369345
73.65 0.8878161821938395
73.67 0.8877075964340515
73.7 0.8871625054240945
73.73 0.8877128394558392
73.75 0.8864799835745211
73.78 0.8851929397752375
73.8 0.882915893631996
73.83 0.8813785261683662
73.85 0.8810169942581733
73.88 0.8796248150588092
73.9 0.8774433750374885
73.92 0.8734848811051789
73.95 0.8695660129737305
73.98 0.8660158762310972
74.0 0.8629443474524869
74.03 0.8619152482532914
74.05 0.860493464173653
74.08 0.8594853374114763
74.1 0.8587248670234735
74.12 0.8582731795992464
74.15 0.8569773508519603
74.17 0.8553189560964084
74.2 0.853892170778295
74.23 0.8541048491166839
74.25 0.8537007973736116
74.28 0.8535509657965284
74.3 0.8525411323484674
74.33 0.8506939820973569
74.35 0.8498442303587549
74.38 0.849668267333883
74.4 0.8488700588737372
74.42 0.8472690388940229
74.45 0.846590228599743
74.48 0.8473580712907061
74.5 0.8482752385736851
74.53 0.8473411887339268
74.55 0.8465656891767158
74.58 0.8462211575437779
74.6 0.8456949732359622
74.62 0.8450665789260275
74.65 0.8440832773011369
74.67 0.8426366113011713
74.7 0.8404444459665699
74.73 0.8376602201542722
74.75 0.8354822276327949
74.78 0.8325218614071109
74.8 0.8293956822456796
74.83 0.8276064926246801
74.85 0.8252665182550513
74.88 0.8232103977303867
74.9 0.8219199400098932
74.92 0.8205827027310816
74.95 0.819196194741934
74.98 0.8168335835798592
75.0 0.8149826295208833
75.03 0.8139337927455551
75.05 0.8130593479680562
75.08 0.8134262499131758
75.1 0.8135160167093316
75.12 0.8135125031490947
75.15 0.8127675145105915
75.17 0.8119286854916256
75.2 0.8119042654663847
75.23 0.8119354811297108
75.25 0.8119282010111252
75.28 0.8123010514137321
75.3 0.8123358644220645
75.33 0.8124273214982741
75.35 0.8116391339707264
75.38 0.8105600377784503
75.4 0.8100703446262558
75.42 0.8096786345952753
75.45 0.8087170818850546
75.48 0.8067502898596643
75.5 0.804585823938713
75.53 0.8023158587312437
75.55 0.8005711645466478
75.58 0.7987643036532178
75.6 0.7975806065990654
75.62 0.7966021942829847
75.65 0.7965031987280837
75.67 0.7967002195126087
75.7 0.7963101036051037
75.73 0.7961346939133396
75.75 0.7957353760065051
75.78 0.7954820326489015
75.8 0.7960621131091823
75.83 0.7961098297761393
75.85 0.795818696149516
75.88 0.7945552593686845
75.9 0.7927989238533909
75.92 0.791127834242828
75.95 0.7892980681831059
75.98 0.7875343162776216
76.0 0.7862629876486374
76.03 0.7849806881791859
76.05 0.7835462017784854
76.08 0.782772701252156
76.1 0.7827830195926873
76.12 0.7834361177901012
76.15 0.783712323219563
76.17 0.7836499147890821
76.2 0.7835775406975479
76.23 0.782838272957087
76.25 0.7814717785384379
76.28 0.7794618848680421
76.3 0.7772841101951902
76.33 0.7746350050702343
76.35 0.771457489026908
76.38 0.7674979934098307
76.4 0.763509935223459
76.42 0.7595620299994804
76.45 0.755156591583922
76.48 0.7506806615619724
76.5 0.7453949849983015
76.53 0.7404800276724819
76.55 0.7351707693337287
76.58 0.7295281383370146
76.6 0.7252779356841248
76.62 0.7221785467615555
76.65 0.7194321071346665
76.67 0.716757224191514
76.7 0.7140244459066486
76.73 0.7124522571460087
76.75 0.711731900341608
76.78 0.7110356916134162
76.8 0.7104043464880931
76.83 0.7104260412370649
76.85 0.7096520116658577
76.88 0.7087141871623526
76.9 0.7080896944008942
76.93 0.7074790425481493
76.95 0.7065862218447151
76.98 0.7432713110595074
77.0 0.7416707986977181
77.03 0.7408001101912912
77.05 0.7401364708120695
77.08 0.7397991214290801
77.1 0.7401825602493711
77.12 0.7407999809052388
77.15 0.7417947992475632
77.18 0.7439053308136059
77.2 0.7466465796419544
77.23 0.7492721164257058
77.25 0.7513252900353207
77.28 0.752602120641467
77.3 0.7539916876206151
77.33 0.7557275079389624
77.35 0.7570278023344418
77.38 0.7582243461107016
77.4 0.7592677598801164
77.43 0.7595053915901032
77.45 0.7593813651461245
77.48 0.7602191768775158
77.5 0.7607987105788748
77.53 0.7626248216050304
77.55 0.7657791464808594
77.58 0.7688493407579009
77.6 0.7722347025230158
77.62 0.7759755035155866
77.65 0.7798876940583102
77.68 0.7853242371829586
77.7 0.7906779832500055
77.73 0.7955606687794905
77.75 0.8002175879145835
77.78 0.804015817404015
77.8 0.8077356770139102
77.83 0.8117560879221839
77.85 0.815581079923071
77.88 0.8196595139906582
77.9 0.8241222967781662
77.93 0.8289003127126133
77.95 0.8327696702728987
77.98 0.8364853953218307
78.0 0.8402083314138881
78.03 0.8438352448869496
78.05 0.8480761337183279
78.08 0.8523841286593966
78.1 0.8565590001152092
78.12 0.8601375530743165
78.15 0.8630770557773895
78.18 0.8655551959950744
78.2 0.8687801466933162
78.23 0.8722321782240031
78.25 0.8756686593246469
78.28 0.8789685928887123
78.3 0.8828799501750767
78.33 0.8879235857518836
78.35 0.8931370614248952
78.38 0.8984093666992574
78.4 0.9033353297716578
78.43 0.908734372264167
78.45 0.9140773015113282
78.48 0.9199770370176334
78.5 0.9257625713787855
78.53 0.9308275702768555
78.55 0.9349864421203121
78.58 0.9385509323950432
78.6 0.9422300268537894
78.62 0.9450921092278924
78.65 0.9459782045421641
78.68 0.9469196435187018
78.7 0.9479777580700361
78.73 0.9485655221698525
78.75 0.9490704446825133
78.78 0.9491191316101057
78.8 0.9490397011469297
78.83 0.948566872391269
78.85 0.9480963021847989
78.88 0.9479008604115495
78.9 0.9469892361940133
78.93 0.9464469394228698
78.95 0.944994203032121
78.98 0.9437077526848147
79.0 0.942771777400108
79.03 0.9406903851019807
79.05 0.9377756950655541
79.08 0.934363359688531
79.1 0.9304582323206445
79.12 0.9263669149889177
79.15 0.9224299196462086
79.18 0.9203142012305209
79.2 0.9181169655816537
79.23 0.9151052985375085
79.25 0.9133804636302758
79.28 0.9129171387800995
79.3 0.9129821447678403
79.33 0.913535448126399
79.35 0.9147909081812557
79.38 0.9167082139925337
79.4 0.9178436305159333
79.43 0.9188970001263201
79.45 0.9201144691959209
79.48 0.922410374399781
79.5 0.9239263937565063
79.53 0.9251551910570044
79.55 0.9261287458393627
79.58 0.9282434182462457
79.6 0.9291320295997327
79.62 0.929918416126842
79.65 0.9296013112182019
79.68 0.9295281682091243
79.7 0.9289702001966138
79.73 0.9280438640574511
79.75 0.9276955847774019
79.78 0.9279277099051952
79.8 0.9290264018396532
79.83 0.9290145893715349
79.85 0.9288247008998894
79.88 0.927104041576637
79.9 0.9245928238258533
79.93 0.923348685215136
79.95 0.9215244147495357
79.98 0.9183860749518353
80.0 0.9147000848650092
80.03 0.912295870613488
80.05 0.9089602405583358
80.08 0.9051016871373397
80.1 0.901834892670948
80.12 0.8983260776227585
80.15 0.8942946510055808
80.18 0.8906971705243125
80.2 0.8870293196975083
80.23 0.8831345491608023
80.25 0.8796934961662393
80.28 0.8756398781845062
80.3 0.8723786424568458
80.33 0.8688208101583564
80.35 0.8644104272120231
80.38 0.8596108426913346
80.4 0.8557372016975247
80.43 0.853096895370248
80.45 0.8504603921224636
80.48 0.8474629217881944
80.5 0.8434020059305342
80.53 0.8402551538379293
80.55 0.8382994978330456
80.58 0.8365637736495705
80.6 0.8354274090952258
80.62 0.8353174928553024
80.65 0.833960409909544
80.68 0.8334228256615834
80.7 0.8338361781821246
80.73 0.8350555959417321
80.75 0.8380739224518029
80.78 0.8413932578191304
80.8 0.8437433054745506
80.83 0.8454852358058472
80.85 0.8482059576700077
80.88 0.850299045604259
80.9 0.8509304735878465
80.93 0.8508915837917373
80.95 0.851344378525325
80.98 0.8531025351971027
81.0 0.8539555475195655
81.03 0.8544971649977499
81.05 0.8538601455907486
81.08 0.8522916253098772
81.1 0.851201229725005
81.12 0.8501061715931164
81.15 0.8492005271838058
81.18 0.8481278056883396
81.2 0.8478251162440942
81.23 0.8482475730553573
81.25 0.8496190996600201
81.28 0.8489189162637061
81.3 0.8463417273612374
81.33 0.8420251341874967
81.35 0.8386396621837646
81.38 0.8339828429060449
81.4 0.8300819295046347
81.43 0.8270511011682724
81.45 0.8249175192567529
81.48 0.822691041729862
81.5 0.8201566197518284
81.53 0.8180716565835072
81.55 0.8167608962054574
81.58 0.8153951492017849
81.6 0.8136340803865356
81.62 0.8129731219943753
81.65 0.8117425674723316
81.68 0.8101758935876728
81.7 0.8089874852891451
81.73 0.8087591124054995
81.75 0.8084238355212996
81.78 0.8092038917045211
81.8 0.8101291247940289
81.83 0.8121137182280377
81.85 0.8137499477989222
81.88 0.8148530943413858
81.9 0.816253621273731
81.93 0.8184220374500206
81.95 0.8201491173509364
81.98 0.8213320498912561
82.0 0.8215708905835406
82.03 0.8213540367946637
82.05 0.8209603243219488
82.08 0.8207048287251627
82.1 0.8200856034361088
82.12 0.8190618895963517
82.15 0.8179465927563979
82.18 0.8168966045850047
82.2 0.8164944815479099
82.23 0.8156715569518325
82.25 0.8147971147249216
82.28 0.8140173544533881
82.3 0.8134638064565539
82.33 0.8122377140663614
82.35 0.8107638922474617
82.38 0.8086375368899024
82.4 0.8064642422857317
82.43 0.8043056696140797
82.45 0.80277065014164
82.48 0.8013292778142543
82.5 0.8005805046820678
82.53 0.8002147538868252
82.55 0.7996223290825151
82.58 0.7984640609617093
82.6 0.7977342745637427
82.62 0.7969732517398397
82.65 0.7963203288140325
82.68 0.7954336899181622
82.7 0.7949625242470879
82.73 0.7947681504256547
82.75 0.7935864051579459
82.78 0.7926067872420799
82.8 0.7916151664395195
82.83 0.7908243792632961
82.85 0.7902922631641912
82.88 0.7890785889356053
82.9 0.7873189261334609
82.93 0.7858075638881342
82.95 0.7840242889291124
82.98 0.781713973406503
83.0 0.7790146544840466
83.03 0.7764828190071329
83.05 0.7741189588520654
83.08 0.7715763195509809
83.1 0.7698531751840466
83.12 0.7686067989711705
83.15 0.7676411453999213
83.18 0.7674013236726599
83.2 0.7671697793946831
83.23 0.7661721732977851
83.25 0.7645096921069132
83.28 0.7630506870651046
83.3 0.7612818822943654
83.33 0.7596215025565763
83.35 0.7582977193556544
83.38 0.7573039747809843
83.4 0.8138877068945783
83.43 0.8128513763672387
83.45 0.8119800080713212
83.48 0.8104204900186656
83.5 0.808665994188748
83.53 0.807492895988756
83.55 0.8059896905074309
83.58 0.8053188538422337
83.6 0.8046976520982337
83.62 0.8033258009581586
83.65 0.801258127891856
83.68 0.7996211762436524
83.7 0.7981042661569722
83.73 0.7961023649569757
83.75 0.7942497951591202
83.78 0.7922297745826327
83.8 0.7907268666646542
83.83 0.7901151413329697
83.85 0.7888906739669235
83.88 0.7867711191491003
83.9 0.7835265350101922
83.93 0.7805159521041267
83.95 0.7775849855682198
83.98 0.7741462091078977
84.0 0.7710667816352463
84.03 0.7681739487613675
84.05 0.7662584363293129
84.08 0.7651034782819272
84.1 0.7646458279856677
84.12 0.7641868945820862
84.15 0.7640119921400145
84.18 0.7636762963281711
84.2 0.763636463004042
84.23 0.7635327165754979
84.25 0.7635883006710944
84.28 0.7637305107106386
84.3 0.7635433920953668
84.33 0.7643989381125761
84.35 0.7646239583984454
84.38 0.7647629674165495
84.4 0.7656625876887182
84.43 0.7662495429150415
84.45 0.7668304056459359
84.48 0.7666591928380992
84.5 0.76555105623561
84.53 0.7644572682909443
84.55 0.7642642003603224
84.58 0.7642461080186042
84.6 0.7639861765762104
84.62 0.7634488855545734
84.65 0.7628625320664125
84.68 0.7625319631665607
84.7 0.7626860753713085
84.73 0.7623582004825279
84.75 0.7621676361983272
84.78 0.7612911279961437
84.8 0.7596270148612231
84.83 0.7582052041203515
84.85 0.7571234994318793
84.88 0.7562617096831267
84.9 0.7557822639936056
84.93 0.7547619666209687
84.95 0.7530056004086754
84.98 0.7507206485218353
85.0 0.7478592602403583
85.03 0.7459665721558519
85.05 0.7444530240257666
85.08 0.7423615031218948
85.1 0.7400596115579284
85.12 0.7385834302620671
85.15 0.7379371317694395
85.18 0.7370202901001799
85.2 0.736297394857295
85.23 0.7361981668696764
85.25 0.7367491065225791
85.28 0.7382681324370821
85.3 0.7401066514719303
85.33 0.7411636946963247
85.35 0.742919997373289
85.38 0.7446929498715894
85.4 0.7464319483842602
85.43 0.7479034092614377
85.45 0.7494994505538132
85.48 0.7515591730138022
85.5 0.7535993308375375
85.53 0.7557810960619133
85.55 0.7575786905655927
85.58 0.7593900939609282
85.6 0.762152315798463
85.62 0.76494704920917
85.65 0.7681772178208053
85.68 0.7716198600160626
85.7 0.7754465840626366
85.73 0.778900107723595
85.75 0.7828075321348466
85.78 0.7867561598422542
85.8 0.7901737724175916
85.83 0.7932213779324883
85.85 0.7959223003365954
85.88 0.7986332462643073
85.9 0.8011478918373643
85.93 0.8042846730185941
85.95 0.8072032833910087
85.98 0.8103623286500682
86.0 0.8125973451776266
86.03 0.814707881384641
86.05 0.8165263649656614
86.08 0.8186221990856115
86.1 0.820907118712142
86.12 0.8235674022537802
86.15 0.8278769021896443
86.18 0.8318909768942336
86.2 0.8357154839552104
86.23 0.8383931285363574
86.25 0.8404332381169201
86.28 0.8421316257730354
86.3 0.8453291300526988
86.33 0.848805268118027
86.35 0.8521487006525827
86.38 0.8558213910974765
86.4 0.8593267431129517
86.43 0.8617410596503327
86.45 0.8645195468679531
86.48 0.8670594057181202
86.5 0.8679025319424569
86.53 0.8680253262960103
86.55 0.867709639999319
86.58 0.8677998612481082
86.6 0.8679116985829586
86.62 0.8677562261147233
86.65 0.8663345242378082
86.68 0.864543738492709
86.7 0.8629643678799034
86.73 0.86032588412458
86.75 0.8579640025376665
86.78 0.8562132033598338
86.8 0.8547802716802488
86.83 0.8529204894078526
86.85 0.8500699266769164
86.88 0.8484279763386121
86.9 0.8472300839810445
86.93 0.8450720901216522
86.95 0.8424751216031441
86.98 0.8410962901807782
87.0 0.8408609049144904
87.03 0.8421680033809658
87.05 0.843550681783796
87.08 0.8459022344694613
87.1 0.8492055900603044
87.12 0.8525426625167636
87.15 0.8557809942334235
87.18 0.8594511326401479
87.2 0.8637845584975978
87.23 0.8685597335878059
87.25 0.8726646383877383
87.28 0.876316912746808
87.3 0.8800394172263338
87.33 0.8837226571627725
87.35 0.8872416196490669
87.38 0.8904457093014636
87.4 0.8943247174138735
87.43 0.8978514059742597
87.45 0.901115596201084
87.48 0.9047022443139761
87.5 0.9091899681254486
87.53 0.9141607917480048
87.55 0.9185221975219761
87.58 0.9226084905220762
87.6 0.9273891525397459
87.62 0.9322761325838971
87.65 0.9364478878186231
87.68 0.9401242649825609
87.7 0.9438424803044533
87.73 0.9472725980319194
87.75 0.9504321256554719
87.78 0.9538515779746239
87.8 0.9564588009023585
87.83 0.9584507636465731
87.85 0.9593083777100002
87.88 0.9588237073229315
87.9 0.9588603773992456
87.93 0.9587817418947469
87.95 0.9579207583137023
87.98 0.9566949660171267
88.0 0.9559160133775311
88.03 0.9551790755066133
88.05 0.9546239547735569
88.08 0.9541495066447413
88.1 0.9537411111100704
88.12 0.9536458083601402
88.15 0.9538972584316973
88.18 0.95526066148354
88.2 0.9554775685310918
88.23 0.9547361267122506
88.25 0.9545177301110556
88.28 0.9548636660851849
88.3 0.9558110799694938
88.33 0.9575123638111708
88.35 0.9591191072026185
88.38 0.9591710835844314
88.4 0.9580765976812983
88.43 0.9575839977207355
88.45 0.9572731752160052
88.48 0.9570297054119241
88.5 0.9553549143917257
88.53 0.9534950924704824
88.55 0.9499990372922482
88.58 0.9469459359187858
88.6 0.9449299133784327
88.62 0.9435276008513418
88.65 0.9428626239776929
88.68 0.9427374980490167
88.7 0.9420562001583423
88.73 0.9421488965959687
88.75 0.9417043233082931
88.78 0.9412565599401722
88.8 0.9415715055791032
88.83 0.9432896736791093
88.85 0.944220473970701
88.88 0.9446471428904624
88.9 0.9449328070155325
88.93 0.9454041772433284
88.95 0.9452606108562785
88.98 0.944647256909843
89.0 0.9442125691815746
89.03 0.9433569067260182
89.05 0.9426530881132508
89.08 0.9420510256233978
89.1 0.9418172651365575
89.12 0.9416947133295113
89.15 0.940919101625799
89.18 0.9399561950853629
89.2 0.9387261517546782
89.23 0.9382247737780656
89.25 0.9379881069249517
89.28 0.9370865732795658
89.3 0.9352420121801697
89.33 0.9336083730534722
89.35 0.93226608245144
89.38 0.9322814427102183
89.4 0.932068256614552
89.43 0.9322180501933601
89.45 0.9323109841174091
89.48 0.9330423004745421
89.5 0.9337173058551543
89.53 0.9349172409940529
89.55 0.9368100839820982
89.58 0.9388746265356315
89.6 0.9403467473385442
89.62 0.9423525390383173
89.65 0.9442400254634647
89.68 0.946651357743762
89.7 0.949594361368472
89.73 0.952871217624909
89.75 0.9554138472996762
89.78 0.9565709626726275
89.8 0.9570235284537314
89.83 0.957864860726561
89.85 0.9589763812887735
89.88 0.9598060897939609
89.9 0.9608783489900439
89.93 0.9612228284193586
89.95 0.9614260954085033
89.98 0.9616607624743562
90.0 0.9616093959835734
90.03 0.9620300779928551
90.05 0.9621145065894108
90.08 0.9616587222041474
90.1 0.9614794392426483
90.12 0.9602815607063862
90.15 0.9586563410166218
90.18 0.9575538681195249
90.2 0.956904019295319
90.23 0.9565638082717304
90.25 0.9564739249555345
90.28 0.9563282800545745
90.3 0.9555847129142591
90.33 0.9538639301751584
90.35 0.950971287601893
90.38 0.9478676495008201
90.4 0.9434640225117548
90.43 0.9383731479588691
90.45 0.9340831280933969
90.48 0.9309914511967184
90.5 0.9277002076368122
90.53 0.9243531815958472
90.55 0.9206165163322677
90.58 0.9172369588431792
90.6 0.9144521317865123
90.62 0.9114075130544381
90.65 0.9087054226533388
90.68 0.9056728325584837
90.7 0.9036907965660314
90.73 0.9019161895610034
90.75 0.9000596618273532
90.78 0.8981679835370888
90.8 0.8963798998652388
90.83 0.8944567885418627
90.85 0.8934806805162159
90.88 0.8928511032789017
90.9 0.8923154746343455
90.93 0.8924700757703609
90.95 0.8926278687443807
90.98 0.9702236714582163
91.0 0.9705689944538152
91.03 0.9711927200583177
91.05 0.9714128253040951
91.08 0.9713062208443053
91.1 0.9709886580236394
91.12 0.9697656131374354
91.15 0.9685915217491857
91.18 0.9667935554688886
91.2 0.9654440804094397
91.23 0.9644368838400991
91.25 0.9628274391545278
91.28 0.9614524413198048
91.3 0.9595252996182089
91.33 0.9579175207411379
91.35 0.9563524298266857
91.38 0.9547768155004944
91.4 0.9536674634201832
91.43 0.95275753454312
91.45 0.9522629723224427
91.48 0.9524884931087167
91.5 0.9528638398575693
91.53 0.952968007189483
91.55 0.9524656322468235
91.58 0.9518424002508861
91.6 0.9512493217263347
91.62 0.9500751419529468
91.65 0.9485308090155715
91.68 0.9474820172662459
91.7 0.9467135029321944
91.73 0.9462753604236852
91.75 0.9460330786440851
91.78 0.9455224107201688
91.8 0.9448334799099103
91.83 0.9440231154167015
91.85 0.942938193105092
91.88 0.9414704537628337
91.9 0.9407116638948918
91.93 0.9404968059038878
91.95 0.9407967301924208
91.98 0.9406059969347611
92.0 0.940842389935525
92.03 0.9409486563102051
92.05 0.9408068105509797
92.08 0.9404330833203783
92.1 0.9398588543551905
92.12 0.9394690948974745
92.15 0.9397661905945136
92.18 0.9401540904900675
92.2 0.9395537234403347
92.23 0.9383550415376014
92.25 0.9367378326522616
92.28 0.9348917034889164
92.3 0.9327786024118937
92.33 0.9309668831020146
92.35 0.9291034058920786
92.38 0.9269793849380649
92.4 0.9255863743699975
92.43 0.9248784387824249
92.45 0.9243669228979783
92.48 0.9245752633313674
92.5 0.9249560540692319
92.53 0.9252924213254692
92.55 0.9258793798643368
92.58 0.9269448899864394
92.6 0.9283396208538754
92.62 0.9293908729384242
92.65 0.9301698230220333
92.68 0.9305254420267208
92.7 0.9312377430471618
92.73 0.9308341674283747
92.75 0.9305652172299871
92.78 0.930004938414027
92.8 0.9295973694492191
92.83 0.9300833317157183
92.85 0.930920134026169
92.88 0.9319953012569866
92.9 0.9329063932682793
92.93 0.933663631872301
92.95 0.9336607366359588
92.98 0.9338190986953733
93.0 0.9339311211574752
93.03 0.9336728110293825
93.05 0.9330992820495092
93.08 0.9326826892467505
93.1 0.9324265804035192
93.12 0.9327257314513373
93.15 0.9324842192634393
93.18 0.9320631051772904
93.2 0.9315596762879035
93.23 0.931338436117687
93.25 0.9308471858834025
93.28 0.93059793988628
93.3 0.9298252650835559
93.33 0.9287400437798076
93.35 0.9275327928500533
93.38 0.9257739215744807
93.4 0.9237293316795289
93.43 0.9215491491266706
93.45 0.9203128937183632
93.48 0.9189401709262304
93.5 0.9188492745899066
93.53 0.9193204195876779
93.55 0.9197287358343477
93.58 0.9203477297260985
93.6 0.9213839760759748
93.62 0.9218968760127063
93.65 0.9221273024773015
93.68 0.9221851570609138
93.7 0.9221105689757143
93.73 0.9226119134694047
93.75 0.9232476613823247
93.78 0.9244121603726765
93.8 0.926305582392167
93.83 0.9284293955847441
93.85 0.9310133901987712
93.88 0.9335569547966484
93.9 0.9360004277207695
93.93 0.9387299601791936
93.95 0.9413854600171356
93.98 0.9434440062950257
94.0 0.9452399738545032
94.03 0.947717800979136
94.05 0.9499816091183549
94.08 0.951780254301965
94.1 0.9534904989477068
94.12 0.9554920131576023
94.15 0.95756279779156
94.18 0.9598249594954527
94.2 0.961872779571761
94.23 0.9637558609233914
94.25 0.9653469003510252
94.28 0.9670891865981989
94.3 0.9694719699313631
94.33 0.9717886863174834
94.35 0.973666771918794
94.38 0.9751422969667081
94.4 0.9764359180761583
94.43 0.9775972334977479
94.45 0.9789709036955665
94.48 0.9801282654307073
94.5 0.9812069030853009
94.53 0.9814161353707698
94.55 0.9819094877158916
94.58 0.9830110326866306
94.6 0.9845118034142994
94.62 0.9856101093901551
94.65 0.9859584263722528
94.68 0.9863019145872338
94.7 0.9863095947054392
94.73 0.986801232966962
94.75 0.9874811391527349
94.78 0.9883973965207239
94.8 0.9892537073294229
94.83 0.9902986022258001
94.85 0.9923950796437693
94.88 0.9946250101388655
94.9 0.9962520768506195
94.93 0.9979382762107964
94.95 0.99967628607945
94.98 1.00124169282514
95.0 1.0027477791737238
95.03 1.0035033901886792
95.05 1.0036087526587327
95.08 1.0036129837283512
95.1 1.00400526793131
95.12 1.0051401863054814
95.15 1.0064614319533969
95.18 1.0077584398017563
95.2 1.0085697337411943
95.23 1.009707591848584
95.25 1.011180305653894
95.28 1.013078134098922
95.3 1.0145382318764653
95.33 1.0148716171942416
95.35 1.0157047517226465
95.38 1.0162049648962594
95.4 1.015493550604527
95.43 1.0150470585177533
95.45 1.0148694806311964
95.48 1.014374450305458
95.5 1.0144206179699296
95.53 1.0141713118059448
95.55 1.0132651293501251
95.58 1.0115758731163453
95.6 1.009033992489052
95.62 1.0064785062065982
95.65 1.0051938030436502
95.68 1.004160121323974
95.7 1.0030341621986683
95.73 1.0018336264452734
95.75 1.0007013255840587
95.78 1.0003055508177974
95.8 1.0001956631681466
95.83 1.0000633102822707
95.85 0.9989233212060689
95.88 0.9975093968001321
95.9 0.9971549119349009
95.93 0.9969962577741573
95.95 0.9971478425436524
95.98 0.9970253243884646
96.0 0.9960660628563331
96.03 0.9946423092041727
96.05 0.9926640848948852
96.08 0.990606291776834
96.1 0.9878649991734708
96.12 0.9847620350799412
96.15 0.9824217900533275
96.18 0.9798893994958487
96.2 0.9776386369162262
96.23 0.97549612911182
96.25 0.9727066835533553
96.28 0.9701537518550462
96.3 0.96816013400079
96.33 0.9663167104941295
96.35 0.9644518958926738
96.38 0.9627985334800773
96.4 0.9616162138171436
96.43 0.9604082323235277
96.45 0.959672639633831
96.48 0.9591435337504816
96.5 0.9582619203664097
96.53 0.9580690022338832
96.55 0.9579958908824642
96.58 0.9573418576620243
96.6 0.9562094486426785
96.62 0.9553727287149931
96.65 0.9550958368177446
96.68 0.9547214564921531
96.7 0.9545934598015688
96.73 0.9545017310534484
96.75 0.9542347559456907
96.78 0.9540146647125431
96.8 0.9535295619550339
96.83 0.9525579526394389
96.85 0.9525123715171614
96.88 0.952885406370531
96.9 0.9540547103135719
96.93 0.9565441668643324
96.95 0.9586393232683443
96.98 0.9604632480517938
97.0 0.9619155175396403
97.03 0.9631225449994655
97.05 0.9635588521303241
97.08 0.9644671347723116
97.1 0.9657828309093215
97.12 0.9669453345108399
97.15 0.9678143519099153
97.18 0.9687576676069007
97.2 0.9696043706013625
97.23 0.9701519317800603
97.25 0.9710354930747588
97.28 0.9719657821225484
97.3 0.9725530637675057
97.33 0.9729061833314518
97.35 0.9731346576441398
97.38 0.9735882261360738
97.4 0.9737863340996877
97.43 0.9740605453673921
97.45 0.9740951005886124
97.48 0.9738133022005634
97.5 0.9729118786231195
97.53 0.9718776831951886
97.55 0.971288221709709
97.58 0.970206114062727
97.6 0.9694309261261833
97.62 0.9682671450618281
97.65 0.9668108770438432
97.68 0.9658789532766316
97.7 0.964371505852226
97.73 0.9625533401924727
97.75 0.9609462939699381
97.78 0.9594640588424183
97.8 0.9581686054811938
97.83 0.9572275289338682
97.85 0.9559555179555299
97.88 0.9555439762240094
97.9 0.9557524992448521
97.93 0.9561835036377706
97.95 0.9570357029756309
97.98 0.958426893467783
98.0 0.9592771208320934
98.03 0.9603408440574809
98.05 0.9614649423942222
98.08 0.9626610515299999
98.1 0.9639316427098762
98.12 0.9659048414580143
98.15 0.967467195421533
98.18 0.9686702013759969
98.2 0.9700387546444598
98.23 0.9709251229645034
98.25 0.9720333233718088
98.28 0.9735662021147791
98.3 0.9749607219991455
98.33 0.9763813022310348
98.35 0.9776839435111955
98.38 0.9784641784899659
98.4 0.9789857507189842
98.43 0.9800697599400903
98.45 0.9818426782079251
98.48 0.9832855263633088
98.5 0.984335220903154
98.53 0.985084211197461
98.55 0.9864480403479016
98.58 0.9878849032257561
98.6 0.9890681067811101
98.62 0.9900236948149842
98.65 0.990944998890564
98.68 0.9921582531035974
98.7 0.9930857184332392
98.73 0.9939087656304662
98.75 0.9948199255662604
98.78 0.9951616765323935
98.8 0.9955895738444258
98.83 0.9956978828858729
98.85 0.994757947733226
98.88 0.9937058868453638
98.9 0.9921040732377797
98.93 0.9907138979080837
98.95 0.9897381489260517
98.98 0.9888784870723457
99.0 0.9880037051734661
99.03 0.9869714355482797
99.05 0.9860268569361352
99.08 0.9857328789254518
99.1 0.9855711963705941
99.12 0.985473008691624
99.15 0.9858659533928454
99.18 0.9863717489242827
99.2 0.9869929347624972
99.23 0.9872032455045112
99.25 0.9874610440521123
99.28 0.9879849087156477
99.3 0.9886064310842579
99.33 0.989340208091703
99.35 0.9904684258239871
99.38 0.991001885439679
99.4 0.9918228786078866
99.43 0.9919803656818739
99.45 0.991653763001995
99.48 0.9917953375065403
99.5 0.9915822104564472
99.53 0.9913962218822286
99.55 0.9907634608428407
99.58 0.9900284419057376
99.6 0.9891493554665816
99.62 0.9878601291796858
99.65 0.9868213936778792
99.68 0.985977441352912
99.7 0.9851554802134058
99.73 0.9851579734523691
99.75 0.9857745422552135
99.78 0.9858226750783055
99.8 0.9851774738723945
99.83 0.984682011664057
99.85 0.983634764925733
99.88 0.9830535741072065
99.9 0.9828994532687196
99.93 0.9828964380057038
99.95 0.9823940148096075
99.98 0.9816971791083101
